#!ascii label  , from subject S2_Demo vox2ras=TkReg
1429
117128  -52.170  22.642  -8.943 0.0000000000
136162  -49.710  44.115  -7.182 0.0000000000
134331  -50.582  42.062  0.541 0.0000000000
127151  -59.499  33.686  -1.434 0.0000000000
133553  -56.079  40.120  -9.969 0.0000000000
134408  -54.690  41.745  -3.790 0.0000000000
128926  -58.147  36.263  -6.473 0.0000000000
126416  -52.731  32.871  -4.880 0.0000000000
121639  -48.812  28.033  4.151 0.0000000000
118089  -48.786  23.882  -4.594 0.0000000000
136224  -38.567  44.272  -11.366 0.0000000000
134465  -49.755  41.291  -11.535 0.0000000000
129029  -54.665  35.150  -14.399 0.0000000000
124731  -52.478  30.455  -3.374 0.0000000000
135200  -48.950  42.827  -1.325 0.0000000000
134391  -54.630  40.874  -1.750 0.0000000000
122775  -55.908  28.490  -8.522 0.0000000000
123853  -48.295  28.615  -9.588 0.0000000000
121728  -44.784  27.684  -5.798 0.0000000000
116051  -52.252  21.705  -10.259 0.0000000000
130036  -57.682  36.007  -10.805 0.0000000000
131022  -57.849  37.625  -8.423 0.0000000000
128938  -57.608  35.670  -8.541 0.0000000000
129953  -56.487  36.481  -6.443 0.0000000000
118982  -49.699  24.447  0.417 0.0000000000
119923  -47.080  25.676  -1.713 0.0000000000
140235  -35.684  48.408  -10.426 0.0000000000
131968  -52.790  38.451  -13.071 0.0000000000
126374  -50.318  32.111  -0.873 0.0000000000
129867  -51.742  36.836  -2.625 0.0000000000
135266  -44.073  42.731  -5.421 0.0000000000
135272  -50.105  42.553  -4.656 0.0000000000
131862  -57.438  38.388  -2.305 0.0000000000
137844  -55.562  45.463  0.141 0.0000000000
131844  -57.301  37.869  -0.741 0.0000000000
126379  -56.135  32.228  -1.078 0.0000000000
124750  -58.767  29.923  -4.581 0.0000000000
123858  -54.063  29.100  -9.990 0.0000000000
124759  -56.390  30.479  -5.929 0.0000000000
125628  -48.504  31.237  -6.284 0.0000000000
136206  -53.756  42.974  -8.974 0.0000000000
137890  -54.278  45.199  -6.032 0.0000000000
132722  -54.300  39.657  -6.276 0.0000000000
131877  -56.741  38.422  -5.304 0.0000000000
129913  -59.297  35.971  -3.568 0.0000000000
126390  -57.483  32.636  -3.032 0.0000000000
128888  -57.228  35.373  -3.752 0.0000000000
129907  -53.304  36.378  -4.715 0.0000000000
119867  -51.849  26.176  1.879 0.0000000000
117033  -52.439  22.684  -2.012 0.0000000000
117102  -50.647  23.043  -6.988 0.0000000000
137908  -36.152  45.604  -7.624 0.0000000000
136151  -39.242  43.463  -7.664 0.0000000000
136178  -43.384  43.335  -8.282 0.0000000000
135304  -49.582  42.567  -9.198 0.0000000000
134469  -53.458  41.132  -11.257 0.0000000000
131086  -55.886  37.176  -11.831 0.0000000000
128046  -56.416  33.971  -13.063 0.0000000000
127268  -54.360  33.387  -15.285 0.0000000000
123752  -48.299  29.538  -3.165 0.0000000000
121731  -49.394  27.536  -5.830 0.0000000000
120822  -50.127  26.646  -8.571 0.0000000000
136929  -49.822  44.346  3.186 0.0000000000
136991  -52.847  44.928  -1.942 0.0000000000
137807  -52.292  45.807  2.591 0.0000000000
135219  -52.181  42.023  -2.070 0.0000000000
128850  -54.202  35.429  -1.731 0.0000000000
123796  -54.241  29.391  -5.812 0.0000000000
120836  -50.529  26.242  -10.412 0.0000000000
119086  -49.923  24.588  -10.604 0.0000000000
119071  -48.531  24.002  -9.223 0.0000000000
119063  -46.915  24.512  -7.276 0.0000000000
125632  -52.607  31.414  -6.646 0.0000000000
122784  -45.915  28.620  -8.327 0.0000000000
119050  -46.129  24.491  -5.788 0.0000000000
117118  -53.431  22.378  -7.845 0.0000000000
117130  -54.311  22.300  -8.779 0.0000000000
117140  -52.678  22.231  -9.824 0.0000000000
128001  -57.270  34.659  -10.880 0.0000000000
128959  -57.774  35.730  -9.844 0.0000000000
127995  -56.991  35.094  -10.155 0.0000000000
128937  -56.753  35.689  -8.930 0.0000000000
133521  -50.320  39.941  -2.513 0.0000000000
136115  -46.724  43.316  -6.122 0.0000000000
130912  -58.561  37.151  -1.412 0.0000000000
131851  -57.635  38.411  -1.249 0.0000000000
128837  -58.720  35.385  -0.597 0.0000000000
126381  -58.252  32.010  -1.270 0.0000000000
125569  -59.208  31.659  -2.072 0.0000000000
124760  -57.467  30.356  -5.710 0.0000000000
125592  -57.839  31.297  -3.755 0.0000000000
134437  -54.330  41.479  -9.184 0.0000000000
134434  -53.772  41.661  -8.142 0.0000000000
132737  -55.526  39.737  -8.589 0.0000000000
129970  -58.282  36.558  -7.179 0.0000000000
131889  -57.733  37.934  -6.903 0.0000000000
130961  -58.431  37.337  -5.729 0.0000000000
130943  -58.592  37.174  -4.659 0.0000000000
129937  -58.585  36.641  -5.055 0.0000000000
128889  -58.327  35.363  -3.765 0.0000000000
128906  -57.904  35.866  -4.649 0.0000000000
129934  -55.454  36.843  -5.736 0.0000000000
118047  -49.409  23.547  -1.796 0.0000000000
118034  -51.066  23.631  -0.498 0.0000000000
117043  -50.400  22.630  -3.287 0.0000000000
117075  -51.697  22.314  -4.817 0.0000000000
117087  -49.718  23.115  -5.436 0.0000000000
137937  -36.384  45.664  -11.402 0.0000000000
137075  -36.346  44.799  -10.231 0.0000000000
136196  -38.429  43.661  -9.724 0.0000000000
136153  -41.088  43.475  -7.931 0.0000000000
136198  -40.550  43.400  -9.617 0.0000000000
134448  -47.158  41.730  -11.104 0.0000000000
135301  -46.636  42.453  -9.488 0.0000000000
134451  -49.953  41.521  -10.636 0.0000000000
134442  -51.269  41.954  -9.769 0.0000000000
134467  -51.621  41.126  -11.462 0.0000000000
130048  -54.103  36.430  -13.058 0.0000000000
131084  -54.349  37.502  -12.497 0.0000000000
128993  -54.980  35.783  -12.910 0.0000000000
128995  -56.632  35.464  -12.263 0.0000000000
128045  -55.834  34.269  -13.533 0.0000000000
127254  -55.075  33.526  -14.333 0.0000000000
128061  -55.019  34.403  -14.728 0.0000000000
127913  -46.757  34.481  -0.434 0.0000000000
126351  -45.430  32.483  -0.401 0.0000000000
125546  -46.917  31.721  -0.921 0.0000000000
124711  -47.434  29.903  -2.358 0.0000000000
125559  -48.593  31.417  -1.510 0.0000000000
125578  -51.412  31.172  -1.921 0.0000000000
124729  -50.285  30.239  -3.718 0.0000000000
123793  -50.852  29.232  -5.423 0.0000000000
121740  -50.022  27.661  -6.628 0.0000000000
122747  -51.966  28.887  -6.211 0.0000000000
135186  -46.667  42.735  -0.226 0.0000000000
136027  -47.458  43.688  1.813 0.0000000000
136037  -48.591  43.913  0.850 0.0000000000
136097  -54.799  43.853  -4.321 0.0000000000
137022  -53.449  44.992  -4.586 0.0000000000
137861  -55.092  45.393  -2.853 0.0000000000
136054  -55.571  43.583  0.067 0.0000000000
138661  -54.031  46.654  1.859 0.0000000000
136964  -53.716  45.097  0.579 0.0000000000
136962  -52.235  44.542  1.205 0.0000000000
135220  -53.274  42.016  -2.090 0.0000000000
131858  -53.466  38.726  -2.818 0.0000000000
131859  -54.527  38.798  -2.444 0.0000000000
123798  -56.694  29.439  -5.731 0.0000000000
124747  -55.169  30.005  -4.025 0.0000000000
122758  -54.336  28.627  -7.404 0.0000000000
121771  -51.993  28.100  -9.253 0.0000000000
121784  -51.853  27.955  -10.184 0.0000000000
119984  -50.187  25.753  -10.681 0.0000000000
122827  -51.724  27.882  -11.063 0.0000000000
123855  -50.607  28.834  -10.113 0.0000000000
121780  -49.088  27.364  -10.949 0.0000000000
122812  -47.977  27.968  -10.080 0.0000000000
118125  -47.858  23.636  -8.268 0.0000000000
120827  -47.434  26.527  -8.719 0.0000000000
126402  -54.762  32.844  -3.759 0.0000000000
125602  -55.013  31.685  -4.849 0.0000000000
126431  -53.190  32.130  -5.275 0.0000000000
123807  -44.748  29.481  -7.260 0.0000000000
124783  -46.705  29.890  -7.547 0.0000000000
122753  -45.138  28.426  -7.087 0.0000000000
120812  -46.280  26.374  -6.650 0.0000000000
120805  -45.422  26.471  -5.539 0.0000000000
119049  -45.281  24.470  -5.219 0.0000000000
117035  -54.252  22.971  -1.956 0.0000000000
115011  -51.639  20.962  -9.836 0.0000000000
131955  -57.120  37.936  -10.635 0.0000000000
131918  -57.342  38.328  -8.864 0.0000000000
131042  -57.864  36.828  -9.765 0.0000000000
129983  -58.247  36.211  -8.247 0.0000000000
128932  -58.093  36.028  -7.419 0.0000000000
128925  -57.848  36.123  -6.771 0.0000000000
128930  -57.110  35.968  -7.983 0.0000000000
119883  -49.588  25.311  1.614 0.0000000000
119904  -48.286  24.938  0.854 0.0000000000
119038  -48.009  24.711  -3.107 0.0000000000
138733  -36.979  46.639  -12.563 0.0000000000
133570  -51.673  40.447  -12.690 0.0000000000
130063  -53.363  36.475  -13.855 0.0000000000
129042  -54.076  35.425  -15.637 0.0000000000
127128  -49.229  33.450  -0.529 0.0000000000
127930  -51.419  34.617  -1.609 0.0000000000
127146  -52.482  33.550  -1.176 0.0000000000
135215  -49.189  42.374  -2.455 0.0000000000
133531  -55.929  40.493  -2.926 0.0000000000
137003  -55.553  44.673  -2.183 0.0000000000
135222  -56.745  42.000  -1.474 0.0000000000
134346  -56.597  41.675  -0.133 0.0000000000
132697  -55.966  39.458  -1.306 0.0000000000
130909  -55.845  37.396  -1.556 0.0000000000
128835  -56.986  34.792  -0.643 0.0000000000
124720  -57.856  30.454  -2.876 0.0000000000
122761  -57.102  28.760  -7.601 0.0000000000
122805  -55.030  28.911  -9.809 0.0000000000
123846  -57.113  29.230  -8.622 0.0000000000
124804  -54.617  29.738  -8.521 0.0000000000
124790  -53.884  30.418  -7.888 0.0000000000
126436  -50.333  32.105  -6.243 0.0000000000
135156  -50.967  42.815  3.080 0.0000000000
136186  -52.111  44.121  -8.469 0.0000000000
137047  -51.735  44.622  -7.136 0.0000000000
137050  -54.199  44.706  -7.477 0.0000000000
135273  -53.685  42.680  -5.837 0.0000000000
133538  -53.814  40.561  -4.904 0.0000000000
131903  -56.654  38.595  -7.496 0.0000000000
131887  -55.928  38.699  -5.910 0.0000000000
132715  -55.190  39.399  -4.493 0.0000000000
131869  -56.611  38.569  -4.191 0.0000000000
130931  -58.658  37.144  -3.632 0.0000000000
129890  -59.374  35.930  -2.649 0.0000000000
126391  -58.706  32.316  -2.961 0.0000000000
127949  -58.881  34.341  -2.788 0.0000000000
127947  -57.032  34.295  -3.012 0.0000000000
127946  -55.923  34.481  -3.050 0.0000000000
129935  -56.535  36.333  -5.428 0.0000000000
129887  -55.983  36.068  -3.955 0.0000000000
118962  -51.002  24.981  0.986 0.0000000000
118985  -52.458  24.263  0.325 0.0000000000
118036  -53.266  23.699  -0.414 0.0000000000
117062  -52.892  22.410  -3.764 0.0000000000
117090  -52.599  22.405  -5.764 0.0000000000
117116  -51.228  22.893  -7.968 0.0000000000
136105  -37.607  43.858  -5.332 0.0000000000
136149  -36.840  43.866  -7.884 0.0000000000
136107  -39.369  43.403  -5.699 0.0000000000
136109  -41.166  43.404  -6.080 0.0000000000
136133  -43.770  43.613  -6.594 0.0000000000
136159  -46.422  44.024  -7.310 0.0000000000
136216  -41.330  43.264  -10.575 0.0000000000
135285  -44.081  42.876  -9.016 0.0000000000
135288  -46.867  42.896  -8.638 0.0000000000
136184  -49.290  43.674  -7.923 0.0000000000
136203  -51.462  43.399  -8.794 0.0000000000
135323  -53.375  42.052  -10.052 0.0000000000
133555  -55.127  40.673  -10.702 0.0000000000
133571  -53.063  40.223  -12.164 0.0000000000
132769  -54.664  39.510  -11.684 0.0000000000
131954  -56.556  38.761  -10.902 0.0000000000
130034  -56.751  36.338  -11.752 0.0000000000
128996  -57.146  34.810  -11.898 0.0000000000
127224  -55.227  33.399  -12.976 0.0000000000
127239  -54.643  33.259  -13.885 0.0000000000
129054  -54.454  34.683  -16.011 0.0000000000
121704  -47.223  27.614  -2.937 0.0000000000
120799  -48.033  26.489  -4.500 0.0000000000
124713  -49.752  30.655  -2.830 0.0000000000
122737  -48.983  28.522  -4.887 0.0000000000
120807  -48.729  26.444  -5.874 0.0000000000
119955  -48.955  25.415  -6.880 0.0000000000
119072  -49.584  24.983  -7.878 0.0000000000
118127  -50.564  23.610  -8.844 0.0000000000
136029  -51.242  43.110  1.783 0.0000000000
136118  -51.684  43.693  -5.198 0.0000000000
136083  -51.936  43.754  -3.351 0.0000000000
136062  -50.955  43.938  -1.447 0.0000000000
138688  -54.451  46.252  -0.856 0.0000000000
137831  -52.261  45.782  0.237 0.0000000000
136974  -50.027  44.443  0.120 0.0000000000
137794  -51.318  45.316  2.961 0.0000000000
136040  -51.554  43.884  1.128 0.0000000000
135202  -50.891  42.390  -0.856 0.0000000000
132703  -51.718  39.529  -2.836 0.0000000000
128867  -52.805  36.193  -2.448 0.0000000000
125563  -53.102  31.735  -1.293 0.0000000000
126378  -55.077  32.415  -1.162 0.0000000000
124717  -54.133  30.715  -2.511 0.0000000000
124745  -53.012  30.171  -4.170 0.0000000000
121751  -51.961  28.263  -7.834 0.0000000000
120829  -50.278  26.213  -9.461 0.0000000000
118136  -50.694  23.250  -9.590 0.0000000000
118143  -50.639  23.005  -9.930 0.0000000000
117149  -51.067  22.470  -10.017 0.0000000000
116059  -50.369  21.973  -9.339 0.0000000000
122825  -50.884  27.862  -11.348 0.0000000000
119085  -49.378  24.936  -10.278 0.0000000000
117126  -49.433  22.156  -8.421 0.0000000000
117113  -48.731  22.115  -7.602 0.0000000000
117101  -48.386  21.807  -6.936 0.0000000000
125603  -56.049  31.333  -4.557 0.0000000000
125634  -54.411  31.111  -6.396 0.0000000000
124788  -51.954  30.439  -7.837 0.0000000000
125630  -50.744  31.403  -6.789 0.0000000000
124785  -48.438  30.110  -7.613 0.0000000000
123837  -47.442  28.894  -8.985 0.0000000000
120819  -46.696  26.323  -7.479 0.0000000000
119056  -46.545  24.529  -6.542 0.0000000000
117129  -53.202  22.327  -8.887 0.0000000000
117141  -54.019  22.109  -9.463 0.0000000000
117139  -51.787  22.692  -9.575 0.0000000000
128011  -56.851  34.094  -11.347 0.0000000000
127996  -57.200  35.023  -10.364 0.0000000000
128000  -56.742  34.710  -10.610 0.0000000000
133515  -49.941  40.375  -1.893 0.0000000000
134364  -50.008  40.969  -1.273 0.0000000000
136137  -47.582  43.506  -6.647 0.0000000000
135276  -48.028  43.067  -6.429 0.0000000000
137045  -50.157  44.037  -6.683 0.0000000000
128855  -59.378  35.190  -1.288 0.0000000000
129855  -59.011  36.326  -0.945 0.0000000000
128838  -59.204  34.995  -0.780 0.0000000000
126362  -59.328  32.919  -0.807 0.0000000000
126383  -59.487  32.882  -1.421 0.0000000000
125593  -58.951  30.867  -3.610 0.0000000000
126392  -59.264  32.123  -2.320 0.0000000000
133552  -55.433  40.435  -9.687 0.0000000000
133547  -54.608  40.611  -8.714 0.0000000000
132747  -55.801  39.930  -9.205 0.0000000000
130982  -58.268  37.357  -6.843 0.0000000000
129955  -58.456  36.687  -6.136 0.0000000000
128921  -58.283  36.299  -5.385 0.0000000000
121656  -49.401  27.512  3.645 0.0000000000
118077  -48.753  23.869  -3.588 0.0000000000
118064  -49.669  23.156  -2.971 0.0000000000
118078  -49.426  23.324  -4.172 0.0000000000
117073  -49.855  22.840  -4.909 0.0000000000
118090  -49.343  23.421  -5.035 0.0000000000
137938  -37.072  45.379  -11.901 0.0000000000
137085  -37.075  44.749  -11.417 0.0000000000
136213  -38.238  44.111  -10.719 0.0000000000
136197  -39.528  43.563  -9.642 0.0000000000
136214  -39.264  43.746  -10.577 0.0000000000
134463  -47.858  41.614  -11.832 0.0000000000
134449  -48.044  41.626  -10.916 0.0000000000
134450  -48.988  41.548  -10.763 0.0000000000
134466  -50.645  41.188  -11.368 0.0000000000
130064  -54.014  35.977  -13.568 0.0000000000
129013  -54.666  35.522  -13.585 0.0000000000
129014  -55.509  35.092  -13.290 0.0000000000
129030  -55.267  34.707  -14.012 0.0000000000
128062  -55.465  33.969  -14.248 0.0000000000
128833  -47.288  35.508  -0.758 0.0000000000
127914  -47.714  34.411  -0.545 0.0000000000
127126  -47.169  33.459  -0.351 0.0000000000
126353  -47.577  32.533  -0.553 0.0000000000
125547  -47.950  31.801  -0.899 0.0000000000
124715  -51.938  30.705  -2.597 0.0000000000
124730  -51.430  30.498  -3.527 0.0000000000
124744  -51.963  30.176  -4.209 0.0000000000
122746  -51.123  28.861  -6.122 0.0000000000
123777  -52.434  29.813  -4.996 0.0000000000
134362  -48.156  42.154  -1.796 0.0000000000
135199  -47.861  42.521  -0.974 0.0000000000
136046  -48.145  43.394  0.142 0.0000000000
136047  -48.781  43.548  -0.214 0.0000000000
137023  -54.910  44.896  -4.243 0.0000000000
136084  -55.101  43.535  -3.799 0.0000000000
135206  -55.116  42.350  -0.985 0.0000000000
136053  -54.593  43.790  -0.507 0.0000000000
136065  -54.526  43.045  -0.946 0.0000000000
136064  -53.697  43.326  -1.121 0.0000000000
135205  -53.958  42.588  -1.501 0.0000000000
134390  -53.759  41.190  -2.321 0.0000000000
133525  -54.281  40.400  -2.326 0.0000000000
122760  -56.539  28.533  -7.617 0.0000000000
123813  -56.090  29.006  -6.743 0.0000000000
122774  -54.777  28.461  -8.420 0.0000000000
122788  -53.863  28.551  -9.174 0.0000000000
121793  -51.703  27.793  -10.821 0.0000000000
122789  -55.004  28.541  -9.371 0.0000000000
123840  -51.068  29.541  -9.245 0.0000000000
122801  -48.900  28.260  -10.178 0.0000000000
122800  -48.135  28.268  -9.918 0.0000000000
121768  -47.628  27.556  -9.673 0.0000000000
123852  -47.810  28.509  -9.518 0.0000000000
127184  -53.982  33.049  -4.118 0.0000000000
126418  -54.419  32.342  -4.401 0.0000000000
126417  -53.546  32.612  -4.607 0.0000000000
122752  -44.653  28.696  -6.735 0.0000000000
122768  -44.883  28.860  -7.433 0.0000000000
121736  -45.115  28.162  -6.585 0.0000000000
121729  -45.521  27.184  -6.015 0.0000000000
120798  -44.990  26.150  -4.978 0.0000000000
120804  -44.813  26.785  -5.194 0.0000000000
117063  -53.866  22.572  -3.681 0.0000000000
115013  -53.324  20.981  -9.338 0.0000000000
115012  -52.565  20.935  -9.666 0.0000000000
130016  -57.645  36.686  -10.623 0.0000000000
131058  -57.572  37.185  -10.398 0.0000000000
130017  -57.771  36.378  -10.301 0.0000000000
128947  -58.000  35.677  -8.939 0.0000000000
129997  -58.096  36.194  -9.329 0.0000000000
128939  -58.040  35.747  -8.143 0.0000000000
128931  -57.767  35.875  -7.662 0.0000000000
129982  -56.389  36.247  -8.250 0.0000000000
119881  -47.798  25.411  1.452 0.0000000000
119029  -48.072  24.424  -2.050 0.0000000000
119028  -47.563  25.066  -2.297 0.0000000000
139521  -36.395  47.518  -12.354 0.0000000000
130062  -52.719  36.914  -14.199 0.0000000000
130077  -53.448  36.091  -15.146 0.0000000000
131128  -52.396  37.164  -15.453 0.0000000000
129866  -50.865  36.798  -2.377 0.0000000000
128864  -50.683  36.053  -2.128 0.0000000000
128865  -51.424  36.063  -2.274 0.0000000000
127145  -51.689  33.849  -1.279 0.0000000000
128848  -51.925  35.355  -1.988 0.0000000000
135265  -43.121  42.903  -5.356 0.0000000000
135233  -49.846  42.487  -3.227 0.0000000000
132712  -56.371  39.993  -2.539 0.0000000000
133527  -56.408  40.947  -2.415 0.0000000000
133528  -56.797  40.479  -1.954 0.0000000000
131845  -57.602  38.075  -0.838 0.0000000000
132698  -56.782  39.649  -1.312 0.0000000000
131850  -56.966  38.672  -0.907 0.0000000000
134369  -56.229  41.012  -0.598 0.0000000000
130910  -56.673  37.613  -0.997 0.0000000000
129843  -57.440  36.560  -0.640 0.0000000000
124702  -58.375  30.852  -2.370 0.0000000000
125567  -57.729  31.436  -1.762 0.0000000000
123764  -58.283  29.665  -4.391 0.0000000000
123799  -57.563  29.577  -5.736 0.0000000000
123782  -58.297  29.626  -4.953 0.0000000000
122777  -57.254  28.948  -8.131 0.0000000000
123800  -58.284  29.865  -5.430 0.0000000000
124793  -56.737  29.936  -7.461 0.0000000000
124792  -55.865  30.029  -7.614 0.0000000000
124803  -53.639  29.980  -8.683 0.0000000000
136187  -53.143  44.160  -8.787 0.0000000000
137057  -52.904  44.757  -8.171 0.0000000000
137059  -54.153  44.152  -8.289 0.0000000000
133540  -53.676  40.490  -6.736 0.0000000000
135279  -53.581  42.511  -6.820 0.0000000000
134430  -53.491  41.619  -6.232 0.0000000000
134422  -53.612  41.814  -5.194 0.0000000000
132721  -53.776  40.104  -5.789 0.0000000000
131917  -56.757  38.751  -8.474 0.0000000000
131904  -57.450  38.196  -7.950 0.0000000000
131878  -57.712  37.997  -5.785 0.0000000000
131888  -56.849  38.436  -6.373 0.0000000000
131876  -55.831  38.771  -4.862 0.0000000000
131868  -55.938  39.098  -3.903 0.0000000000
131870  -57.405  38.041  -4.675 0.0000000000
129912  -58.990  36.550  -4.122 0.0000000000
130942  -57.999  37.600  -4.114 0.0000000000
129889  -59.063  36.530  -3.131 0.0000000000
128891  -59.239  35.484  -3.061 0.0000000000
128871  -59.155  34.899  -2.730 0.0000000000
128908  -59.153  35.628  -3.621 0.0000000000
127964  -58.105  34.833  -3.207 0.0000000000
128870  -57.047  34.874  -3.239 0.0000000000
129954  -57.296  36.260  -6.111 0.0000000000
129908  -54.557  36.604  -4.597 0.0000000000
129909  -55.775  36.381  -4.681 0.0000000000
118961  -50.089  24.833  1.078 0.0000000000
118983  -50.559  24.473  0.489 0.0000000000
118049  -51.757  22.999  -1.270 0.0000000000
118022  -51.685  23.899  0.071 0.0000000000
118035  -52.252  23.601  -0.384 0.0000000000
119004  -52.764  23.925  -0.099 0.0000000000
118050  -52.802  23.155  -1.190 0.0000000000
117034  -53.393  22.804  -1.959 0.0000000000
117045  -52.134  22.514  -2.908 0.0000000000
117089  -51.497  22.391  -5.845 0.0000000000
117103  -51.405  22.622  -6.896 0.0000000000
117104  -52.467  22.440  -6.822 0.0000000000
138709  -36.534  46.234  -6.898 0.0000000000
137887  -36.639  45.521  -5.449 0.0000000000
137035  -36.732  44.885  -5.841 0.0000000000
137028  -37.033  44.438  -5.136 0.0000000000
137036  -37.191  44.299  -6.114 0.0000000000
140236  -35.840  48.701  -9.908 0.0000000000
139515  -35.623  47.455  -10.035 0.0000000000
136172  -37.589  43.596  -8.782 0.0000000000
137067  -36.157  44.737  -9.354 0.0000000000
136150  -37.985  43.564  -7.551 0.0000000000
136128  -38.770  43.526  -6.595 0.0000000000
136129  -39.814  43.407  -6.768 0.0000000000
136108  -40.284  43.466  -6.013 0.0000000000
136155  -42.668  43.599  -7.516 0.0000000000
136132  -42.836  43.617  -6.641 0.0000000000
136156  -43.573  43.563  -7.404 0.0000000000
136158  -45.450  44.003  -7.335 0.0000000000
136217  -42.238  43.054  -10.383 0.0000000000
135298  -43.911  42.682  -10.002 0.0000000000
135302  -47.576  42.428  -9.358 0.0000000000
135289  -47.851  42.921  -8.566 0.0000000000
135290  -48.888  43.031  -8.529 0.0000000000
135292  -50.517  43.416  -8.610 0.0000000000
135305  -50.711  42.801  -9.082 0.0000000000
134454  -52.972  41.643  -10.629 0.0000000000
135322  -52.555  42.083  -9.974 0.0000000000
134455  -53.831  41.521  -10.675 0.0000000000
135324  -54.110  41.847  -10.080 0.0000000000
134470  -54.195  40.999  -11.185 0.0000000000
132780  -52.688  39.510  -12.864 0.0000000000
131085  -55.384  37.503  -11.953 0.0000000000
131970  -54.627  38.616  -11.902 0.0000000000
131971  -55.257  38.174  -11.761 0.0000000000
132770  -55.624  39.693  -11.244 0.0000000000
131071  -56.280  37.467  -11.557 0.0000000000
129015  -56.189  34.750  -12.878 0.0000000000
128026  -56.762  34.410  -12.462 0.0000000000
127227  -57.012  33.835  -12.131 0.0000000000
127226  -56.671  33.803  -12.398 0.0000000000
127241  -56.273  33.662  -12.905 0.0000000000
127269  -54.751  33.506  -14.760 0.0000000000
127253  -54.543  33.322  -14.560 0.0000000000
126467  -53.961  33.123  -14.323 0.0000000000
126489  -54.020  33.034  -14.995 0.0000000000
123744  -46.507  29.281  -1.989 0.0000000000
123751  -47.668  29.304  -2.919 0.0000000000
122722  -47.098  28.457  -2.705 0.0000000000
122728  -47.586  28.417  -3.294 0.0000000000
121711  -47.744  27.532  -3.820 0.0000000000
121712  -48.169  28.001  -4.204 0.0000000000
126355  -49.778  32.684  -0.628 0.0000000000
126373  -49.335  31.974  -0.902 0.0000000000
125560  -49.784  31.650  -1.518 0.0000000000
123792  -50.155  29.044  -5.231 0.0000000000
123774  -49.651  29.228  -4.762 0.0000000000
122744  -49.583  28.489  -5.310 0.0000000000
121730  -48.734  26.985  -5.415 0.0000000000
120813  -48.827  26.138  -6.515 0.0000000000
120808  -49.216  26.706  -6.370 0.0000000000
121749  -50.375  27.430  -7.692 0.0000000000
121748  -49.657  26.876  -7.382 0.0000000000
119967  -49.650  25.426  -8.270 0.0000000000
119073  -50.005  24.485  -8.311 0.0000000000
120828  -49.849  26.002  -8.701 0.0000000000
136936  -48.858  44.333  2.418 0.0000000000
136020  -50.897  43.702  3.274 0.0000000000
137898  -53.310  45.324  -6.586 0.0000000000
137039  -51.534  44.251  -6.302 0.0000000000
137888  -53.109  45.227  -5.950 0.0000000000
137012  -53.393  44.954  -3.599 0.0000000000
137011  -52.699  44.290  -3.465 0.0000000000
137001  -52.409  44.293  -2.523 0.0000000000
136074  -51.752  43.835  -2.624 0.0000000000
136990  -52.293  44.651  -1.658 0.0000000000
136992  -56.192  44.407  -0.714 0.0000000000
137853  -55.168  45.697  -1.240 0.0000000000
138682  -55.161  46.232  0.151 0.0000000000
138650  -53.359  46.287  2.281 0.0000000000
138670  -52.895  46.284  0.489 0.0000000000
138659  -52.385  46.243  1.528 0.0000000000
137840  -51.192  45.279  -0.017 0.0000000000
137819  -51.540  45.779  1.590 0.0000000000
136949  -50.339  45.162  1.641 0.0000000000
136051  -52.442  43.877  -0.287 0.0000000000
136950  -52.192  44.622  2.049 0.0000000000
136050  -51.756  43.630  0.223 0.0000000000
135177  -51.318  43.209  0.370 0.0000000000
135203  -51.552  42.405  -1.495 0.0000000000
134366  -51.249  41.831  -1.854 0.0000000000
135218  -51.586  41.914  -1.938 0.0000000000
129851  -53.907  36.327  -2.208 0.0000000000
130920  -53.044  37.791  -2.873 0.0000000000
129850  -53.205  36.367  -2.446 0.0000000000
127932  -53.348  34.449  -1.509 0.0000000000
127147  -53.574  33.423  -1.184 0.0000000000
127149  -56.100  33.219  -0.806 0.0000000000
127934  -55.654  34.282  -1.099 0.0000000000
125565  -55.416  31.613  -1.429 0.0000000000
123779  -54.799  29.700  -4.839 0.0000000000
124733  -54.702  30.381  -3.317 0.0000000000
124746  -54.127  30.169  -4.131 0.0000000000
124732  -53.562  30.462  -3.322 0.0000000000
123778  -53.577  29.838  -5.019 0.0000000000
123795  -52.909  29.278  -5.983 0.0000000000
123810  -53.114  28.870  -6.616 0.0000000000
121770  -51.267  27.558  -9.697 0.0000000000
121760  -51.248  27.772  -8.658 0.0000000000
119976  -50.258  25.269  -9.978 0.0000000000
119081  -50.336  24.297  -9.385 0.0000000000
118144  -51.084  22.779  -9.868 0.0000000000
119087  -50.314  24.137  -10.167 0.0000000000
119993  -50.463  26.542  -11.233 0.0000000000
118142  -50.256  23.425  -10.145 0.0000000000
117148  -50.394  22.675  -9.754 0.0000000000
118135  -49.639  23.125  -9.989 0.0000000000
123869  -53.319  28.939  -10.286 0.0000000000
122818  -52.978  28.716  -10.302 0.0000000000
123868  -52.569  28.817  -10.314 0.0000000000
120835  -48.429  26.328  -10.091 0.0000000000
119982  -48.904  25.682  -10.229 0.0000000000
119080  -48.707  24.642  -9.711 0.0000000000
118134  -48.878  23.372  -9.543 0.0000000000
117137  -48.978  22.921  -9.233 0.0000000000
117125  -48.660  22.806  -8.729 0.0000000000
118126  -48.306  23.532  -8.882 0.0000000000
119064  -47.493  24.505  -7.953 0.0000000000
117112  -47.884  22.832  -7.977 0.0000000000
118119  -47.207  23.480  -7.489 0.0000000000
117100  -47.588  22.376  -6.675 0.0000000000
118110  -46.864  23.175  -6.775 0.0000000000
126405  -58.435  31.701  -3.338 0.0000000000
125591  -56.519  31.711  -3.884 0.0000000000
125617  -53.745  31.543  -5.782 0.0000000000
125618  -54.680  31.347  -5.601 0.0000000000
125633  -53.497  31.326  -6.558 0.0000000000
125641  -53.224  30.978  -7.263 0.0000000000
125640  -52.304  30.927  -7.219 0.0000000000
126435  -49.843  32.093  -6.141 0.0000000000
125629  -49.667  31.527  -6.377 0.0000000000
123822  -46.640  29.458  -8.041 0.0000000000
124784  -47.317  30.007  -7.592 0.0000000000
123823  -47.861  29.521  -8.242 0.0000000000
123836  -46.477  28.989  -8.644 0.0000000000
122785  -46.472  28.539  -8.689 0.0000000000
121746  -46.045  27.937  -7.944 0.0000000000
119953  -46.291  25.389  -6.201 0.0000000000
118109  -46.453  23.551  -6.202 0.0000000000
117105  -53.590  22.468  -6.771 0.0000000000
117106  -54.721  22.545  -6.673 0.0000000000
117131  -55.226  22.245  -8.731 0.0000000000
128975  -57.531  35.300  -11.124 0.0000000000
128976  -57.679  35.761  -10.526 0.0000000000
128958  -57.474  35.289  -10.401 0.0000000000
128946  -57.369  35.426  -9.644 0.0000000000
128945  -56.662  35.327  -9.916 0.0000000000
131855  -50.537  38.521  -2.638 0.0000000000
132702  -50.780  39.411  -2.682 0.0000000000
136114  -45.904  43.520  -5.904 0.0000000000
135269  -47.376  42.676  -5.789 0.0000000000
136116  -50.036  42.846  -5.539 0.0000000000
130923  -58.019  37.756  -1.835 0.0000000000
131861  -57.243  39.113  -1.582 0.0000000000
130911  -58.129  37.800  -0.941 0.0000000000
129844  -58.227  36.436  -0.555 0.0000000000
127919  -58.298  34.367  -0.513 0.0000000000
127135  -58.889  33.503  -0.444 0.0000000000
125568  -58.954  31.316  -2.028 0.0000000000
124721  -58.872  30.612  -2.979 0.0000000000
124749  -58.685  30.209  -4.676 0.0000000000
125605  -58.373  30.639  -4.206 0.0000000000
124748  -57.942  30.517  -4.907 0.0000000000
125620  -56.775  30.714  -5.088 0.0000000000
135282  -54.020  43.074  -8.283 0.0000000000
134436  -54.062  41.598  -8.652 0.0000000000
133543  -53.877  40.923  -7.875 0.0000000000
132728  -54.707  39.577  -7.202 0.0000000000
131003  -58.327  37.057  -7.862 0.0000000000
131002  -57.985  37.632  -7.510 0.0000000000
131879  -58.119  37.691  -6.397 0.0000000000
130960  -58.061  37.603  -5.024 0.0000000000
128907  -58.848  35.879  -4.277 0.0000000000
119866  -50.941  26.086  1.957 0.0000000000
118033  -49.926  23.640  -0.895 0.0000000000
119002  -50.250  24.075  -0.114 0.0000000000
118048  -50.562  22.993  -1.838 0.0000000000
117044  -51.083  22.498  -2.917 0.0000000000
117061  -51.887  22.364  -3.832 0.0000000000
117060  -50.933  22.387  -3.936 0.0000000000
117074  -50.698  22.474  -4.895 0.0000000000
117088  -50.338  22.774  -5.940 0.0000000000
138715  -36.458  46.649  -7.697 0.0000000000
138729  -35.796  46.625  -11.244 0.0000000000
138726  -35.616  46.676  -10.464 0.0000000000
137084  -36.538  44.936  -10.881 0.0000000000
137076  -36.940  44.369  -10.596 0.0000000000
136173  -38.761  43.520  -8.673 0.0000000000
136152  -40.287  43.404  -7.770 0.0000000000
136174  -39.863  43.430  -8.670 0.0000000000
136175  -40.817  43.407  -8.683 0.0000000000
136177  -42.506  43.427  -8.440 0.0000000000
135334  -46.379  41.981  -11.403 0.0000000000
135299  -44.808  42.500  -9.803 0.0000000000
135318  -46.453  42.114  -10.403 0.0000000000
135320  -48.271  41.921  -10.035 0.0000000000
134440  -49.248  41.892  -9.893 0.0000000000
134441  -50.268  41.950  -9.794 0.0000000000
134452  -50.941  41.469  -10.525 0.0000000000
134468  -52.587  41.208  -11.250 0.0000000000
131083  -53.269  37.331  -13.094 0.0000000000
131969  -53.586  38.502  -12.553 0.0000000000
130049  -55.085  36.562  -12.469 0.0000000000
130050  -56.018  36.615  -12.105 0.0000000000
128994  -55.770  35.695  -12.652 0.0000000000
127240  -55.672  33.653  -13.444 0.0000000000
128078  -55.171  33.941  -14.964 0.0000000000
129841  -46.671  36.524  -0.783 0.0000000000
128832  -46.305  35.504  -0.583 0.0000000000
127912  -45.822  34.520  -0.307 0.0000000000
127125  -46.162  33.486  -0.302 0.0000000000
124699  -46.768  30.207  -1.854 0.0000000000
125558  -47.385  31.177  -1.487 0.0000000000
124700  -47.867  30.618  -1.951 0.0000000000
124712  -48.523  30.278  -2.621 0.0000000000
125561  -50.863  31.635  -1.309 0.0000000000
125577  -50.333  31.251  -2.133 0.0000000000
124714  -50.868  30.896  -2.861 0.0000000000
123775  -50.531  29.567  -4.707 0.0000000000
122745  -50.252  28.487  -5.819 0.0000000000
121732  -50.030  28.018  -6.251 0.0000000000
122754  -50.597  28.221  -6.676 0.0000000000
122770  -51.081  28.236  -7.338 0.0000000000
135175  -46.966  43.227  0.368 0.0000000000
136036  -47.670  43.533  0.830 0.0000000000
136947  -49.015  44.427  1.807 0.0000000000
137032  -54.501  44.649  -5.290 0.0000000000
137031  -53.448  45.151  -5.356 0.0000000000
137880  -54.348  45.244  -4.989 0.0000000000
137869  -53.976  45.534  -3.720 0.0000000000
137859  -53.846  45.540  -2.695 0.0000000000
136980  -55.694  44.472  0.131 0.0000000000
138663  -55.001  46.056  1.594 0.0000000000
137833  -54.681  45.473  0.985 0.0000000000
137821  -53.989  45.584  1.532 0.0000000000
137820  -53.361  45.512  1.777 0.0000000000
136951  -52.790  45.180  1.711 0.0000000000
136977  -53.261  44.525  -0.050 0.0000000000
136063  -52.885  43.434  -0.962 0.0000000000
135204  -52.784  42.768  -1.561 0.0000000000
134389  -52.650  41.302  -2.477 0.0000000000
133524  -53.264  40.464  -2.704 0.0000000000
130921  -54.001  37.897  -2.542 0.0000000000
129870  -54.333  37.133  -2.312 0.0000000000
123762  -56.813  29.785  -3.782 0.0000000000
125582  -55.927  30.988  -1.963 0.0000000000
123780  -56.277  29.640  -4.499 0.0000000000
123797  -55.510  29.465  -5.748 0.0000000000
122757  -53.319  28.650  -7.179 0.0000000000
122773  -53.633  28.544  -8.123 0.0000000000
121782  -50.904  26.711  -10.636 0.0000000000
121783  -51.264  27.255  -10.695 0.0000000000
120846  -51.166  27.102  -11.237 0.0000000000
120853  -50.846  27.008  -11.448 0.0000000000
123856  -51.874  29.151  -9.990 0.0000000000
123866  -51.029  28.429  -10.676 0.0000000000
122802  -49.728  28.403  -10.444 0.0000000000
121779  -48.375  27.437  -10.365 0.0000000000
119975  -48.397  25.696  -9.653 0.0000000000
119070  -48.098  24.564  -8.841 0.0000000000
119974  -48.015  25.691  -9.038 0.0000000000
119966  -47.616  25.484  -8.332 0.0000000000
120820  -47.276  26.161  -7.981 0.0000000000
126403  -55.788  32.486  -3.442 0.0000000000
126419  -55.369  32.047  -4.103 0.0000000000
125601  -54.044  31.867  -5.033 0.0000000000
125616  -52.880  31.742  -5.968 0.0000000000
124771  -46.586  30.259  -6.997 0.0000000000
124772  -47.869  30.518  -6.891 0.0000000000
123808  -45.822  29.685  -7.427 0.0000000000
123820  -44.985  29.030  -7.790 0.0000000000
122769  -45.407  28.581  -7.712 0.0000000000
121737  -45.717  27.569  -6.870 0.0000000000
120811  -45.825  26.759  -6.173 0.0000000000
119948  -45.789  25.402  -5.563 0.0000000000
119947  -45.206  25.471  -5.147 0.0000000000
119044  -44.914  24.946  -4.945 0.0000000000
118037  -54.303  23.643  -0.540 0.0000000000
131941  -56.774  39.006  -9.999 0.0000000000
131930  -56.736  38.934  -9.254 0.0000000000
131931  -57.177  38.453  -9.569 0.0000000000
131041  -57.638  37.656  -9.456 0.0000000000
131023  -58.160  36.916  -8.867 0.0000000000
129969  -57.257  36.263  -7.085 0.0000000000
120721  -48.989  26.857  3.190 0.0000000000
120737  -48.561  26.187  2.748 0.0000000000
119882  -48.672  25.288  1.575 0.0000000000
118981  -48.808  24.472  0.267 0.0000000000
119903  -47.473  25.272  0.607 0.0000000000
118980  -47.949  24.688  0.016 0.0000000000
118032  -49.042  23.849  -1.025 0.0000000000
118046  -48.652  23.990  -1.628 0.0000000000
118063  -48.708  23.885  -2.519 0.0000000000
119045  -48.329  24.628  -4.188 0.0000000000
140239  -35.678  48.306  -11.195 0.0000000000
139519  -35.844  47.482  -11.643 0.0000000000
137941  -36.800  45.944  -12.128 0.0000000000
137942  -37.597  45.731  -12.435 0.0000000000
134480  -50.555  40.962  -12.172 0.0000000000
131082  -52.698  37.888  -13.315 0.0000000000
131098  -53.009  37.004  -13.463 0.0000000000
129012  -54.107  35.690  -13.994 0.0000000000
129028  -53.993  35.563  -14.691 0.0000000000
127929  -50.609  34.718  -1.580 0.0000000000
126356  -50.761  32.758  -0.711 0.0000000000
126357  -51.629  32.842  -0.777 0.0000000000
125562  -51.953  31.632  -1.148 0.0000000000
125579  -52.494  31.088  -1.777 0.0000000000
134386  -48.537  41.984  -2.589 0.0000000000
134363  -48.709  42.292  -2.048 0.0000000000
135237  -55.603  42.383  -3.103 0.0000000000
136085  -55.463  43.728  -3.186 0.0000000000
135221  -56.260  42.741  -2.226 0.0000000000
136075  -56.199  43.675  -1.596 0.0000000000
136993  -56.453  43.921  -0.484 0.0000000000
133519  -57.180  40.532  -0.988 0.0000000000
134347  -57.134  41.593  -0.278 0.0000000000
136055  -56.237  43.377  0.028 0.0000000000
135193  -55.980  42.562  -0.020 0.0000000000
135207  -55.932  41.777  -0.486 0.0000000000
134368  -55.329  41.349  -1.171 0.0000000000
132706  -55.032  39.675  -1.863 0.0000000000
131849  -56.043  38.378  -1.428 0.0000000000
128852  -56.569  35.338  -0.941 0.0000000000
127132  -56.575  33.031  -0.697 0.0000000000
126360  -57.620  32.612  -0.719 0.0000000000
126380  -57.145  32.071  -1.155 0.0000000000
125583  -57.162  30.872  -2.118 0.0000000000
124735  -57.291  30.021  -3.400 0.0000000000
123814  -56.988  28.989  -6.713 0.0000000000
122790  -56.051  28.832  -9.293 0.0000000000
123860  -55.795  29.035  -9.598 0.0000000000
123859  -55.175  29.106  -9.752 0.0000000000
124794  -57.181  29.685  -7.150 0.0000000000
123827  -56.556  29.538  -8.245 0.0000000000
123843  -54.396  29.387  -9.322 0.0000000000
124809  -52.984  29.695  -9.480 0.0000000000
124802  -52.675  30.027  -8.881 0.0000000000
124801  -51.534  29.998  -8.517 0.0000000000
126429  -51.645  32.631  -5.776 0.0000000000
126428  -50.784  32.729  -5.858 0.0000000000
125615  -49.587  32.072  -6.084 0.0000000000
125614  -49.048  32.003  -5.951 0.0000000000
125627  -47.310  31.053  -6.243 0.0000000000
124770  -45.306  30.366  -6.664 0.0000000000
123791  -44.238  29.338  -6.578 0.0000000000
122743  -44.153  28.742  -6.015 0.0000000000
136163  -50.515  44.345  -7.454 0.0000000000
137046  -50.661  44.481  -6.960 0.0000000000
137056  -51.868  44.598  -7.840 0.0000000000
137048  -52.797  45.046  -7.347 0.0000000000
137900  -54.210  45.123  -6.871 0.0000000000
136165  -54.151  43.630  -7.839 0.0000000000
136143  -54.117  43.892  -6.852 0.0000000000
137041  -54.329  44.610  -6.401 0.0000000000
135274  -53.855  42.870  -5.322 0.0000000000
135256  -54.111  42.634  -4.666 0.0000000000
133535  -54.227  40.759  -4.368 0.0000000000
132738  -56.252  39.419  -8.907 0.0000000000
132730  -56.167  39.143  -8.241 0.0000000000
132729  -55.608  39.225  -7.581 0.0000000000
131902  -56.019  38.704  -6.811 0.0000000000
132723  -55.238  39.107  -6.562 0.0000000000
132719  -55.027  39.148  -5.519 0.0000000000
132714  -54.888  40.063  -4.154 0.0000000000
132710  -55.215  40.121  -3.800 0.0000000000
131864  -56.070  39.321  -3.481 0.0000000000
131865  -56.566  39.081  -2.929 0.0000000000
131866  -57.319  38.220  -3.539 0.0000000000
130930  -57.945  37.644  -2.987 0.0000000000
130924  -58.563  37.125  -2.504 0.0000000000
129871  -58.996  36.486  -2.041 0.0000000000
127936  -59.447  34.518  -1.609 0.0000000000
127163  -59.413  33.213  -2.157 0.0000000000
127950  -59.373  34.270  -2.174 0.0000000000
127162  -58.829  33.187  -2.709 0.0000000000
127161  -57.789  33.333  -2.856 0.0000000000
127965  -58.599  35.005  -3.227 0.0000000000
127948  -58.012  34.125  -2.806 0.0000000000
127160  -56.680  33.565  -2.961 0.0000000000
127174  -55.257  33.506  -3.251 0.0000000000
127173  -54.202  33.821  -3.719 0.0000000000
128920  -57.891  36.122  -5.776 0.0000000000
129936  -57.342  36.123  -5.173 0.0000000000
129911  -57.367  35.907  -4.678 0.0000000000
129910  -56.768  35.960  -4.483 0.0000000000
129888  -56.518  35.729  -3.934 0.0000000000
119865  -50.017  25.902  2.102 0.0000000000
119884  -50.513  25.445  1.546 0.0000000000
119885  -51.466  25.560  1.495 0.0000000000
119003  -50.907  24.105  0.098 0.0000000000
118984  -51.409  24.377  0.456 0.0000000000
118963  -51.979  24.902  1.062 0.0000000000
118023  -53.405  24.017  -0.000 0.0000000000
118024  -53.820  23.918  -0.020 0.0000000000
118051  -53.769  23.246  -1.224 0.0000000000
117047  -54.048  22.706  -2.745 0.0000000000
117077  -53.764  22.511  -4.664 0.0000000000
117076  -52.738  22.331  -4.740 0.0000000000
117091  -53.694  22.487  -5.698 0.0000000000
117117  -52.329  22.531  -7.899 0.0000000000
117127  -51.456  22.874  -8.895 0.0000000000
137907  -35.925  45.765  -7.984 0.0000000000
137932  -35.690  45.913  -10.125 0.0000000000
137066  -35.843  45.139  -8.716 0.0000000000
137919  -35.966  45.303  -8.052 0.0000000000
137044  -37.213  43.938  -6.960 0.0000000000
136106  -38.413  43.532  -5.583 0.0000000000
135244  -39.446  42.654  -4.818 0.0000000000
135262  -40.445  43.048  -5.487 0.0000000000
135263  -41.311  42.994  -5.466 0.0000000000
136111  -43.000  43.475  -5.883 0.0000000000
136130  -40.912  43.479  -6.977 0.0000000000
136112  -43.940  43.418  -5.919 0.0000000000
136135  -45.680  44.017  -6.560 0.0000000000
136136  -46.613  43.843  -6.636 0.0000000000
136161  -48.448  43.775  -7.271 0.0000000000
136226  -40.006  43.908  -11.354 0.0000000000
136215  -40.301  43.552  -10.589 0.0000000000
136200  -42.343  43.160  -9.381 0.0000000000
136179  -44.284  43.323  -8.163 0.0000000000
135300  -45.724  42.482  -9.642 0.0000000000
135286  -44.991  42.796  -8.845 0.0000000000
136180  -45.213  43.457  -8.098 0.0000000000
136182  -47.127  43.428  -7.906 0.0000000000
136183  -48.153  43.474  -7.881 0.0000000000
136185  -50.687  44.026  -8.153 0.0000000000
136204  -52.514  43.403  -9.037 0.0000000000
135306  -51.921  42.524  -9.462 0.0000000000
135307  -52.919  42.667  -9.527 0.0000000000
135308  -53.599  42.473  -9.473 0.0000000000
135309  -54.040  42.079  -9.410 0.0000000000
134444  -54.635  41.139  -9.887 0.0000000000
133556  -55.459  40.534  -10.369 0.0000000000
134481  -51.126  40.984  -11.957 0.0000000000
133559  -52.412  40.735  -11.855 0.0000000000
133560  -53.090  40.711  -11.649 0.0000000000
132781  -53.859  39.553  -12.059 0.0000000000
132768  -54.164  39.819  -11.841 0.0000000000
133561  -53.924  40.317  -11.727 0.0000000000
133562  -54.881  40.462  -11.224 0.0000000000
133563  -55.568  40.349  -10.866 0.0000000000
132758  -56.324  39.684  -10.289 0.0000000000
131072  -57.072  37.599  -10.970 0.0000000000
130035  -57.435  36.527  -11.110 0.0000000000
128974  -57.143  35.652  -11.629 0.0000000000
128012  -57.150  34.299  -11.625 0.0000000000
127215  -56.967  33.792  -11.893 0.0000000000
129043  -54.586  34.914  -15.193 0.0000000000
128077  -54.737  34.147  -15.428 0.0000000000
120778  -46.497  26.681  -1.738 0.0000000000
123750  -46.941  29.229  -2.496 0.0000000000
120786  -47.278  26.626  -3.100 0.0000000000
119935  -47.599  25.692  -3.387 0.0000000000
119942  -47.863  25.898  -4.073 0.0000000000
119943  -48.112  25.533  -4.682 0.0000000000
126372  -48.787  31.880  -0.911 0.0000000000
125575  -48.712  30.887  -2.065 0.0000000000
124727  -48.661  29.781  -3.220 0.0000000000
123760  -49.468  29.628  -4.064 0.0000000000
122736  -48.509  28.499  -4.336 0.0000000000
121721  -48.488  27.500  -4.774 0.0000000000
120800  -48.365  26.430  -5.147 0.0000000000
119051  -48.509  24.593  -5.278 0.0000000000
119052  -48.833  24.074  -5.720 0.0000000000
118111  -49.574  23.829  -6.817 0.0000000000
118112  -50.217  23.508  -7.181 0.0000000000
120814  -49.221  26.354  -7.078 0.0000000000
119962  -49.320  25.511  -7.587 0.0000000000
119066  -49.923  24.131  -7.764 0.0000000000
118121  -50.407  23.600  -7.946 0.0000000000
118122  -50.913  23.139  -8.585 0.0000000000
135155  -50.600  43.180  3.390 0.0000000000
135166  -51.197  42.716  2.319 0.0000000000
135165  -51.097  42.656  1.657 0.0000000000
137038  -50.506  44.020  -6.425 0.0000000000
136117  -50.585  42.918  -5.099 0.0000000000
137021  -52.804  44.404  -4.396 0.0000000000
136096  -52.162  43.822  -4.254 0.0000000000
136095  -51.236  43.152  -4.110 0.0000000000
135234  -50.621  42.888  -3.090 0.0000000000
135217  -50.484  43.111  -2.445 0.0000000000
136071  -50.018  43.366  -1.553 0.0000000000
137852  -54.286  45.949  -1.750 0.0000000000
137851  -53.503  45.627  -1.598 0.0000000000
138671  -53.842  46.751  0.805 0.0000000000
138679  -53.028  46.123  -0.327 0.0000000000
137850  -52.716  45.335  -1.286 0.0000000000
136989  -51.573  44.461  -1.251 0.0000000000
136988  -50.947  44.330  -0.903 0.0000000000
136048  -49.468  43.976  -0.172 0.0000000000
136960  -49.792  44.463  0.845 0.0000000000
136948  -49.730  44.755  1.819 0.0000000000
136930  -50.598  44.811  3.230 0.0000000000
136940  -52.520  45.342  2.392 0.0000000000
136939  -52.042  44.868  2.916 0.0000000000
136931  -51.436  44.861  3.243 0.0000000000
136030  -51.536  43.863  2.201 0.0000000000
135176  -50.983  42.910  1.066 0.0000000000
134345  -50.479  41.894  -0.395 0.0000000000
134365  -50.604  41.510  -1.553 0.0000000000
133522  -50.865  40.450  -2.571 0.0000000000
131856  -51.437  38.575  -2.818 0.0000000000
133523  -52.102  40.474  -2.718 0.0000000000
131857  -52.421  38.647  -2.931 0.0000000000
128866  -52.273  36.109  -2.402 0.0000000000
127931  -52.320  34.552  -1.575 0.0000000000
126376  -52.507  32.574  -0.901 0.0000000000
124716  -53.018  30.709  -2.507 0.0000000000
130922  -55.088  37.870  -2.131 0.0000000000
129852  -55.058  36.550  -1.926 0.0000000000
127933  -54.496  34.347  -1.383 0.0000000000
125581  -54.746  31.061  -1.855 0.0000000000
125564  -54.278  31.711  -1.411 0.0000000000
125580  -53.607  31.101  -1.797 0.0000000000
122771  -51.838  28.368  -7.388 0.0000000000
121750  -51.387  28.105  -7.902 0.0000000000
121761  -52.009  28.177  -8.341 0.0000000000
119968  -50.046  25.260  -9.054 0.0000000000
118128  -51.064  23.023  -9.069 0.0000000000
118137  -51.297  22.756  -9.702 0.0000000000
117150  -51.669  22.469  -10.174 0.0000000000
116062  -51.935  22.089  -10.521 0.0000000000
116061  -51.581  22.023  -10.441 0.0000000000
116050  -51.381  21.495  -10.151 0.0000000000
115010  -51.130  21.129  -9.746 0.0000000000
122804  -53.701  28.766  -10.020 0.0000000000
122826  -51.466  27.863  -11.169 0.0000000000
120852  -50.243  26.867  -11.492 0.0000000000
122824  -50.254  27.782  -11.308 0.0000000000
120844  -49.596  26.715  -11.235 0.0000000000
119983  -49.605  25.821  -10.738 0.0000000000
118141  -49.444  23.954  -10.185 0.0000000000
117138  -49.577  22.634  -9.244 0.0000000000
115000  -50.270  21.051  -8.619 0.0000000000
116039  -49.846  21.424  -8.359 0.0000000000
116033  -49.342  21.246  -7.534 0.0000000000
117124  -48.016  23.086  -8.578 0.0000000000
125619  -55.669  31.033  -5.345 0.0000000000
124758  -55.340  30.721  -6.148 0.0000000000
125642  -54.158  30.830  -7.154 0.0000000000
123839  -49.783  29.385  -8.884 0.0000000000
126430  -52.417  32.415  -5.564 0.0000000000
124773  -49.051  30.696  -6.935 0.0000000000
124774  -50.126  30.800  -6.990 0.0000000000
125638  -50.898  31.013  -7.195 0.0000000000
124786  -49.655  30.150  -7.763 0.0000000000
123825  -49.551  29.738  -8.277 0.0000000000
123838  -48.569  29.076  -8.936 0.0000000000
122798  -46.936  28.278  -9.103 0.0000000000
120826  -46.880  26.773  -8.172 0.0000000000
119961  -47.129  25.399  -7.642 0.0000000000
121738  -46.276  26.883  -7.190 0.0000000000
119960  -46.651  25.414  -6.964 0.0000000000
114991  -50.088  20.825  -8.054 0.0000000000
116040  -50.332  21.272  -8.951 0.0000000000
116048  -50.080  21.826  -8.972 0.0000000000
116049  -50.709  21.459  -9.548 0.0000000000
116060  -50.931  21.985  -10.016 0.0000000000
117032  -51.564  22.662  -2.153 0.0000000000
117046  -53.104  22.567  -2.834 0.0000000000
117059  -50.101  22.696  -4.008 0.0000000000
117114  -49.362  21.747  -7.943 0.0000000000
117115  -50.614  23.236  -7.511 0.0000000000
118021  -51.264  23.982  0.069 0.0000000000
118065  -50.384  22.732  -2.719 0.0000000000
118100  -48.892  23.843  -5.310 0.0000000000
118101  -49.392  23.544  -5.902 0.0000000000
118102  -50.034  23.321  -6.554 0.0000000000
118120  -49.874  23.893  -7.427 0.0000000000
118960  -49.176  24.811  1.019 0.0000000000
119001  -49.372  24.132  -0.322 0.0000000000
119005  -53.072  24.112  0.000 0.0000000000
119037  -47.591  25.278  -2.855 0.0000000000
119057  -48.522  25.016  -5.838 0.0000000000
119058  -48.885  24.515  -6.291 0.0000000000
119065  -49.510  24.583  -7.357 0.0000000000
119079  -48.248  25.131  -9.350 0.0000000000
119864  -49.083  25.743  2.189 0.0000000000
119929  -47.310  25.752  -2.617 0.0000000000
119936  -47.924  25.264  -3.906 0.0000000000
119949  -48.385  25.581  -5.519 0.0000000000
119954  -48.611  25.510  -6.190 0.0000000000
119992  -50.053  26.317  -11.225 0.0000000000
120722  -49.962  26.915  3.196 0.0000000000
120738  -49.519  26.340  2.682 0.0000000000
120779  -46.988  26.330  -2.337 0.0000000000
120785  -46.895  26.976  -2.499 0.0000000000
120792  -47.710  26.537  -3.875 0.0000000000
120806  -46.036  26.112  -5.932 0.0000000000
120821  -49.591  26.391  -7.949 0.0000000000
120834  -47.913  26.582  -9.538 0.0000000000
120842  -48.190  26.933  -10.139 0.0000000000
120843  -48.830  26.617  -10.666 0.0000000000
120845  -50.849  26.613  -11.021 0.0000000000
120854  -51.139  27.294  -11.373 0.0000000000
121703  -46.739  27.653  -2.288 0.0000000000
121720  -47.941  27.020  -4.280 0.0000000000
121722  -49.086  28.023  -5.233 0.0000000000
121739  -49.627  27.123  -6.815 0.0000000000
121747  -46.399  27.217  -7.752 0.0000000000
121756  -46.297  28.247  -8.452 0.0000000000
121757  -46.838  27.667  -8.747 0.0000000000
121758  -47.404  27.111  -9.222 0.0000000000
121759  -50.628  27.125  -9.049 0.0000000000
121767  -47.145  28.003  -9.341 0.0000000000
121769  -50.806  26.860  -10.052 0.0000000000
121781  -49.842  27.380  -11.384 0.0000000000
121790  -50.538  27.412  -11.472 0.0000000000
121791  -51.060  27.517  -11.391 0.0000000000
121792  -51.402  27.517  -11.181 0.0000000000
122729  -48.063  28.478  -3.825 0.0000000000
122755  -51.506  28.561  -6.758 0.0000000000
122756  -52.468  28.669  -6.798 0.0000000000
122759  -55.491  28.511  -7.555 0.0000000000
122772  -52.580  28.454  -7.756 0.0000000000
122776  -56.871  28.524  -8.445 0.0000000000
122786  -46.949  28.618  -8.965 0.0000000000
122787  -52.820  28.431  -8.749 0.0000000000
122791  -57.041  28.905  -8.833 0.0000000000
122792  -57.283  29.036  -8.544 0.0000000000
122799  -47.472  28.298  -9.486 0.0000000000
122803  -52.744  28.462  -9.725 0.0000000000
122806  -55.577  28.961  -9.731 0.0000000000
122813  -48.640  27.891  -10.427 0.0000000000
122814  -49.522  27.937  -10.914 0.0000000000
122815  -50.484  28.200  -10.913 0.0000000000
122816  -51.309  28.196  -10.953 0.0000000000
122817  -52.069  28.365  -10.390 0.0000000000
123743  -46.078  29.395  -1.444 0.0000000000
123758  -48.023  29.025  -3.401 0.0000000000
123759  -48.614  29.300  -3.750 0.0000000000
123761  -50.090  29.731  -4.298 0.0000000000
123763  -57.531  29.623  -4.037 0.0000000000
123765  -58.606  29.752  -4.610 0.0000000000
123773  -48.969  29.120  -4.440 0.0000000000
123776  -51.425  29.726  -4.864 0.0000000000
123781  -57.519  29.490  -4.832 0.0000000000
123783  -58.733  29.830  -4.888 0.0000000000
123794  -51.780  29.314  -5.598 0.0000000000
123801  -58.723  29.924  -5.114 0.0000000000
123809  -46.403  29.802  -7.502 0.0000000000
123811  -53.798  28.948  -6.593 0.0000000000
123812  -54.922  28.973  -6.654 0.0000000000
123815  -57.247  29.426  -6.820 0.0000000000
123821  -45.606  29.118  -8.117 0.0000000000
123824  -48.958  29.654  -8.269 0.0000000000
123826  -55.650  29.602  -8.426 0.0000000000
123828  -57.069  29.444  -7.968 0.0000000000
123829  -57.219  29.280  -7.730 0.0000000000
123835  -46.012  28.889  -8.565 0.0000000000
123841  -52.176  29.588  -9.327 0.0000000000
123842  -52.737  29.671  -9.425 0.0000000000
123844  -55.413  29.306  -9.260 0.0000000000
123845  -56.400  29.229  -9.093 0.0000000000
123847  -57.247  29.152  -8.285 0.0000000000
123854  -49.284  28.718  -9.704 0.0000000000
123857  -52.952  29.375  -9.957 0.0000000000
123867  -51.625  28.576  -10.452 0.0000000000
124701  -48.431  30.793  -2.020 0.0000000000
124703  -59.019  30.854  -2.501 0.0000000000
124710  -46.894  29.678  -2.198 0.0000000000
124718  -55.322  30.632  -2.580 0.0000000000
124719  -56.586  30.516  -2.694 0.0000000000
124728  -49.209  30.008  -3.383 0.0000000000
124734  -56.023  30.186  -3.462 0.0000000000
124736  -58.572  30.028  -3.850 0.0000000000
124737  -58.627  29.825  -4.354 0.0000000000
124742  -50.492  29.899  -4.227 0.0000000000
124743  -51.023  30.045  -4.215 0.0000000000
124761  -58.349  30.170  -5.348 0.0000000000
124762  -58.831  30.062  -4.960 0.0000000000
124775  -50.652  30.948  -7.121 0.0000000000
124776  -55.135  30.627  -7.014 0.0000000000
124777  -56.129  30.371  -6.832 0.0000000000
124778  -57.066  30.217  -6.620 0.0000000000
124779  -57.683  29.909  -6.173 0.0000000000
124787  -50.828  30.562  -7.626 0.0000000000
124789  -52.939  30.588  -8.014 0.0000000000
124791  -54.866  30.193  -7.740 0.0000000000
124799  -49.856  29.773  -8.283 0.0000000000
124800  -50.457  29.879  -8.348 0.0000000000
124810  -53.442  29.572  -9.427 0.0000000000
125566  -56.548  31.512  -1.537 0.0000000000
125576  -49.281  31.061  -2.140 0.0000000000
125584  -59.173  31.281  -2.789 0.0000000000
125585  -59.260  31.496  -2.319 0.0000000000
125604  -57.253  30.989  -4.347 0.0000000000
125639  -51.400  30.972  -7.209 0.0000000000
126358  -52.116  33.046  -0.854 0.0000000000
126359  -56.726  32.701  -0.769 0.0000000000
126361  -58.649  32.648  -0.662 0.0000000000
126363  -59.489  33.222  -1.046 0.0000000000
126375  -51.345  32.192  -0.770 0.0000000000
126377  -53.868  32.509  -1.189 0.0000000000
126382  -59.182  32.164  -1.489 0.0000000000
126389  -56.276  32.970  -3.035 0.0000000000
126393  -59.442  32.513  -1.850 0.0000000000
126404  -57.038  32.127  -3.375 0.0000000000
126468  -54.109  33.033  -14.221 0.0000000000
126476  -53.738  32.952  -14.753 0.0000000000
126477  -54.149  33.129  -14.715 0.0000000000
126488  -53.745  32.961  -15.177 0.0000000000
127130  -51.185  33.346  -0.930 0.0000000000
127131  -51.826  33.295  -0.962 0.0000000000
127133  -56.971  33.244  -0.620 0.0000000000
127134  -57.969  33.400  -0.525 0.0000000000
127136  -59.340  33.637  -0.797 0.0000000000
127144  -50.894  33.991  -1.288 0.0000000000
127148  -54.788  33.332  -1.161 0.0000000000
127150  -56.696  33.712  -0.620 0.0000000000
127159  -55.862  33.725  -3.006 0.0000000000
127216  -57.157  33.947  -11.955 0.0000000000
127918  -57.279  34.166  -0.535 0.0000000000
127920  -59.060  34.375  -0.566 0.0000000000
127921  -59.405  34.390  -1.006 0.0000000000
127935  -56.524  34.248  -0.701 0.0000000000
127962  -55.451  34.109  -3.117 0.0000000000
127963  -57.470  34.717  -3.154 0.0000000000
128027  -57.112  34.078  -12.125 0.0000000000
128836  -57.604  35.390  -0.583 0.0000000000
128847  -51.040  35.357  -1.945 0.0000000000
128849  -53.012  35.559  -2.086 0.0000000000
128851  -55.395  35.384  -1.439 0.0000000000
128853  -57.153  35.899  -0.781 0.0000000000
128854  -59.181  35.571  -0.867 0.0000000000
128872  -59.391  35.159  -2.189 0.0000000000
128886  -55.224  35.760  -3.603 0.0000000000
128887  -56.192  35.538  -3.612 0.0000000000
128890  -58.938  35.243  -3.373 0.0000000000
128905  -57.344  35.749  -4.396 0.0000000000
129842  -56.906  36.877  -0.841 0.0000000000
129853  -56.246  36.482  -1.307 0.0000000000
129854  -56.896  36.246  -0.920 0.0000000000
129856  -59.264  35.765  -1.142 0.0000000000
129868  -52.677  36.842  -2.670 0.0000000000
129869  -53.529  37.059  -2.506 0.0000000000
129872  -59.332  35.843  -1.678 0.0000000000
129886  -55.370  36.234  -4.162 0.0000000000
130047  -53.535  36.715  -13.268 0.0000000000
130902  -57.247  37.318  -0.687 0.0000000000
130903  -57.819  37.404  -0.594 0.0000000000
130904  -58.403  37.107  -0.766 0.0000000000
130918  -51.153  37.668  -2.653 0.0000000000
130919  -52.075  37.704  -2.895 0.0000000000
130981  -58.044  37.637  -7.083 0.0000000000
131059  -57.748  36.779  -10.167 0.0000000000
131070  -55.596  37.948  -11.706 0.0000000000
131860  -55.398  38.943  -1.881 0.0000000000
131890  -58.081  37.667  -6.706 0.0000000000
131942  -57.202  38.197  -10.201 0.0000000000
131952  -54.903  38.932  -11.680 0.0000000000
131953  -55.459  38.656  -11.558 0.0000000000
132696  -55.519  39.827  -1.465 0.0000000000
132704  -52.815  39.590  -2.899 0.0000000000
132705  -53.936  39.634  -2.670 0.0000000000
132707  -55.468  39.371  -1.690 0.0000000000
132708  -56.972  39.798  -1.789 0.0000000000
132711  -55.657  39.753  -3.530 0.0000000000
132717  -53.800  40.212  -5.442 0.0000000000
132718  -54.168  39.962  -5.108 0.0000000000
132736  -54.910  39.810  -7.996 0.0000000000
132748  -56.256  39.713  -9.619 0.0000000000
132771  -56.051  39.920  -10.752 0.0000000000
132782  -54.365  39.236  -11.830 0.0000000000
133509  -57.006  40.928  -0.287 0.0000000000
133510  -57.230  41.103  -0.505 0.0000000000
133516  -50.499  40.882  -2.087 0.0000000000
133517  -55.531  40.315  -1.287 0.0000000000
133518  -56.543  40.242  -0.759 0.0000000000
133526  -54.814  40.302  -1.774 0.0000000000
133530  -55.140  40.584  -3.642 0.0000000000
133532  -56.425  40.485  -2.468 0.0000000000
133534  -53.655  41.041  -4.801 0.0000000000
133537  -53.603  40.665  -5.490 0.0000000000
133541  -54.171  39.912  -6.982 0.0000000000
133544  -54.317  40.218  -7.598 0.0000000000
133546  -54.045  41.195  -8.390 0.0000000000
133548  -55.364  40.190  -9.089 0.0000000000
133551  -54.698  40.870  -9.431 0.0000000000
133557  -55.923  40.239  -10.288 0.0000000000
133564  -55.786  40.304  -10.579 0.0000000000
133572  -53.636  40.060  -12.012 0.0000000000
134343  -46.788  42.338  -0.768 0.0000000000
134367  -54.324  41.736  -1.673 0.0000000000
134370  -57.217  41.416  -0.828 0.0000000000
134387  -50.770  41.121  -2.206 0.0000000000
134388  -51.439  41.390  -2.277 0.0000000000
134392  -56.325  41.755  -2.340 0.0000000000
134393  -56.903  41.174  -1.664 0.0000000000
134409  -55.680  41.311  -3.036 0.0000000000
134423  -53.933  41.588  -4.492 0.0000000000
134432  -53.542  41.611  -7.325 0.0000000000
134443  -51.807  42.023  -9.868 0.0000000000
134445  -55.133  40.702  -10.075 0.0000000000
134453  -51.970  41.682  -10.426 0.0000000000
134456  -54.575  41.103  -10.616 0.0000000000
134457  -54.972  40.778  -10.333 0.0000000000
134464  -48.807  41.448  -11.699 0.0000000000
135174  -46.307  43.127  0.528 0.0000000000
135187  -47.504  43.025  -0.195 0.0000000000
135188  -48.252  43.008  -0.500 0.0000000000
135189  -50.910  42.603  0.013 0.0000000000
135190  -51.527  43.069  -0.487 0.0000000000
135191  -52.181  43.165  -1.035 0.0000000000
135192  -55.246  43.082  -0.418 0.0000000000
135194  -56.640  42.433  -0.201 0.0000000000
135198  -47.175  42.487  -0.708 0.0000000000
135201  -49.630  43.135  -1.526 0.0000000000
135208  -56.974  42.274  -0.679 0.0000000000
135216  -49.930  42.896  -2.185 0.0000000000
135235  -51.018  43.019  -3.499 0.0000000000
135236  -54.938  42.986  -3.802 0.0000000000
135252  -49.665  42.338  -4.149 0.0000000000
135253  -50.510  42.653  -4.090 0.0000000000
135254  -50.873  42.865  -3.708 0.0000000000
135255  -53.753  42.505  -5.229 0.0000000000
135261  -39.893  43.169  -5.498 0.0000000000
135264  -42.205  43.008  -5.350 0.0000000000
135271  -49.571  42.540  -5.145 0.0000000000
135281  -53.792  42.561  -7.876 0.0000000000
135287  -45.924  42.928  -8.773 0.0000000000
135291  -49.919  43.317  -8.611 0.0000000000
135293  -53.800  42.092  -8.414 0.0000000000
135294  -53.928  42.460  -8.721 0.0000000000
135297  -43.053  42.880  -10.182 0.0000000000
135303  -48.558  42.435  -9.248 0.0000000000
135319  -47.336  41.988  -10.200 0.0000000000
135321  -52.067  42.061  -9.918 0.0000000000
135333  -45.537  42.335  -11.696 0.0000000000
136019  -49.163  44.275  2.918 0.0000000000
136028  -48.244  44.097  1.766 0.0000000000
136035  -46.849  43.406  1.075 0.0000000000
136038  -49.153  44.049  0.475 0.0000000000
136039  -51.365  43.425  1.552 0.0000000000
136041  -52.067  44.183  0.527 0.0000000000
136049  -50.006  44.096  -0.473 0.0000000000
136052  -53.468  44.003  -0.629 0.0000000000
136059  -49.201  43.450  -0.683 0.0000000000
136060  -49.655  43.514  -0.980 0.0000000000
136061  -50.409  43.850  -1.044 0.0000000000
136066  -56.383  43.847  -0.952 0.0000000000
136067  -56.533  43.417  -0.620 0.0000000000
136072  -50.559  43.429  -1.909 0.0000000000
136073  -51.276  43.731  -2.114 0.0000000000
136076  -56.564  42.805  -1.305 0.0000000000
136081  -50.835  43.289  -2.535 0.0000000000
136082  -51.251  43.349  -3.052 0.0000000000
136094  -50.802  42.852  -4.470 0.0000000000
136098  -55.112  44.502  -3.865 0.0000000000
136110  -42.075  43.490  -5.958 0.0000000000
136113  -44.916  43.500  -5.882 0.0000000000
136119  -52.334  44.062  -4.860 0.0000000000
136120  -53.768  43.207  -5.942 0.0000000000
136121  -54.101  43.573  -5.660 0.0000000000
136127  -37.833  43.740  -6.352 0.0000000000
136131  -41.907  43.660  -6.765 0.0000000000
136134  -44.713  43.870  -6.557 0.0000000000
136138  -48.662  43.563  -6.674 0.0000000000
136142  -53.762  43.230  -6.382 0.0000000000
136154  -41.787  43.612  -7.690 0.0000000000
136157  -44.496  43.725  -7.349 0.0000000000
136160  -47.372  43.774  -7.275 0.0000000000
136164  -53.815  43.220  -7.182 0.0000000000
136171  -36.674  44.076  -8.950 0.0000000000
136176  -41.664  43.441  -8.605 0.0000000000
136181  -46.169  43.555  -8.020 0.0000000000
136188  -53.836  43.893  -8.797 0.0000000000
136189  -54.031  43.438  -8.530 0.0000000000
136194  -36.662  44.234  -9.535 0.0000000000
136195  -37.292  43.949  -9.875 0.0000000000
136199  -41.478  43.262  -9.541 0.0000000000
136201  -43.198  43.020  -9.197 0.0000000000
136202  -50.829  43.435  -8.651 0.0000000000
136205  -53.355  43.324  -9.138 0.0000000000
136212  -37.515  44.199  -10.529 0.0000000000
136225  -39.076  43.985  -11.370 0.0000000000
136937  -49.652  44.677  2.660 0.0000000000
136938  -50.425  45.213  2.554 0.0000000000
136952  -53.289  45.291  1.221 0.0000000000
136959  -49.248  44.315  1.165 0.0000000000
136961  -50.424  44.927  0.752 0.0000000000
136963  -52.795  44.693  0.660 0.0000000000
136965  -54.520  45.049  0.466 0.0000000000
136966  -55.112  45.036  0.538 0.0000000000
136975  -50.602  44.690  -0.216 0.0000000000
136976  -51.209  44.804  -0.548 0.0000000000
136978  -54.108  44.620  -0.143 0.0000000000
136979  -55.027  44.421  0.186 0.0000000000
136981  -56.403  43.938  -0.223 0.0000000000
137000  -51.852  44.188  -2.050 0.0000000000
137002  -53.189  44.876  -2.630 0.0000000000
137013  -54.972  45.139  -3.898 0.0000000000
137014  -55.148  44.955  -3.528 0.0000000000
137024  -55.081  44.832  -3.908 0.0000000000
137029  -51.849  44.028  -5.758 0.0000000000
137030  -52.574  44.486  -5.484 0.0000000000
137040  -52.546  44.827  -6.508 0.0000000000
137043  -36.574  44.634  -6.998 0.0000000000
137049  -53.603  45.105  -7.699 0.0000000000
137053  -35.887  45.150  -8.429 0.0000000000
137054  -36.128  44.837  -8.248 0.0000000000
137055  -51.053  44.518  -7.535 0.0000000000
137058  -53.770  44.632  -8.351 0.0000000000
137068  -36.647  44.362  -9.934 0.0000000000
137077  -37.557  44.374  -10.961 0.0000000000
137086  -38.035  44.551  -11.507 0.0000000000
137087  -38.801  44.369  -11.935 0.0000000000
137093  -37.606  45.040  -11.931 0.0000000000
137795  -51.757  45.232  3.008 0.0000000000
137806  -51.109  45.561  2.238 0.0000000000
137808  -53.414  45.761  2.372 0.0000000000
137809  -54.269  45.923  2.235 0.0000000000
137810  -54.540  46.034  2.113 0.0000000000
137818  -50.834  45.457  1.405 0.0000000000
137822  -54.756  45.881  1.667 0.0000000000
137823  -55.118  45.938  1.405 0.0000000000
137829  -50.991  45.402  0.677 0.0000000000
137830  -51.762  45.705  0.650 0.0000000000
137832  -54.234  45.364  0.854 0.0000000000
137834  -55.190  45.573  0.859 0.0000000000
137841  -51.761  45.326  -0.392 0.0000000000
137842  -52.564  45.664  -0.437 0.0000000000
137843  -53.125  45.800  -0.804 0.0000000000
137849  -52.143  45.120  -1.045 0.0000000000
137860  -54.538  45.653  -2.698 0.0000000000
137870  -54.673  45.360  -3.801 0.0000000000
137871  -55.020  45.331  -3.421 0.0000000000
137878  -36.655  45.513  -4.586 0.0000000000
137879  -53.969  45.491  -4.741 0.0000000000
137889  -53.815  45.407  -5.786 0.0000000000
137897  -36.523  45.493  -6.456 0.0000000000
137899  -53.933  45.388  -6.641 0.0000000000
137909  -53.569  45.308  -7.130 0.0000000000
137910  -54.021  45.252  -7.220 0.0000000000
137911  -54.201  45.084  -7.208 0.0000000000
137918  -35.853  45.557  -8.324 0.0000000000
137927  -35.707  45.654  -9.254 0.0000000000
137928  -35.907  45.252  -9.931 0.0000000000
137933  -36.117  45.428  -10.563 0.0000000000
137936  -35.809  46.020  -10.801 0.0000000000
138649  -52.827  46.353  2.151 0.0000000000
138651  -54.102  46.165  2.325 0.0000000000
138652  -54.423  46.118  2.267 0.0000000000
138660  -53.243  46.501  1.612 0.0000000000
138662  -54.628  46.167  1.845 0.0000000000
138669  -52.313  46.038  0.766 0.0000000000
138672  -54.653  46.517  1.052 0.0000000000
138673  -55.258  46.067  1.139 0.0000000000
138680  -53.664  46.332  -0.454 0.0000000000
138681  -54.500  46.530  0.050 0.0000000000
138687  -53.989  46.173  -1.206 0.0000000000
138689  -54.900  46.272  -0.461 0.0000000000
138714  -35.959  46.151  -8.049 0.0000000000
138719  -35.849  46.580  -8.690 0.0000000000
138730  -36.305  46.622  -11.933 0.0000000000
139518  -35.592  47.491  -10.861 0.0000000000
140232  -35.878  48.138  -9.686 0.0000000000
140233  -36.185  48.793  -9.449 0.0000000000
140240  -35.972  48.416  -11.955 0.0000000000
140988  -35.680  48.742  -10.892 0.0000000000
140989  -35.866  49.248  -11.222 0.0000000000
