#!ascii label  , from subject S2_Demo vox2ras=TkReg
975
75347  -16.240  -8.939  58.085 0.0000000000
90343  -37.112  0.998  50.571 0.0000000000
94606  -45.500  3.294  44.620 0.0000000000
85129  -54.113  -3.754  42.368 0.0000000000
86328  -33.629  -2.392  51.308 0.0000000000
91789  -50.492  0.430  43.708 0.0000000000
94742  -54.138  3.827  36.413 0.0000000000
100127  -58.021  7.048  32.947 0.0000000000
87649  -40.474  -0.058  51.764 0.0000000000
90360  -43.994  0.755  48.854 0.0000000000
94551  -41.698  2.056  48.319 0.0000000000
82090  -17.365  -5.327  59.074 0.0000000000
80711  -21.531  -6.511  58.748 0.0000000000
75354  -25.520  -9.579  57.833 0.0000000000
75356  -29.940  -10.527  57.427 0.0000000000
76685  -33.460  -9.445  57.096 0.0000000000
79289  -34.477  -6.364  55.353 0.0000000000
86284  -36.354  -2.050  53.608 0.0000000000
87761  -47.533  -0.358  45.093 0.0000000000
100158  -59.678  6.781  31.195 0.0000000000
91643  -38.761  1.301  52.030 0.0000000000
94472  -41.461  1.842  49.870 0.0000000000
91698  -39.491  1.463  49.410 0.0000000000
79262  -17.847  -5.853  56.994 0.0000000000
80708  -19.389  -5.405  58.529 0.0000000000
76744  -33.618  -7.722  55.639 0.0000000000
77967  -34.331  -8.316  56.364 0.0000000000
80752  -33.684  -5.522  54.854 0.0000000000
87677  -34.740  -0.657  50.964 0.0000000000
87624  -34.839  -1.168  53.832 0.0000000000
88944  -36.207  0.195  52.879 0.0000000000
87629  -38.302  -0.808  52.612 0.0000000000
94555  -45.188  3.025  47.091 0.0000000000
90390  -45.808  1.744  46.735 0.0000000000
93184  -47.038  2.788  45.459 0.0000000000
87778  -52.432  -1.846  43.837 0.0000000000
85072  -51.876  -2.552  45.406 0.0000000000
80976  -52.651  -4.351  43.604 0.0000000000
81036  -52.959  -5.362  41.236 0.0000000000
94727  -56.044  4.198  36.688 0.0000000000
90513  -55.390  1.455  38.024 0.0000000000
82200  -32.753  -4.819  51.535 0.0000000000
86450  -52.338  -2.562  42.014 0.0000000000
97479  -56.360  5.737  35.026 0.0000000000
97456  -57.868  6.051  35.845 0.0000000000
96156  -61.489  5.040  30.854 0.0000000000
85011  -41.307  -1.660  50.449 0.0000000000
90310  -42.619  0.456  50.692 0.0000000000
94512  -43.582  2.410  48.669 0.0000000000
77907  -16.873  -7.215  59.868 0.0000000000
75318  -22.822  -8.721  58.752 0.0000000000
77943  -23.688  -7.898  57.796 0.0000000000
72455  -24.835  -10.462  58.111 0.0000000000
71021  -26.905  -11.579  57.603 0.0000000000
71024  -28.694  -11.942  57.826 0.0000000000
69625  -30.833  -12.920  57.653 0.0000000000
74011  -31.491  -10.663  57.661 0.0000000000
74045  -34.309  -10.345  55.933 0.0000000000
84990  -33.666  -2.919  53.993 0.0000000000
83588  -34.919  -3.884  55.039 0.0000000000
82156  -35.813  -4.985  53.218 0.0000000000
83641  -36.984  -2.658  52.519 0.0000000000
83661  -38.617  -1.721  51.503 0.0000000000
89094  -49.930  0.294  45.310 0.0000000000
156929  -55.901  -2.017  38.073 0.0000000000
83857  -56.012  -4.193  39.872 0.0000000000
76651  -15.661  -8.303  59.323 0.0000000000
91666  -37.701  1.461  51.172 0.0000000000
93085  -38.820  1.545  50.784 0.0000000000
91682  -38.441  1.511  50.177 0.0000000000
78020  -33.268  -7.546  54.065 0.0000000000
79304  -33.554  -6.689  55.001 0.0000000000
79316  -33.255  -6.442  54.284 0.0000000000
90342  -36.102  0.347  50.671 0.0000000000
88982  -35.348  -0.155  52.050 0.0000000000
90303  -36.783  0.885  51.871 0.0000000000
90286  -37.256  0.609  52.511 0.0000000000
94556  -45.887  2.944  46.727 0.0000000000
95932  -46.746  3.373  45.494 0.0000000000
85116  -53.419  -3.429  43.011 0.0000000000
83794  -52.603  -3.379  44.002 0.0000000000
82383  -53.131  -4.046  43.505 0.0000000000
80998  -52.953  -4.650  42.905 0.0000000000
82421  -53.794  -4.671  41.811 0.0000000000
94744  -56.543  4.481  35.994 0.0000000000
91874  -55.750  2.530  36.494 0.0000000000
91909  -55.677  1.801  36.086 0.0000000000
96153  -56.035  5.582  32.860 0.0000000000
98879  -57.502  6.561  33.857 0.0000000000
98840  -57.248  6.253  35.224 0.0000000000
98881  -57.945  7.052  34.129 0.0000000000
97507  -58.519  5.961  34.205 0.0000000000
100129  -58.478  6.636  32.771 0.0000000000
98934  -60.872  6.337  30.795 0.0000000000
86307  -40.795  -0.561  51.335 0.0000000000
86309  -42.343  -0.738  50.790 0.0000000000
88983  -41.480  0.150  51.240 0.0000000000
94509  -41.078  1.971  49.160 0.0000000000
94491  -42.087  2.098  49.484 0.0000000000
94531  -42.650  2.453  48.344 0.0000000000
94553  -43.495  2.744  47.483 0.0000000000
94569  -43.115  2.533  47.132 0.0000000000
79216  -17.646  -6.524  59.646 0.0000000000
80668  -18.434  -6.015  59.567 0.0000000000
80710  -20.936  -6.155  58.748 0.0000000000
76719  -24.644  -8.358  56.995 0.0000000000
76698  -24.420  -8.554  57.663 0.0000000000
75320  -24.036  -9.316  58.543 0.0000000000
73993  -25.008  -10.068  58.227 0.0000000000
72456  -25.484  -10.806  57.955 0.0000000000
73994  -26.224  -10.611  57.902 0.0000000000
72460  -29.199  -11.541  57.935 0.0000000000
69624  -30.035  -13.034  57.712 0.0000000000
72470  -29.940  -11.554  57.917 0.0000000000
76705  -33.124  -9.200  56.741 0.0000000000
75376  -32.473  -9.643  56.944 0.0000000000
75359  -33.059  -9.825  57.504 0.0000000000
74012  -32.537  -10.488  57.698 0.0000000000
74013  -33.388  -10.422  57.514 0.0000000000
72483  -33.523  -11.331  57.073 0.0000000000
74014  -33.722  -10.045  57.131 0.0000000000
77986  -34.556  -7.745  55.726 0.0000000000
76728  -34.546  -8.609  56.233 0.0000000000
79306  -35.231  -6.868  54.778 0.0000000000
83657  -33.272  -3.749  52.668 0.0000000000
86315  -33.698  -2.383  52.226 0.0000000000
87609  -35.336  -1.525  54.047 0.0000000000
86265  -34.985  -2.280  54.588 0.0000000000
84969  -35.335  -2.884  54.433 0.0000000000
82123  -35.503  -4.324  54.414 0.0000000000
83622  -35.789  -3.624  53.884 0.0000000000
84991  -36.390  -3.041  53.288 0.0000000000
87647  -38.852  -0.425  52.505 0.0000000000
84994  -38.384  -1.466  52.205 0.0000000000
86306  -39.882  -0.666  51.745 0.0000000000
86331  -39.867  -1.436  50.881 0.0000000000
80720  -16.327  -5.723  57.930 0.0000000000
82089  -16.508  -5.264  59.248 0.0000000000
80666  -16.084  -5.930  59.990 0.0000000000
89000  -43.750  -0.295  49.925 0.0000000000
87707  -44.430  -0.881  48.700 0.0000000000
89091  -46.425  0.396  45.001 0.0000000000
93231  -49.259  1.903  43.381 0.0000000000
93197  -48.620  2.168  44.817 0.0000000000
90421  -50.347  0.427  44.633 0.0000000000
80954  -51.018  -4.521  45.029 0.0000000000
83756  -50.386  -3.434  45.652 0.0000000000
87878  -56.566  -0.842  37.275 0.0000000000
87866  -56.052  -0.436  38.101 0.0000000000
86508  -56.452  -1.406  37.630 0.0000000000
82504  -56.284  -3.377  38.429 0.0000000000
83919  -56.410  -4.018  38.372 0.0000000000
82476  -54.915  -4.671  38.832 0.0000000000
100156  -58.272  6.685  31.611 0.0000000000
100139  -58.817  6.807  32.101 0.0000000000
100196  -59.038  7.073  30.253 0.0000000000
100198  -60.567  7.069  29.658 0.0000000000
91626  -39.503  0.915  52.149 0.0000000000
90307  -40.634  0.763  51.482 0.0000000000
93065  -39.625  1.394  51.224 0.0000000000
93108  -40.406  1.783  49.832 0.0000000000
93148  -40.688  1.737  48.844 0.0000000000
80706  -17.808  -5.319  58.372 0.0000000000
82092  -18.778  -5.291  58.887 0.0000000000
79265  -20.693  -6.292  57.345 0.0000000000
77965  -33.662  -8.510  56.425 0.0000000000
76707  -33.985  -8.972  56.897 0.0000000000
77984  -33.853  -7.542  55.864 0.0000000000
79305  -33.765  -6.325  55.294 0.0000000000
79288  -34.117  -6.105  55.475 0.0000000000
86330  -34.449  -1.190  50.705 0.0000000000
86303  -34.059  -1.968  52.596 0.0000000000
87661  -34.746  -0.655  51.837 0.0000000000
87644  -35.284  -0.618  53.375 0.0000000000
87626  -35.940  -0.972  53.508 0.0000000000
86285  -37.216  -1.573  53.157 0.0000000000
90271  -37.351  0.044  52.825 0.0000000000
88965  -38.266  0.315  52.552 0.0000000000
79280  -16.527  -6.518  56.406 0.0000000000
93151  -44.890  2.470  48.059 0.0000000000
90377  -45.225  1.491  47.740 0.0000000000
91738  -45.937  2.420  47.120 0.0000000000
90402  -46.444  1.871  45.528 0.0000000000
90403  -47.751  1.503  45.211 0.0000000000
89110  -51.535  -0.929  44.000 0.0000000000
87765  -51.223  -1.015  44.957 0.0000000000
86411  -52.289  -1.946  44.728 0.0000000000
83775  -52.119  -3.298  45.067 0.0000000000
94725  -55.142  4.144  36.872 0.0000000000
93297  -54.389  2.974  37.406 0.0000000000
91863  -55.447  2.382  37.666 0.0000000000
90515  -55.802  0.777  37.217 0.0000000000
90357  -36.628  0.480  50.047 0.0000000000
87705  -35.534  -0.754  49.419 0.0000000000
95972  -46.897  3.454  43.990 0.0000000000
90474  -50.505  0.255  42.146 0.0000000000
89154  -51.628  -0.992  42.739 0.0000000000
87804  -52.584  -2.112  42.673 0.0000000000
85127  -53.275  -3.073  42.274 0.0000000000
96075  -54.957  4.756  36.070 0.0000000000
97423  -56.074  5.151  36.122 0.0000000000
96077  -56.601  5.109  36.148 0.0000000000
94745  -57.211  4.889  35.641 0.0000000000
100140  -59.508  6.529  31.822 0.0000000000
97563  -60.267  5.722  31.853 0.0000000000
83680  -42.421  -2.631  50.345 0.0000000000
87679  -43.070  -0.714  50.598 0.0000000000
90326  -43.366  0.578  50.094 0.0000000000
93089  -42.276  1.191  50.354 0.0000000000
93111  -43.028  1.990  49.654 0.0000000000
93130  -43.976  2.123  48.698 0.0000000000
94533  -44.461  2.847  48.017 0.0000000000
95915  -44.314  3.069  46.761 0.0000000000
90375  -38.772  0.904  48.835 0.0000000000
91735  -39.898  1.362  48.350 0.0000000000
91755  -42.516  2.170  46.632 0.0000000000
76652  -16.231  -7.945  59.032 0.0000000000
76653  -17.142  -7.767  58.753 0.0000000000
74027  -23.714  -10.444  57.354 0.0000000000
79302  -21.080  -6.930  55.846 0.0000000000
79267  -22.065  -7.027  57.597 0.0000000000
79247  -22.503  -7.361  58.284 0.0000000000
73985  -23.609  -9.365  58.520 0.0000000000
71044  -27.481  -12.429  57.364 0.0000000000
69622  -28.306  -12.748  57.491 0.0000000000
76725  -29.966  -10.254  56.829 0.0000000000
75375  -31.547  -10.157  57.056 0.0000000000
75357  -31.026  -10.508  57.327 0.0000000000
72471  -30.900  -11.412  57.818 0.0000000000
71045  -32.002  -12.355  57.100 0.0000000000
75378  -34.395  -9.102  56.476 0.0000000000
82178  -32.880  -4.655  52.562 0.0000000000
82139  -33.663  -4.605  54.547 0.0000000000
80733  -34.202  -4.877  55.142 0.0000000000
86283  -34.127  -2.235  53.922 0.0000000000
83586  -34.531  -3.670  54.748 0.0000000000
80735  -34.865  -5.363  55.110 0.0000000000
79291  -35.264  -5.894  54.695 0.0000000000
79325  -35.682  -6.520  53.661 0.0000000000
83658  -36.540  -3.474  51.728 0.0000000000
84993  -37.712  -1.746  52.540 0.0000000000
83659  -37.418  -2.564  51.938 0.0000000000
83677  -37.385  -2.746  51.057 0.0000000000
85021  -38.675  -2.259  49.892 0.0000000000
79214  -15.485  -6.626  60.134 0.0000000000
94592  -47.931  2.957  44.989 0.0000000000
90404  -48.667  1.342  45.178 0.0000000000
89078  -48.775  0.487  45.337 0.0000000000
87764  -50.534  -0.788  45.294 0.0000000000
86391  -50.005  -1.640  45.752 0.0000000000
85068  -48.948  -2.143  45.549 0.0000000000
85150  -53.855  -3.508  40.761 0.0000000000
85139  -54.521  -3.743  41.471 0.0000000000
90512  -54.932  1.491  38.217 0.0000000000
87864  -55.120  -0.143  37.644 0.0000000000
85183  -55.618  -2.845  38.492 0.0000000000
85152  -55.346  -3.679  40.220 0.0000000000
83825  -54.726  -3.988  41.416 0.0000000000
81038  -54.115  -4.945  40.452 0.0000000000
74004  -15.849  -9.404  57.662 0.0000000000
91680  -37.251  1.265  50.900 0.0000000000
93105  -38.034  1.520  50.805 0.0000000000
90344  -37.639  1.268  50.185 0.0000000000
78035  -32.862  -7.579  53.299 0.0000000000
79324  -32.789  -6.587  53.242 0.0000000000
90323  -36.635  0.802  51.305 0.0000000000
90324  -36.997  1.152  51.021 0.0000000000
91641  -37.286  1.283  51.622 0.0000000000
95946  -45.700  3.453  45.202 0.0000000000
95931  -45.829  3.376  45.991 0.0000000000
95958  -45.974  3.474  44.644 0.0000000000
83795  -53.032  -3.668  43.552 0.0000000000
83796  -53.593  -3.904  43.029 0.0000000000
82384  -53.752  -4.049  42.838 0.0000000000
83812  -54.160  -4.000  42.479 0.0000000000
93336  -56.453  3.724  35.929 0.0000000000
91889  -55.850  2.552  36.071 0.0000000000
100126  -57.739  6.678  33.139 0.0000000000
100116  -57.963  6.960  33.620 0.0000000000
98880  -57.930  6.836  34.216 0.0000000000
100117  -58.005  7.270  33.641 0.0000000000
100118  -58.098  6.941  33.481 0.0000000000
87663  -40.905  -0.084  51.512 0.0000000000
88969  -40.842  0.087  51.625 0.0000000000
94530  -41.596  2.132  48.653 0.0000000000
94510  -41.940  2.360  49.093 0.0000000000
94552  -42.337  2.271  47.837 0.0000000000
80688  -17.484  -5.566  59.447 0.0000000000
80689  -18.074  -5.631  59.397 0.0000000000
80692  -21.057  -6.345  59.105 0.0000000000
76699  -25.354  -8.853  57.281 0.0000000000
76677  -24.883  -9.152  57.856 0.0000000000
75335  -24.654  -9.518  58.209 0.0000000000
75336  -25.939  -9.927  57.914 0.0000000000
75340  -29.292  -10.567  57.714 0.0000000000
73997  -29.167  -10.994  57.996 0.0000000000
73998  -29.820  -10.957  58.036 0.0000000000
74009  -29.641  -11.195  57.954 0.0000000000
74010  -30.204  -10.846  57.762 0.0000000000
76684  -32.940  -9.428  57.128 0.0000000000
76683  -32.710  -9.533  57.113 0.0000000000
74028  -33.496  -10.824  57.334 0.0000000000
75360  -33.608  -9.715  57.163 0.0000000000
78003  -35.061  -7.517  54.889 0.0000000000
79290  -34.985  -6.427  54.991 0.0000000000
85008  -33.446  -3.066  51.929 0.0000000000
87610  -35.847  -1.634  53.731 0.0000000000
86274  -35.434  -2.063  54.299 0.0000000000
84970  -35.787  -2.886  53.914 0.0000000000
83604  -35.716  -3.456  53.983 0.0000000000
84981  -36.235  -3.037  53.492 0.0000000000
84982  -36.307  -2.746  53.488 0.0000000000
87648  -39.948  -0.177  51.980 0.0000000000
86298  -39.240  -0.683  52.243 0.0000000000
87662  -40.376  -0.310  51.690 0.0000000000
80705  -16.858  -5.436  58.586 0.0000000000
82080  -16.990  -5.393  59.534 0.0000000000
89037  -43.864  0.445  49.268 0.0000000000
89019  -44.225  -0.460  49.105 0.0000000000
89038  -44.268  0.197  48.744 0.0000000000
89092  -47.051  0.414  45.170 0.0000000000
87760  -46.288  -0.465  44.720 0.0000000000
86406  -47.129  -1.470  44.653 0.0000000000
85091  -47.756  -2.246  44.950 0.0000000000
93215  -49.586  1.502  43.567 0.0000000000
91787  -49.486  1.532  44.357 0.0000000000
90437  -50.250  0.638  44.355 0.0000000000
91887  -53.544  2.539  36.342 0.0000000000
86537  -57.054  -1.902  36.835 0.0000000000
86521  -56.692  -1.715  37.337 0.0000000000
83941  -56.665  -2.973  37.524 0.0000000000
91625  -39.170  1.094  52.197 0.0000000000
91644  -39.607  1.113  51.797 0.0000000000
93127  -39.528  1.548  49.659 0.0000000000
93107  -39.536  1.639  50.109 0.0000000000
93128  -40.401  1.710  49.398 0.0000000000
80721  -17.357  -5.574  57.726 0.0000000000
76743  -33.385  -8.474  55.731 0.0000000000
76726  -33.462  -8.633  56.228 0.0000000000
76727  -33.621  -7.992  55.886 0.0000000000
77983  -33.665  -8.169  56.162 0.0000000000
79317  -33.522  -6.067  54.777 0.0000000000
86317  -34.413  -1.244  51.367 0.0000000000
90284  -36.294  0.402  52.417 0.0000000000
88962  -35.608  -0.031  52.745 0.0000000000
88963  -35.859  -0.199  53.174 0.0000000000
87645  -35.667  -0.657  53.406 0.0000000000
88945  -36.461  0.006  53.096 0.0000000000
88946  -36.791  -0.316  53.144 0.0000000000
90270  -37.063  0.182  52.840 0.0000000000
90305  -37.873  1.095  52.307 0.0000000000
90287  -37.824  0.481  52.557 0.0000000000
90288  -38.770  0.811  52.441 0.0000000000
79261  -16.905  -5.967  57.074 0.0000000000
94534  -45.452  2.836  47.550 0.0000000000
93152  -45.740  2.740  47.630 0.0000000000
94535  -45.786  2.852  47.337 0.0000000000
94557  -46.508  3.005  45.988 0.0000000000
93171  -46.352  2.809  46.117 0.0000000000
91756  -46.884  2.396  45.463 0.0000000000
87790  -52.010  -1.340  43.702 0.0000000000
87777  -51.946  -1.381  44.344 0.0000000000
86421  -52.499  -2.226  44.148 0.0000000000
82364  -52.553  -3.850  44.038 0.0000000000
83776  -52.471  -3.403  44.454 0.0000000000
82363  -52.266  -3.940  44.522 0.0000000000
80955  -51.759  -4.490  44.509 0.0000000000
80997  -52.159  -4.957  43.289 0.0000000000
94726  -55.581  4.215  36.793 0.0000000000
94708  -55.165  3.606  37.110 0.0000000000
93300  -55.477  3.276  37.018 0.0000000000
89218  -56.809  0.064  37.351 0.0000000000
89034  -35.975  -0.140  49.891 0.0000000000
89139  -51.267  -0.283  42.717 0.0000000000
86449  -51.701  -1.911  42.021 0.0000000000
87821  -52.388  -2.232  42.295 0.0000000000
86430  -53.149  -2.830  42.666 0.0000000000
86438  -52.874  -2.854  42.230 0.0000000000
97506  -56.348  5.880  34.162 0.0000000000
96108  -55.854  5.497  34.533 0.0000000000
96107  -55.326  5.054  34.804 0.0000000000
96092  -55.669  5.381  35.345 0.0000000000
96076  -55.446  5.102  36.027 0.0000000000
97453  -55.980  5.404  35.802 0.0000000000
98841  -57.601  6.291  35.189 0.0000000000
97455  -57.198  5.597  35.493 0.0000000000
96078  -57.382  5.299  35.823 0.0000000000
96093  -58.023  5.570  35.526 0.0000000000
94756  -57.590  5.199  34.837 0.0000000000
97533  -58.862  6.188  33.580 0.0000000000
98914  -60.984  6.092  30.919 0.0000000000
98913  -60.603  6.128  31.331 0.0000000000
85023  -41.068  -2.406  50.058 0.0000000000
83696  -41.096  -3.549  49.809 0.0000000000
85024  -41.833  -2.386  50.248 0.0000000000
88984  -42.336  0.034  50.923 0.0000000000
87665  -42.765  -0.503  50.749 0.0000000000
88985  -43.034  0.018  50.729 0.0000000000
88999  -43.395  -0.082  50.462 0.0000000000
90325  -43.078  0.522  50.443 0.0000000000
93066  -40.484  1.248  51.068 0.0000000000
93067  -41.267  1.093  50.965 0.0000000000
93088  -41.564  1.559  50.262 0.0000000000
94511  -42.802  2.474  48.834 0.0000000000
94492  -42.936  2.267  49.304 0.0000000000
94493  -43.218  2.280  49.174 0.0000000000
93112  -43.592  2.118  49.389 0.0000000000
94513  -43.986  2.600  48.446 0.0000000000
94532  -43.567  2.776  48.140 0.0000000000
94570  -43.861  2.847  46.556 0.0000000000
94554  -44.335  3.024  47.397 0.0000000000
76642  -16.819  -7.509  59.396 0.0000000000
79217  -18.828  -6.612  59.607 0.0000000000
80690  -19.170  -5.602  59.186 0.0000000000
75332  -22.017  -8.755  58.722 0.0000000000
75333  -22.900  -9.295  58.419 0.0000000000
74006  -23.214  -9.850  57.627 0.0000000000
75353  -23.187  -9.733  57.915 0.0000000000
79303  -21.786  -7.042  56.021 0.0000000000
79285  -21.300  -6.759  56.667 0.0000000000
77926  -23.049  -7.839  58.460 0.0000000000
77914  -22.881  -8.100  58.745 0.0000000000
77927  -23.382  -8.386  58.553 0.0000000000
73986  -24.059  -9.644  58.465 0.0000000000
73992  -24.303  -10.093  58.280 0.0000000000
74008  -24.152  -10.385  58.077 0.0000000000
72467  -24.729  -10.753  57.909 0.0000000000
72480  -25.003  -11.328  57.406 0.0000000000
72469  -26.316  -11.441  57.608 0.0000000000
71029  -26.058  -11.451  57.567 0.0000000000
71030  -26.619  -11.638  57.530 0.0000000000
71043  -26.906  -12.313  57.134 0.0000000000
71022  -27.312  -11.735  57.653 0.0000000000
72459  -28.516  -11.484  57.882 0.0000000000
71023  -28.070  -11.934  57.829 0.0000000000
71032  -28.531  -12.376  57.690 0.0000000000
69623  -29.129  -12.981  57.546 0.0000000000
71034  -30.415  -12.276  57.819 0.0000000000
69635  -30.668  -13.483  57.289 0.0000000000
75358  -32.238  -9.957  57.407 0.0000000000
72473  -32.847  -11.174  57.601 0.0000000000
71036  -32.186  -11.744  57.404 0.0000000000
69637  -32.262  -12.808  56.598 0.0000000000
72484  -33.885  -11.356  56.373 0.0000000000
71048  -33.733  -12.165  55.937 0.0000000000
77966  -33.976  -8.267  56.499 0.0000000000
75377  -34.028  -9.486  56.833 0.0000000000
76708  -34.346  -8.769  56.555 0.0000000000
80775  -32.617  -5.618  52.405 0.0000000000
83638  -33.498  -3.525  53.500 0.0000000000
82155  -33.463  -4.230  53.991 0.0000000000
83639  -33.522  -3.975  53.996 0.0000000000
82122  -33.960  -4.347  54.854 0.0000000000
83620  -33.793  -3.700  54.513 0.0000000000
86295  -34.344  -1.590  52.939 0.0000000000
86294  -34.073  -2.130  53.364 0.0000000000
87623  -34.480  -1.606  53.663 0.0000000000
84956  -35.003  -3.068  54.895 0.0000000000
84955  -35.035  -2.964  54.649 0.0000000000
83587  -34.856  -4.001  54.850 0.0000000000
82109  -34.871  -4.578  54.994 0.0000000000
82110  -35.110  -4.510  54.830 0.0000000000
80736  -35.208  -5.310  54.799 0.0000000000
82140  -35.811  -4.390  53.873 0.0000000000
80753  -35.733  -5.788  53.949 0.0000000000
80762  -35.692  -5.916  53.374 0.0000000000
83640  -36.374  -3.482  52.824 0.0000000000
87628  -37.952  -0.744  52.723 0.0000000000
86286  -37.882  -0.973  52.724 0.0000000000
85002  -38.687  -1.583  51.749 0.0000000000
85001  -38.004  -2.027  51.971 0.0000000000
83660  -38.297  -1.957  51.615 0.0000000000
83678  -38.313  -2.176  51.088 0.0000000000
83695  -38.009  -2.477  50.567 0.0000000000
85009  -38.929  -1.845  50.551 0.0000000000
86332  -40.527  -1.625  50.496 0.0000000000
85022  -39.822  -1.860  50.111 0.0000000000
85033  -40.575  -2.730  49.593 0.0000000000
79215  -16.571  -6.562  60.037 0.0000000000
76641  -16.124  -7.796  59.688 0.0000000000
89064  -44.995  1.006  46.831 0.0000000000
89053  -44.690  0.638  47.811 0.0000000000
94624  -47.204  3.269  43.714 0.0000000000
95960  -47.137  3.493  44.646 0.0000000000
90419  -49.319  1.168  45.128 0.0000000000
91758  -48.574  1.879  45.008 0.0000000000
89093  -49.327  0.714  45.294 0.0000000000
89079  -49.561  0.116  45.426 0.0000000000
86410  -51.864  -1.787  45.177 0.0000000000
86409  -51.246  -1.478  45.309 0.0000000000
85070  -50.586  -2.542  45.738 0.0000000000
85069  -49.619  -2.644  45.703 0.0000000000
85093  -49.040  -2.724  45.613 0.0000000000
83774  -49.086  -3.320  45.523 0.0000000000
85138  -53.706  -3.356  41.713 0.0000000000
85151  -54.718  -3.553  40.474 0.0000000000
91862  -55.187  2.355  38.062 0.0000000000
91861  -54.559  2.277  38.061 0.0000000000
86507  -56.107  -1.342  38.003 0.0000000000
87865  -55.698  -0.284  38.031 0.0000000000
86506  -55.934  -1.035  38.073 0.0000000000
86505  -55.571  -1.240  37.610 0.0000000000
156931  -55.889  -1.927  37.835 0.0000000000
156927  -56.240  -3.679  38.682 0.0000000000
85153  -55.978  -3.383  39.047 0.0000000000
83838  -56.032  -3.818  39.430 0.0000000000
85140  -55.090  -4.056  41.202 0.0000000000
82437  -55.225  -4.345  40.227 0.0000000000
81022  -54.500  -4.485  40.756 0.0000000000
81040  -55.024  -4.563  40.031 0.0000000000
91642  -38.017  1.484  51.667 0.0000000000
93064  -38.824  1.495  51.287 0.0000000000
93084  -38.204  1.540  51.021 0.0000000000
93106  -38.610  1.525  50.398 0.0000000000
93126  -38.788  1.530  50.003 0.0000000000
78001  -33.440  -7.484  55.060 0.0000000000
90341  -35.606  0.043  50.948 0.0000000000
88997  -35.273  -0.236  51.275 0.0000000000
90322  -35.789  0.251  51.378 0.0000000000
90302  -35.980  0.348  51.833 0.0000000000
90285  -36.800  0.604  52.406 0.0000000000
90304  -37.278  1.106  52.120 0.0000000000
95917  -45.430  3.194  46.581 0.0000000000
94572  -45.738  3.150  46.489 0.0000000000
94573  -46.314  3.198  46.024 0.0000000000
94574  -46.970  3.157  45.520 0.0000000000
86422  -52.785  -2.561  43.471 0.0000000000
85115  -52.754  -3.043  43.775 0.0000000000
80977  -53.175  -4.293  43.277 0.0000000000
82420  -53.348  -4.630  42.437 0.0000000000
81021  -53.724  -4.958  41.240 0.0000000000
93317  -56.008  3.513  36.615 0.0000000000
98878  -56.699  6.247  33.700 0.0000000000
98861  -56.921  6.128  34.486 0.0000000000
97480  -56.758  5.990  35.075 0.0000000000
98862  -57.284  6.548  34.751 0.0000000000
98863  -57.708  6.947  34.998 0.0000000000
98842  -58.084  6.271  35.346 0.0000000000
97482  -58.205  5.875  34.844 0.0000000000
98864  -58.154  6.758  35.057 0.0000000000
98882  -58.306  6.334  33.964 0.0000000000
98895  -59.091  6.305  32.748 0.0000000000
100179  -60.647  7.007  30.337 0.0000000000
100159  -60.543  6.584  30.868 0.0000000000
100160  -61.360  6.656  30.312 0.0000000000
100161  -61.574  6.700  30.082 0.0000000000
93391  -61.928  4.285  30.624 0.0000000000
86320  -41.484  -1.079  50.808 0.0000000000
86308  -41.652  -0.582  50.992 0.0000000000
87664  -41.923  -0.241  50.980 0.0000000000
90309  -41.966  0.444  50.934 0.0000000000
94490  -41.265  1.951  49.564 0.0000000000
94473  -41.795  1.809  49.848 0.0000000000
93183  -43.234  2.506  46.654 0.0000000000
80667  -17.214  -5.807  59.664 0.0000000000
76645  -22.774  -8.479  58.802 0.0000000000
76659  -23.713  -8.765  58.749 0.0000000000
76660  -24.239  -8.992  58.394 0.0000000000
73987  -24.318  -9.710  58.380 0.0000000000
72457  -26.636  -11.314  57.675 0.0000000000
71033  -29.391  -12.269  57.809 0.0000000000
75394  -32.979  -9.262  56.376 0.0000000000
72482  -33.185  -11.312  57.322 0.0000000000
74029  -33.767  -10.400  56.892 0.0000000000
77985  -34.211  -7.460  55.819 0.0000000000
77968  -34.489  -8.403  56.312 0.0000000000
76745  -34.819  -8.494  55.552 0.0000000000
78004  -35.323  -7.030  54.653 0.0000000000
83675  -33.138  -3.932  51.699 0.0000000000
84999  -33.549  -2.911  52.780 0.0000000000
84989  -33.712  -2.631  53.343 0.0000000000
87607  -34.620  -1.809  54.171 0.0000000000
86273  -35.080  -1.917  54.485 0.0000000000
83603  -35.385  -3.712  54.433 0.0000000000
82141  -35.642  -4.048  54.169 0.0000000000
83621  -36.107  -3.377  53.517 0.0000000000
84992  -36.964  -2.559  52.846 0.0000000000
86297  -38.421  -1.047  52.522 0.0000000000
86305  -39.030  -1.105  52.079 0.0000000000
86318  -39.479  -1.214  51.506 0.0000000000
85010  -39.002  -1.635  51.111 0.0000000000
86319  -40.482  -1.098  51.057 0.0000000000
80719  -15.275  -5.902  58.063 0.0000000000
80704  -15.706  -5.463  58.884 0.0000000000
80687  -15.434  -5.372  59.385 0.0000000000
82069  -16.443  -5.483  59.755 0.0000000000
89075  -45.578  0.932  45.655 0.0000000000
89074  -45.214  0.370  45.438 0.0000000000
89090  -45.611  0.286  44.985 0.0000000000
94626  -48.472  2.470  43.450 0.0000000000
94593  -48.259  2.593  44.647 0.0000000000
93198  -49.120  1.817  44.523 0.0000000000
91776  -49.622  1.350  44.656 0.0000000000
90420  -49.919  0.912  45.031 0.0000000000
82339  -51.320  -3.718  45.398 0.0000000000
85071  -51.313  -2.537  45.627 0.0000000000
89188  -56.051  0.265  37.731 0.0000000000
89187  -55.631  0.342  37.951 0.0000000000
87867  -56.363  -0.599  37.740 0.0000000000
85219  -56.267  -2.379  37.953 0.0000000000
156922  -56.198  -2.858  38.413 0.0000000000
83921  -56.500  -3.000  37.935 0.0000000000
82503  -56.365  -3.503  38.022 0.0000000000
82463  -55.317  -4.535  39.586 0.0000000000
100137  -57.900  6.707  32.302 0.0000000000
100128  -58.068  6.742  32.896 0.0000000000
100138  -58.382  6.751  32.288 0.0000000000
100157  -58.937  6.891  31.462 0.0000000000
100178  -59.691  7.024  30.587 0.0000000000
100197  -59.491  7.183  30.114 0.0000000000
100199  -61.592  7.000  29.405 0.0000000000
90290  -40.143  0.542  51.819 0.0000000000
90291  -40.555  0.333  51.668 0.0000000000
91645  -40.155  0.979  51.580 0.0000000000
93087  -40.620  1.664  50.350 0.0000000000
93086  -39.610  1.568  50.602 0.0000000000
94529  -40.973  1.882  48.971 0.0000000000
93149  -41.381  1.948  48.517 0.0000000000
82091  -18.150  -5.267  58.907 0.0000000000
80707  -18.651  -5.288  58.345 0.0000000000
80709  -20.192  -5.663  58.713 0.0000000000
80724  -20.058  -5.795  57.980 0.0000000000
80725  -20.840  -6.159  58.157 0.0000000000
80726  -21.511  -6.506  58.226 0.0000000000
76704  -29.545  -10.182  56.908 0.0000000000
76706  -33.579  -9.145  56.885 0.0000000000
78002  -33.671  -7.142  55.409 0.0000000000
86329  -34.030  -1.747  50.763 0.0000000000
86316  -34.001  -1.845  51.751 0.0000000000
86304  -34.380  -1.359  52.258 0.0000000000
87643  -34.688  -0.818  52.993 0.0000000000
87625  -35.285  -1.076  53.782 0.0000000000
87611  -36.186  -1.766  53.630 0.0000000000
87627  -36.766  -1.147  53.298 0.0000000000
88947  -37.726  -0.186  52.731 0.0000000000
87646  -38.430  -0.305  52.584 0.0000000000
88966  -38.683  0.136  52.532 0.0000000000
88967  -39.592  0.203  52.294 0.0000000000
91720  -44.962  2.154  48.248 0.0000000000
90361  -44.494  1.214  48.306 0.0000000000
91721  -45.471  2.179  47.997 0.0000000000
93170  -45.828  2.711  46.912 0.0000000000
90391  -46.003  2.170  46.440 0.0000000000
90401  -45.945  1.546  45.692 0.0000000000
87747  -47.915  -0.048  45.278 0.0000000000
89125  -51.166  -0.440  43.915 0.0000000000
90422  -50.733  -0.184  44.471 0.0000000000
89109  -51.181  -0.643  44.347 0.0000000000
87766  -51.824  -1.376  44.819 0.0000000000
85095  -52.500  -2.760  44.396 0.0000000000
85094  -52.323  -2.591  44.975 0.0000000000
82362  -51.655  -3.916  45.084 0.0000000000
94724  -54.517  3.915  36.877 0.0000000000
93316  -54.348  3.429  37.186 0.0000000000
94707  -54.758  3.516  37.181 0.0000000000
93298  -54.908  3.001  37.625 0.0000000000
91864  -55.577  2.471  37.090 0.0000000000
90514  -55.597  1.312  37.566 0.0000000000
89203  -56.244  0.172  37.273 0.0000000000
87891  -56.746  -1.192  37.025 0.0000000000
89035  -37.000  0.087  49.261 0.0000000000
86341  -33.594  -2.438  50.282 0.0000000000
87703  -34.434  -1.363  49.858 0.0000000000
87690  -34.656  -0.929  50.283 0.0000000000
89016  -35.360  -0.306  50.429 0.0000000000
89017  -35.850  0.051  50.332 0.0000000000
90356  -36.105  0.200  50.259 0.0000000000
94622  -45.897  3.225  43.998 0.0000000000
94607  -46.108  3.417  44.288 0.0000000000
93244  -46.811  2.672  43.132 0.0000000000
94640  -47.589  2.857  43.263 0.0000000000
93248  -49.213  1.902  42.810 0.0000000000
93249  -49.628  1.323  42.585 0.0000000000
91801  -50.395  0.620  43.234 0.0000000000
90451  -51.021  0.001  43.444 0.0000000000
89126  -51.499  -0.685  43.483 0.0000000000
87803  -51.997  -1.286  43.044 0.0000000000
87791  -52.582  -1.945  43.262 0.0000000000
85128  -53.720  -3.435  42.277 0.0000000000
93351  -54.497  3.691  35.207 0.0000000000
94743  -54.509  4.182  36.087 0.0000000000
96058  -55.135  4.725  36.598 0.0000000000
96059  -55.610  4.739  36.585 0.0000000000
96060  -56.105  4.774  36.421 0.0000000000
97454  -56.684  5.563  35.440 0.0000000000
97424  -56.540  5.163  35.827 0.0000000000
93337  -57.128  4.584  35.326 0.0000000000
96094  -57.970  5.662  34.505 0.0000000000
98896  -59.598  6.101  32.326 0.0000000000
100141  -60.149  6.427  31.384 0.0000000000
98912  -59.983  6.147  31.704 0.0000000000
86321  -42.276  -1.204  50.660 0.0000000000
86322  -42.761  -1.301  50.654 0.0000000000
86323  -43.005  -1.518  50.564 0.0000000000
87680  -43.441  -0.859  50.181 0.0000000000
90327  -43.638  0.169  50.034 0.0000000000
91685  -43.592  1.192  49.306 0.0000000000
90308  -41.056  0.492  51.377 0.0000000000
91647  -41.967  0.825  50.825 0.0000000000
91667  -42.386  0.978  50.541 0.0000000000
93110  -42.398  1.745  49.740 0.0000000000
91668  -42.735  0.940  50.319 0.0000000000
91683  -42.945  1.421  49.980 0.0000000000
91699  -43.878  1.701  49.025 0.0000000000
91700  -44.257  1.792  48.639 0.0000000000
93131  -44.543  2.212  48.417 0.0000000000
94590  -45.142  3.309  45.153 0.0000000000
90358  -37.732  1.034  49.571 0.0000000000
91717  -38.933  1.213  49.260 0.0000000000
90376  -39.546  1.165  48.532 0.0000000000
91718  -39.756  1.400  48.891 0.0000000000
91719  -40.565  1.651  48.557 0.0000000000
93167  -40.910  1.720  48.388 0.0000000000
91737  -41.605  1.813  47.680 0.0000000000
93181  -41.921  2.021  47.449 0.0000000000
93182  -42.444  2.358  47.059 0.0000000000
93229  -45.329  2.762  44.117 0.0000000000
75329  -16.487  -8.403  58.568 0.0000000000
75348  -17.067  -8.596  58.187 0.0000000000
82082  -18.398  -5.417  59.171 0.0000000000
79266  -21.470  -6.622  57.498 0.0000000000
80727  -21.980  -6.933  58.230 0.0000000000
76646  -23.195  -8.890  58.725 0.0000000000
74007  -23.785  -10.298  57.860 0.0000000000
72481  -25.476  -11.377  57.490 0.0000000000
75337  -27.025  -10.370  57.716 0.0000000000
73995  -27.340  -10.933  57.688 0.0000000000
71031  -27.685  -12.282  57.570 0.0000000000
69634  -29.789  -13.610  57.280 0.0000000000
75374  -30.484  -10.390  57.067 0.0000000000
72472  -31.924  -11.236  57.735 0.0000000000
71035  -31.391  -12.167  57.565 0.0000000000
69636  -31.509  -13.078  57.103 0.0000000000
75395  -34.190  -9.665  56.423 0.0000000000
75396  -34.602  -9.291  55.974 0.0000000000
80761  -32.898  -5.497  53.417 0.0000000000
80751  -33.338  -5.322  54.263 0.0000000000
82154  -33.240  -4.513  53.512 0.0000000000
82138  -33.411  -4.656  54.120 0.0000000000
80741  -33.923  -5.262  55.152 0.0000000000
80734  -34.489  -5.234  55.230 0.0000000000
86293  -33.879  -2.337  53.233 0.0000000000
86272  -34.818  -2.060  54.469 0.0000000000
86263  -34.361  -2.914  54.556 0.0000000000
83602  -33.973  -3.558  54.597 0.0000000000
82107  -34.177  -4.092  54.838 0.0000000000
82108  -34.501  -4.409  54.953 0.0000000000
79307  -35.397  -6.428  54.524 0.0000000000
80742  -35.517  -5.372  54.438 0.0000000000
79318  -35.619  -6.661  54.115 0.0000000000
84983  -37.258  -2.022  53.104 0.0000000000
85000  -37.446  -2.304  52.416 0.0000000000
85020  -38.226  -2.775  49.275 0.0000000000
77906  -15.863  -7.374  60.058 0.0000000000
95959  -46.546  3.481  44.487 0.0000000000
95933  -47.127  3.354  45.242 0.0000000000
93185  -47.845  2.636  45.097 0.0000000000
93196  -48.140  2.722  44.971 0.0000000000
91757  -47.831  2.135  45.151 0.0000000000
87748  -48.458  -0.412  45.370 0.0000000000
89096  -50.852  -0.492  44.665 0.0000000000
89095  -50.476  -0.094  44.963 0.0000000000
87763  -49.988  -0.356  45.553 0.0000000000
87750  -50.194  -1.002  45.654 0.0000000000
87749  -49.501  -0.593  45.600 0.0000000000
86390  -49.057  -1.462  45.663 0.0000000000
86407  -48.347  -1.540  45.256 0.0000000000
86451  -53.022  -3.160  41.792 0.0000000000
93296  -53.967  2.640  37.318 0.0000000000
91860  -53.802  1.984  37.533 0.0000000000
90511  -54.208  1.364  37.940 0.0000000000
89186  -55.327  0.639  38.007 0.0000000000
89185  -54.691  0.702  37.923 0.0000000000
89184  -53.988  0.571  37.519 0.0000000000
83896  -55.124  -2.965  38.353 0.0000000000
156932  -55.200  -3.196  39.747 0.0000000000
156923  -55.980  -2.857  38.811 0.0000000000
156930  -55.213  -3.055  39.137 0.0000000000
83824  -54.540  -3.901  42.036 0.0000000000
82406  -54.566  -4.201  41.648 0.0000000000
82435  -53.900  -4.802  41.188 0.0000000000
81037  -53.681  -5.128  40.893 0.0000000000
82450  -54.898  -4.693  39.724 0.0000000000
81060  -54.076  -5.188  40.090 0.0000000000
81059  -53.388  -5.353  40.270 0.0000000000
72466  -24.190  -10.625  57.862 0.0000000000
72468  -25.763  -11.301  57.651 0.0000000000
72474  -33.358  -11.028  57.486 0.0000000000
73991  -23.673  -9.911  58.159 0.0000000000
74005  -16.413  -9.347  57.725 0.0000000000
75334  -23.980  -8.980  58.763 0.0000000000
75355  -25.981  -9.669  57.726 0.0000000000
77915  -23.282  -8.595  58.859 0.0000000000
80956  -52.276  -4.254  44.133 0.0000000000
80999  -53.298  -4.362  43.083 0.0000000000
81023  -54.742  -4.503  40.444 0.0000000000
81039  -54.532  -4.653  40.373 0.0000000000
81061  -54.590  -4.877  39.891 0.0000000000
81062  -54.956  -4.872  39.999 0.0000000000
81063  -55.252  -4.766  39.777 0.0000000000
81080  -55.552  -4.950  39.738 0.0000000000
81081  -55.367  -4.931  39.862 0.0000000000
82081  -17.744  -5.457  59.281 0.0000000000
82088  -15.816  -5.326  59.417 0.0000000000
82124  -35.769  -3.836  54.141 0.0000000000
82361  -51.234  -4.040  45.249 0.0000000000
82382  -52.550  -4.059  43.933 0.0000000000
82403  -53.226  -4.487  42.858 0.0000000000
82404  -53.437  -4.338  42.871 0.0000000000
82405  -54.204  -4.274  42.219 0.0000000000
82422  -54.162  -4.567  41.288 0.0000000000
82423  -54.793  -4.143  41.009 0.0000000000
82436  -54.143  -4.717  40.811 0.0000000000
82449  -54.681  -4.796  39.704 0.0000000000
82451  -55.595  -4.436  39.530 0.0000000000
82461  -54.797  -4.757  39.499 0.0000000000
82462  -55.033  -4.737  39.475 0.0000000000
82477  -55.512  -4.535  38.809 0.0000000000
82478  -55.817  -4.412  38.860 0.0000000000
82479  -56.167  -3.064  38.562 0.0000000000
83585  -34.192  -3.443  54.662 0.0000000000
83679  -38.534  -1.861  51.343 0.0000000000
83757  -51.060  -3.266  45.594 0.0000000000
83758  -51.618  -3.236  45.440 0.0000000000
83777  -52.674  -3.740  43.868 0.0000000000
83813  -54.511  -4.137  41.998 0.0000000000
83837  -55.237  -3.975  40.625 0.0000000000
83920  -56.458  -3.302  37.805 0.0000000000
84953  -34.187  -3.152  54.578 0.0000000000
84954  -34.530  -3.066  54.603 0.0000000000
84967  -33.959  -2.976  54.531 0.0000000000
84968  -35.118  -2.510  54.554 0.0000000000
84980  -33.912  -2.970  54.398 0.0000000000
85012  -42.084  -1.811  50.388 0.0000000000
85013  -42.674  -1.993  50.514 0.0000000000
85014  -42.983  -2.155  50.524 0.0000000000
85092  -48.470  -2.710  45.231 0.0000000000
85113  -47.450  -2.750  44.798 0.0000000000
85117  -53.996  -4.018  42.778 0.0000000000
85137  -53.159  -3.111  42.018 0.0000000000
86264  -34.685  -2.634  54.564 0.0000000000
86271  -34.413  -2.520  54.421 0.0000000000
86275  -35.827  -2.193  53.928 0.0000000000
86296  -37.668  -1.376  52.773 0.0000000000
86302  -33.830  -2.370  52.940 0.0000000000
86389  -48.870  -1.715  45.506 0.0000000000
86393  -51.513  -1.984  45.536 0.0000000000
86408  -48.574  -1.051  45.468 0.0000000000
86429  -53.027  -2.803  42.296 0.0000000000
86437  -53.039  -3.132  42.224 0.0000000000
87608  -34.964  -1.509  54.276 0.0000000000
87642  -34.419  -1.548  53.304 0.0000000000
87666  -42.984  -0.336  50.818 0.0000000000
87678  -42.923  -0.973  50.670 0.0000000000
87689  -34.327  -1.419  50.260 0.0000000000
87691  -43.876  -0.970  49.756 0.0000000000
87692  -44.260  -1.027  49.285 0.0000000000
87745  -44.985  0.257  45.591 0.0000000000
87746  -44.833  0.065  45.865 0.0000000000
87758  -45.057  0.157  45.382 0.0000000000
87759  -45.273  -0.340  45.010 0.0000000000
87762  -48.260  -0.836  45.336 0.0000000000
87776  -51.415  -1.012  44.648 0.0000000000
88948  -38.197  -0.248  52.609 0.0000000000
88964  -36.133  -0.405  53.285 0.0000000000
88968  -40.257  0.165  51.854 0.0000000000
88986  -43.155  -0.245  50.731 0.0000000000
88998  -43.265  0.279  50.495 0.0000000000
89018  -43.932  -0.133  49.553 0.0000000000
89033  -35.385  -0.507  49.849 0.0000000000
89076  -46.520  1.000  45.314 0.0000000000
89077  -47.605  0.580  45.237 0.0000000000
89089  -45.258  0.168  45.151 0.0000000000
89140  -51.440  -0.480  42.934 0.0000000000
89153  -51.259  -0.533  42.456 0.0000000000
90268  -36.499  0.355  52.649 0.0000000000
90269  -36.812  0.240  52.826 0.0000000000
90289  -39.445  0.632  52.300 0.0000000000
90306  -38.301  0.991  52.427 0.0000000000
90345  -43.441  0.949  49.708 0.0000000000
90346  -43.633  0.621  49.633 0.0000000000
90438  -50.635  0.137  44.137 0.0000000000
90452  -51.326  -0.298  43.225 0.0000000000
90462  -51.021  0.078  42.795 0.0000000000
90463  -51.262  -0.108  43.074 0.0000000000
91627  -39.784  0.749  52.017 0.0000000000
91640  -37.088  1.245  51.645 0.0000000000
91646  -41.139  0.821  51.232 0.0000000000
91648  -42.346  0.686  50.715 0.0000000000
91664  -36.944  1.080  51.545 0.0000000000
91665  -37.182  1.266  51.245 0.0000000000
91669  -43.150  0.841  50.111 0.0000000000
91681  -37.816  1.429  50.537 0.0000000000
91684  -43.402  1.349  49.580 0.0000000000
91696  -37.922  1.394  50.003 0.0000000000
91697  -38.675  1.409  49.711 0.0000000000
91701  -44.958  1.784  48.165 0.0000000000
91739  -46.154  2.511  46.264 0.0000000000
91775  -49.126  1.647  44.987 0.0000000000
91777  -50.085  0.911  44.459 0.0000000000
91788  -49.961  1.019  44.008 0.0000000000
91800  -49.911  1.151  43.332 0.0000000000
91813  -49.989  1.037  42.824 0.0000000000
91814  -50.341  0.578  42.579 0.0000000000
91830  -50.244  0.574  42.307 0.0000000000
93063  -38.406  1.528  51.206 0.0000000000
93068  -41.689  0.976  50.897 0.0000000000
93090  -42.877  1.281  49.987 0.0000000000
93109  -42.018  1.788  49.776 0.0000000000
93129  -43.533  2.179  49.061 0.0000000000
93147  -39.904  1.535  49.233 0.0000000000
93150  -44.369  2.565  48.314 0.0000000000
93168  -41.499  1.798  48.007 0.0000000000
93169  -42.075  2.138  47.575 0.0000000000
93186  -48.449  2.217  44.971 0.0000000000
93213  -48.678  2.173  44.477 0.0000000000
93214  -49.158  1.840  44.004 0.0000000000
93232  -49.611  1.501  43.067 0.0000000000
93245  -47.429  2.549  42.754 0.0000000000
93247  -48.957  2.044  42.697 0.0000000000
93260  -48.925  1.786  42.380 0.0000000000
93261  -49.458  1.386  42.333 0.0000000000
93262  -49.654  1.189  42.357 0.0000000000
93299  -55.205  3.065  37.385 0.0000000000
93315  -54.094  3.141  36.972 0.0000000000
93333  -53.917  3.287  36.216 0.0000000000
93334  -54.136  3.696  35.882 0.0000000000
94575  -47.705  3.040  45.086 0.0000000000
94591  -47.444  3.241  45.149 0.0000000000
94605  -44.912  3.166  44.987 0.0000000000
94609  -48.395  2.482  44.088 0.0000000000
94610  -48.840  2.193  43.638 0.0000000000
94623  -46.590  3.273  43.764 0.0000000000
94627  -48.989  2.228  43.177 0.0000000000
94639  -47.140  2.984  43.344 0.0000000000
94643  -49.052  2.187  42.938 0.0000000000
94655  -48.805  2.107  42.661 0.0000000000
94706  -54.502  3.498  37.185 0.0000000000
94709  -55.428  3.709  36.958 0.0000000000
94723  -54.109  3.643  36.691 0.0000000000
94755  -54.888  4.472  35.179 0.0000000000
94799  -61.317  4.713  31.270 0.0000000000
94800  -61.695  4.710  30.711 0.0000000000
95947  -46.617  3.526  45.151 0.0000000000
95948  -47.338  3.428  45.027 0.0000000000
95949  -48.105  3.251  45.073 0.0000000000
95961  -47.571  3.322  44.613 0.0000000000
95973  -47.173  3.452  43.915 0.0000000000
95974  -47.310  3.402  44.247 0.0000000000
96057  -54.802  4.452  36.508 0.0000000000
96091  -55.205  5.036  35.527 0.0000000000
96126  -55.606  5.011  33.966 0.0000000000
96127  -55.999  5.516  33.679 0.0000000000
96154  -60.586  5.447  31.755 0.0000000000
96175  -56.062  5.666  32.369 0.0000000000
96176  -61.563  5.443  30.700 0.0000000000
96177  -62.058  5.208  30.398 0.0000000000
97422  -55.657  5.055  36.304 0.0000000000
97481  -57.891  5.998  35.226 0.0000000000
97508  -58.952  5.711  33.653 0.0000000000
97532  -56.315  5.938  33.369 0.0000000000
97592  -61.334  5.879  30.755 0.0000000000
98865  -58.180  6.321  34.500 0.0000000000
98911  -59.558  6.317  32.111 0.0000000000
98933  -60.467  6.351  31.225 0.0000000000
98935  -61.404  6.447  30.454 0.0000000000
98955  -57.821  6.534  31.159 0.0000000000
98957  -61.754  6.561  30.001 0.0000000000
100115  -57.848  6.730  33.563 0.0000000000
156920  -56.054  -3.140  38.977 0.0000000000
156921  -56.135  -3.245  38.733 0.0000000000
156924  -56.010  -2.813  38.573 0.0000000000
156925  -55.747  -3.208  38.934 0.0000000000
156926  -55.768  -3.030  38.845 0.0000000000
156928  -56.324  -3.814  38.043 0.0000000000
