#!ascii label  , from subject S2_Demo vox2ras=TkReg
1696
94457  -31.338  6.377  52.046 0.0000000000
103724  -54.933  12.994  30.216 0.0000000000
91880  -41.252  3.225  35.741 0.0000000000
76832  -4.193  -8.384  48.717 0.0000000000
82168  -19.130  -2.894  51.792 0.0000000000
91655  -6.884  2.826  51.395 0.0000000000
90254  -2.267  1.370  54.346 0.0000000000
93385  -48.495  4.600  32.530 0.0000000000
91779  -10.440  2.841  44.162 0.0000000000
75397  -2.595  -9.037  54.959 0.0000000000
91782  -34.742  3.154  44.056 0.0000000000
87675  -26.956  -0.262  51.530 0.0000000000
83634  -25.196  -2.272  52.838 0.0000000000
103787  -57.776  12.608  27.687 0.0000000000
90568  -43.491  1.814  34.135 0.0000000000
82240  -14.634  -4.095  49.362 0.0000000000
95934  -5.668  5.524  45.331 0.0000000000
86355  -3.504  -2.346  47.916 0.0000000000
86375  -6.457  -1.889  46.742 0.0000000000
78132  -5.459  -7.082  44.710 0.0000000000
80658  -6.379  -4.036  59.209 0.0000000000
79223  -3.237  -4.508  57.943 0.0000000000
94700  -39.556  4.649  38.723 0.0000000000
84941  -23.621  -1.248  54.760 0.0000000000
82247  -21.900  -3.465  48.763 0.0000000000
91630  -3.919  2.658  52.914 0.0000000000
83662  -2.561  -3.686  51.338 0.0000000000
101269  -51.588  9.743  32.353 0.0000000000
82095  -9.259  -3.067  56.647 0.0000000000
82146  -11.380  -3.382  53.371 0.0000000000
93133  -9.181  2.793  48.431 0.0000000000
85120  -9.385  -2.488  43.437 0.0000000000
88863  -3.042  0.571  57.095 0.0000000000
82125  -1.237  -4.077  54.776 0.0000000000
76777  -2.428  -8.523  52.364 0.0000000000
95867  -33.378  7.060  49.198 0.0000000000
94469  -31.130  6.020  50.885 0.0000000000
93125  -32.777  5.931  48.073 0.0000000000
93045  -29.187  4.391  53.414 0.0000000000
93059  -28.362  3.999  51.735 0.0000000000
90252  -28.670  2.978  54.271 0.0000000000
103747  -56.523  13.128  29.298 0.0000000000
102556  -51.697  10.530  28.989 0.0000000000
102570  -53.370  10.779  27.628 0.0000000000
100245  -53.891  9.380  25.593 0.0000000000
91920  -42.069  2.319  34.592 0.0000000000
93341  -38.534  3.584  35.818 0.0000000000
91917  -39.643  2.691  34.157 0.0000000000
90583  -40.707  1.909  33.299 0.0000000000
82266  -3.443  -4.954  47.927 0.0000000000
83744  -3.600  -3.735  46.247 0.0000000000
76852  -4.692  -7.638  47.402 0.0000000000
72656  -6.459  -11.371  45.682 0.0000000000
72643  -5.561  -11.218  47.778 0.0000000000
79253  -5.789  -5.409  55.952 0.0000000000
79238  -5.161  -5.390  57.037 0.0000000000
95996  -39.384  5.636  41.296 0.0000000000
93227  -36.515  4.634  43.623 0.0000000000
91822  -35.131  2.484  41.466 0.0000000000
94651  -36.847  4.348  41.871 0.0000000000
94698  -37.495  4.417  39.223 0.0000000000
90205  -25.316  3.075  56.235 0.0000000000
80836  -24.833  -3.982  49.352 0.0000000000
80788  -23.621  -3.329  50.512 0.0000000000
99081  -56.080  7.665  23.187 0.0000000000
100308  -56.975  8.632  22.021 0.0000000000
91649  -3.023  1.774  53.163 0.0000000000
87668  -2.853  -0.673  51.057 0.0000000000
86300  -1.397  -0.965  52.755 0.0000000000
98907  -50.434  7.136  32.455 0.0000000000
90636  -44.102  2.225  30.781 0.0000000000
93420  -46.891  4.363  30.484 0.0000000000
97642  -48.140  6.309  30.054 0.0000000000
83542  -9.926  -2.480  59.565 0.0000000000
83554  -11.179  -2.216  57.783 0.0000000000
95871  -6.763  5.560  49.785 0.0000000000
94515  -7.506  4.894  48.583 0.0000000000
93114  -8.225  3.390  49.824 0.0000000000
83799  -5.406  -3.958  43.254 0.0000000000
85078  -7.840  -2.338  45.380 0.0000000000
82410  -6.824  -4.343  42.011 0.0000000000
88865  -4.296  0.076  57.578 0.0000000000
77949  -2.937  -6.705  55.825 0.0000000000
80713  -2.084  -4.009  56.415 0.0000000000
79293  -2.386  -5.977  55.066 0.0000000000
79319  -2.242  -6.772  53.275 0.0000000000
76761  -2.398  -8.577  53.778 0.0000000000
93165  -35.205  5.081  45.935 0.0000000000
88880  -26.807  2.127  55.697 0.0000000000
88897  -28.317  2.078  55.032 0.0000000000
83656  -26.744  -2.394  51.256 0.0000000000
102584  -58.369  11.427  25.883 0.0000000000
100262  -55.771  9.034  24.899 0.0000000000
91939  -46.377  2.666  33.212 0.0000000000
89287  -41.683  0.679  31.551 0.0000000000
82244  -17.809  -3.481  49.123 0.0000000000
80784  -16.996  -3.481  50.714 0.0000000000
93189  -8.042  3.699  45.474 0.0000000000
89021  -4.752  -0.060  49.321 0.0000000000
87711  -6.352  -0.600  48.811 0.0000000000
86357  -4.355  -1.562  47.546 0.0000000000
83778  -3.857  -3.615  44.689 0.0000000000
78170  -5.419  -7.095  42.809 0.0000000000
84909  -6.643  -2.362  60.299 0.0000000000
86220  -4.396  -1.679  60.091 0.0000000000
80656  -4.812  -3.885  59.083 0.0000000000
79236  -3.937  -5.720  56.929 0.0000000000
93310  -40.520  3.939  37.534 0.0000000000
93320  -37.665  3.794  36.811 0.0000000000
83611  -20.490  -2.562  54.151 0.0000000000
83599  -24.642  -1.623  54.133 0.0000000000
82170  -22.088  -2.628  52.232 0.0000000000
83667  -20.415  -3.050  51.050 0.0000000000
97224  -6.164  6.177  51.872 0.0000000000
95828  -5.317  5.810  53.026 0.0000000000
91653  -4.961  2.230  51.819 0.0000000000
89002  -3.972  0.307  49.952 0.0000000000
85027  -3.175  -3.003  49.509 0.0000000000
80797  -3.181  -5.670  50.031 0.0000000000
103722  -53.253  12.064  31.534 0.0000000000
98976  -49.782  8.288  29.897 0.0000000000
84911  -8.710  -2.189  60.159 0.0000000000
80681  -7.886  -3.324  58.111 0.0000000000
79276  -7.177  -4.675  55.269 0.0000000000
82166  -15.152  -3.276  52.450 0.0000000000
82132  -13.987  -2.842  54.416 0.0000000000
82098  -12.302  -2.378  56.239 0.0000000000
82113  -10.391  -3.160  55.037 0.0000000000
80756  -8.085  -4.389  53.486 0.0000000000
97287  -5.117  6.475  46.734 0.0000000000
94560  -7.848  4.404  47.093 0.0000000000
91740  -9.976  2.987  46.001 0.0000000000
87713  -8.245  -0.433  48.400 0.0000000000
89056  -10.261  0.140  47.103 0.0000000000
87768  -11.364  -0.355  44.516 0.0000000000
88899  -2.045  0.633  56.051 0.0000000000
84914  -2.771  -2.465  57.902 0.0000000000
84942  -1.783  -2.159  56.406 0.0000000000
86277  -1.059  -0.910  54.570 0.0000000000
83642  -1.895  -3.495  53.141 0.0000000000
80764  -2.557  -5.664  51.736 0.0000000000
76804  -2.990  -8.178  50.664 0.0000000000
72511  -1.931  -11.935  53.971 0.0000000000
72549  -2.379  -11.424  52.711 0.0000000000
72588  -3.767  -11.456  49.831 0.0000000000
95853  -32.448  6.790  50.669 0.0000000000
95824  -32.464  7.520  51.796 0.0000000000
94470  -31.950  6.453  50.774 0.0000000000
94471  -32.571  6.760  50.172 0.0000000000
94439  -30.331  5.455  52.834 0.0000000000
94455  -30.095  5.342  52.277 0.0000000000
94433  -31.324  6.713  53.131 0.0000000000
93047  -29.863  5.252  53.832 0.0000000000
102477  -55.774  13.019  29.417 0.0000000000
103783  -52.816  11.210  29.564 0.0000000000
101343  -52.331  10.520  28.132 0.0000000000
103785  -53.961  11.477  28.366 0.0000000000
102560  -55.160  11.587  27.989 0.0000000000
91898  -41.489  2.927  35.306 0.0000000000
91899  -42.605  2.648  35.390 0.0000000000
93344  -41.805  3.258  35.842 0.0000000000
91896  -39.436  3.071  34.988 0.0000000000
91897  -40.486  3.115  35.299 0.0000000000
91918  -40.697  2.775  34.506 0.0000000000
79385  -3.526  -6.100  48.009 0.0000000000
79386  -3.755  -6.478  47.678 0.0000000000
76843  -4.590  -8.240  47.940 0.0000000000
75527  -5.278  -9.293  47.370 0.0000000000
75508  -4.414  -9.247  48.581 0.0000000000
77971  -5.827  -6.058  54.720 0.0000000000
77952  -5.175  -6.398  55.624 0.0000000000
94604  -37.621  5.548  43.791 0.0000000000
94636  -36.620  4.315  42.477 0.0000000000
94638  -37.827  5.354  42.553 0.0000000000
94653  -37.762  5.085  41.218 0.0000000000
100284  -57.198  9.111  24.038 0.0000000000
100294  -56.781  8.041  22.960 0.0000000000
101401  -57.793  9.432  22.403 0.0000000000
90272  -2.598  2.214  53.938 0.0000000000
88970  -2.398  0.509  53.070 0.0000000000
87630  -1.863  -0.043  53.467 0.0000000000
97559  -49.524  5.931  32.579 0.0000000000
98891  -50.702  7.131  33.248 0.0000000000
91958  -47.011  3.481  31.972 0.0000000000
91989  -45.568  3.419  30.534 0.0000000000
93409  -47.446  4.355  31.179 0.0000000000
96172  -48.438  5.452  31.463 0.0000000000
84918  -11.908  -1.717  58.618 0.0000000000
83549  -11.953  -1.697  58.143 0.0000000000
83629  -19.356  -2.749  53.403 0.0000000000
83647  -18.093  -2.862  52.662 0.0000000000
93221  -9.959  3.275  43.396 0.0000000000
94475  -7.350  4.229  50.978 0.0000000000
94495  -7.644  4.593  49.900 0.0000000000
91673  -7.463  2.407  50.877 0.0000000000
81001  -5.247  -5.420  42.264 0.0000000000
83814  -5.928  -4.113  42.622 0.0000000000
79518  -6.030  -5.986  41.169 0.0000000000
90197  -5.217  1.025  56.842 0.0000000000
88867  -5.784  -0.193  57.605 0.0000000000
76709  -2.733  -7.820  55.433 0.0000000000
79273  -2.608  -6.073  55.707 0.0000000000
76729  -2.567  -7.916  54.913 0.0000000000
77987  -2.496  -7.208  54.660 0.0000000000
75417  -2.590  -9.493  54.139 0.0000000000
94507  -34.143  6.334  47.806 0.0000000000
93146  -34.049  5.211  46.660 0.0000000000
94527  -35.343  6.322  46.943 0.0000000000
94566  -36.393  5.420  45.290 0.0000000000
88959  -27.883  0.703  53.120 0.0000000000
86289  -27.566  -0.289  53.104 0.0000000000
85006  -26.778  -1.423  50.989 0.0000000000
82254  -26.447  -3.119  49.324 0.0000000000
103788  -58.201  12.475  27.035 0.0000000000
102573  -56.117  10.875  26.853 0.0000000000
100246  -55.006  9.465  25.381 0.0000000000
101356  -56.830  10.470  26.469 0.0000000000
101374  -56.422  9.557  25.238 0.0000000000
90570  -44.902  2.051  33.599 0.0000000000
91923  -46.350  2.593  34.146 0.0000000000
91922  -45.415  2.354  34.357 0.0000000000
90584  -41.657  1.740  33.144 0.0000000000
90604  -41.193  1.355  32.620 0.0000000000
89251  -42.355  1.466  32.727 0.0000000000
90606  -43.327  1.524  32.495 0.0000000000
94594  -5.838  4.677  44.775 0.0000000000
93201  -7.155  3.716  44.612 0.0000000000
93187  -6.550  4.360  45.326 0.0000000000
89039  -4.374  -0.745  48.640 0.0000000000
87722  -4.706  -1.011  48.177 0.0000000000
86356  -3.833  -1.688  47.743 0.0000000000
80929  -4.238  -5.701  45.289 0.0000000000
83760  -3.640  -3.584  45.508 0.0000000000
80958  -4.301  -5.291  44.452 0.0000000000
80978  -4.627  -5.224  43.647 0.0000000000
78151  -5.492  -7.099  43.672 0.0000000000
75597  -6.489  -9.591  43.579 0.0000000000
83539  -7.048  -3.259  60.209 0.0000000000
83538  -6.062  -3.333  60.246 0.0000000000
80657  -5.618  -3.994  59.132 0.0000000000
76669  -4.368  -6.801  55.916 0.0000000000
77917  -4.736  -5.478  57.190 0.0000000000
76668  -3.854  -6.936  55.962 0.0000000000
76667  -3.563  -6.871  55.961 0.0000000000
94721  -40.017  4.268  37.815 0.0000000000
94699  -38.493  4.564  38.837 0.0000000000
93289  -37.379  4.223  38.330 0.0000000000
94719  -38.830  4.444  38.201 0.0000000000
93309  -39.444  4.178  37.287 0.0000000000
87575  -22.798  -0.649  54.311 0.0000000000
84946  -21.215  -1.958  55.424 0.0000000000
83596  -21.520  -2.217  54.766 0.0000000000
86260  -26.307  -0.190  54.972 0.0000000000
86254  -25.736  -0.037  54.998 0.0000000000
83616  -25.363  -1.829  53.680 0.0000000000
82216  -22.716  -3.401  49.993 0.0000000000
80771  -23.152  -3.164  50.977 0.0000000000
83688  -22.062  -3.005  50.824 0.0000000000
83668  -21.269  -2.872  51.373 0.0000000000
83706  -21.118  -3.260  49.424 0.0000000000
83705  -19.922  -3.318  49.302 0.0000000000
93050  -3.939  3.327  53.492 0.0000000000
93051  -4.512  3.375  53.002 0.0000000000
93052  -5.259  3.871  52.772 0.0000000000
91652  -4.166  2.189  52.353 0.0000000000
90315  -4.701  1.543  51.571 0.0000000000
90329  -3.805  0.738  51.093 0.0000000000
86311  -2.417  -1.397  51.653 0.0000000000
86325  -2.626  -1.659  50.749 0.0000000000
85017  -2.694  -2.752  50.533 0.0000000000
83702  -3.253  -3.994  49.332 0.0000000000
83685  -2.862  -3.825  50.290 0.0000000000
102476  -52.443  10.844  32.007 0.0000000000
104964  -54.238  13.691  32.506 0.0000000000
102439  -53.111  12.052  33.653 0.0000000000
98952  -50.080  7.662  30.870 0.0000000000
97643  -48.807  7.100  29.941 0.0000000000
100175  -50.800  9.300  31.124 0.0000000000
101300  -51.125  10.036  30.367 0.0000000000
86225  -9.224  -1.362  60.189 0.0000000000
83552  -9.254  -2.795  58.210 0.0000000000
82064  -8.697  -2.837  58.814 0.0000000000
82094  -8.477  -3.269  57.313 0.0000000000
80716  -7.818  -3.790  56.447 0.0000000000
79345  -15.382  -3.868  49.606 0.0000000000
82188  -16.222  -3.450  51.537 0.0000000000
82212  -15.154  -3.703  50.774 0.0000000000
82163  -12.676  -3.480  52.526 0.0000000000
80757  -13.116  -3.432  53.139 0.0000000000
82147  -12.311  -3.340  53.610 0.0000000000
82116  -13.383  -2.665  55.109 0.0000000000
82115  -12.383  -2.689  55.095 0.0000000000
82102  -11.497  -2.626  55.804 0.0000000000
82128  -10.322  -3.339  54.184 0.0000000000
82144  -8.756  -3.866  52.941 0.0000000000
97274  -5.263  6.591  47.651 0.0000000000
94538  -8.050  4.273  48.046 0.0000000000
94537  -7.372  4.728  47.447 0.0000000000
93153  -8.574  3.954  47.418 0.0000000000
93174  -9.085  3.613  46.517 0.0000000000
91722  -10.049  2.821  47.221 0.0000000000
86359  -5.977  -1.441  47.525 0.0000000000
87712  -7.408  -0.534  48.747 0.0000000000
86360  -6.968  -1.378  47.387 0.0000000000
85101  -8.609  -2.539  44.290 0.0000000000
86395  -8.619  -1.861  46.010 0.0000000000
85080  -9.550  -1.893  45.248 0.0000000000
89066  -11.023  0.181  46.209 0.0000000000
85103  -10.262  -1.786  44.350 0.0000000000
86431  -10.637  -1.633  43.244 0.0000000000
88882  -2.710  0.521  56.933 0.0000000000
82057  -3.148  -3.630  59.832 0.0000000000
86218  -3.682  -2.567  59.107 0.0000000000
83545  -3.163  -3.052  58.752 0.0000000000
80728  -1.876  -4.331  55.820 0.0000000000
82093  -1.940  -3.315  56.704 0.0000000000
83589  -1.051  -2.853  55.485 0.0000000000
84957  -0.707  -1.254  55.506 0.0000000000
83605  -0.897  -3.058  54.608 0.0000000000
84985  -0.917  -2.291  53.649 0.0000000000
83606  -1.110  -3.708  54.446 0.0000000000
78038  -2.385  -7.671  52.755 0.0000000000
80763  -2.210  -5.660  52.621 0.0000000000
78039  -2.585  -7.536  51.965 0.0000000000
78052  -2.898  -7.393  51.186 0.0000000000
76789  -2.608  -8.373  51.559 0.0000000000
71087  -1.417  -13.060  53.797 0.0000000000
72529  -2.219  -11.704  53.431 0.0000000000
94489  -34.312  7.147  48.491 0.0000000000
94484  -30.828  5.538  49.751 0.0000000000
93102  -31.789  5.712  48.653 0.0000000000
93103  -32.121  5.959  48.746 0.0000000000
94487  -32.936  6.537  49.071 0.0000000000
90300  -28.101  1.859  53.374 0.0000000000
93061  -29.004  4.387  52.797 0.0000000000
93083  -29.373  4.861  51.484 0.0000000000
91624  -28.965  3.828  53.896 0.0000000000
105038  -56.984  13.932  28.913 0.0000000000
101362  -51.671  9.674  26.792 0.0000000000
100244  -52.781  9.449  25.819 0.0000000000
100280  -52.817  8.739  24.777 0.0000000000
101355  -54.255  10.643  26.747 0.0000000000
102561  -55.912  11.461  27.669 0.0000000000
90567  -42.610  2.102  34.308 0.0000000000
90553  -44.175  2.021  34.655 0.0000000000
90551  -43.136  2.274  35.050 0.0000000000
91883  -44.591  2.802  36.106 0.0000000000
91894  -37.592  3.348  35.189 0.0000000000
91915  -37.622  2.983  34.303 0.0000000000
91935  -37.705  2.557  33.249 0.0000000000
90581  -38.831  2.259  32.953 0.0000000000
90601  -39.013  1.835  32.499 0.0000000000
90582  -39.781  2.202  33.361 0.0000000000
90566  -41.571  2.243  33.933 0.0000000000
85046  -3.524  -3.622  47.677 0.0000000000
85045  -3.542  -3.055  47.226 0.0000000000
82292  -3.563  -4.712  47.362 0.0000000000
79403  -4.097  -6.387  46.551 0.0000000000
78115  -5.368  -7.374  45.734 0.0000000000
76863  -6.332  -8.881  45.145 0.0000000000
75543  -6.026  -9.314  46.317 0.0000000000
72644  -6.046  -11.080  47.210 0.0000000000
80697  -6.044  -4.685  57.472 0.0000000000
79227  -5.398  -4.955  57.714 0.0000000000
79239  -5.687  -5.150  56.798 0.0000000000
94666  -39.864  5.182  39.941 0.0000000000
93208  -35.813  4.146  44.303 0.0000000000
91794  -35.066  2.698  43.121 0.0000000000
93226  -36.072  3.937  43.455 0.0000000000
93257  -36.263  3.728  41.535 0.0000000000
93270  -36.131  3.741  40.534 0.0000000000
94679  -36.663  4.254  40.275 0.0000000000
94681  -38.514  4.974  39.830 0.0000000000
88892  -24.696  1.506  54.965 0.0000000000
82195  -24.906  -3.370  50.755 0.0000000000
83652  -24.555  -2.957  51.734 0.0000000000
80809  -24.130  -3.545  49.919 0.0000000000
82249  -23.439  -3.739  49.192 0.0000000000
99090  -55.603  7.331  22.616 0.0000000000
99098  -56.222  7.918  21.838 0.0000000000
100306  -55.857  8.127  21.347 0.0000000000
101405  -55.768  9.188  20.297 0.0000000000
91651  -3.492  1.913  52.699 0.0000000000
90313  -3.403  1.060  51.869 0.0000000000
88987  -2.585  0.412  52.024 0.0000000000
87651  -2.199  -0.359  52.465 0.0000000000
85003  -2.141  -1.843  52.193 0.0000000000
98929  -50.815  8.338  32.139 0.0000000000
100125  -52.022  9.185  33.869 0.0000000000
92008  -44.890  3.340  29.750 0.0000000000
94821  -45.985  4.557  29.418 0.0000000000
96216  -46.685  5.343  29.478 0.0000000000
96203  -47.538  5.304  30.428 0.0000000000
97616  -49.005  6.516  30.942 0.0000000000
86226  -10.178  -1.398  60.063 0.0000000000
86227  -10.892  -1.524  59.698 0.0000000000
83547  -10.326  -2.472  58.896 0.0000000000
82087  -9.753  -2.715  57.231 0.0000000000
82183  -11.270  -3.646  51.054 0.0000000000
82145  -10.161  -3.464  53.153 0.0000000000
95870  -5.995  6.156  49.133 0.0000000000
95885  -5.947  6.199  48.046 0.0000000000
95887  -7.197  5.217  49.306 0.0000000000
94516  -8.189  4.186  49.148 0.0000000000
91686  -8.539  2.492  49.569 0.0000000000
85076  -5.432  -3.021  45.023 0.0000000000
85057  -6.979  -2.236  46.013 0.0000000000
85099  -6.228  -3.203  44.348 0.0000000000
83801  -6.998  -3.433  42.995 0.0000000000
83802  -7.657  -3.368  42.687 0.0000000000
91565  -5.580  2.281  56.657 0.0000000000
90196  -4.588  1.167  57.046 0.0000000000
88864  -3.580  -0.126  57.477 0.0000000000
79234  -3.149  -4.882  57.260 0.0000000000
82084  -2.517  -3.936  57.580 0.0000000000
79252  -2.677  -5.311  56.426 0.0000000000
79272  -2.292  -5.232  55.718 0.0000000000
80738  -2.211  -5.259  55.015 0.0000000000
80744  -2.052  -5.075  54.487 0.0000000000
79308  -2.210  -6.393  54.182 0.0000000000
78023  -2.334  -7.851  53.394 0.0000000000
76776  -2.300  -8.630  53.096 0.0000000000
91750  -33.911  3.828  45.471 0.0000000000
93144  -32.914  4.883  47.081 0.0000000000
91734  -34.146  4.513  46.123 0.0000000000
91771  -34.972  4.181  45.234 0.0000000000
93192  -36.091  4.836  44.815 0.0000000000
94585  -36.729  5.312  44.729 0.0000000000
86280  -27.016  -0.703  54.005 0.0000000000
87596  -28.203  1.382  54.783 0.0000000000
84987  -27.436  -0.586  53.534 0.0000000000
83654  -25.946  -2.522  52.122 0.0000000000
80811  -25.784  -3.787  49.780 0.0000000000
99062  -54.192  7.947  24.191 0.0000000000
99064  -55.611  7.919  23.718 0.0000000000
100264  -57.314  9.376  24.531 0.0000000000
91940  -47.070  3.199  32.891 0.0000000000
94780  -49.181  4.592  34.023 0.0000000000
93357  -48.292  3.879  34.308 0.0000000000
89266  -39.904  1.204  32.174 0.0000000000
90621  -42.816  1.436  31.359 0.0000000000
90608  -44.854  2.224  32.045 0.0000000000
80833  -18.305  -3.399  50.195 0.0000000000
82190  -17.835  -3.194  51.257 0.0000000000
80831  -16.946  -3.774  49.474 0.0000000000
80830  -16.041  -3.944  49.154 0.0000000000
93202  -8.120  3.431  44.449 0.0000000000
93203  -9.190  3.428  44.270 0.0000000000
90331  -5.791  1.071  50.957 0.0000000000
90332  -6.829  1.311  50.719 0.0000000000
89022  -5.667  -0.039  49.490 0.0000000000
87723  -5.442  -0.829  48.344 0.0000000000
86374  -5.470  -1.967  46.784 0.0000000000
85053  -3.764  -2.829  46.427 0.0000000000
85054  -4.224  -2.606  46.143 0.0000000000
85075  -4.435  -3.050  45.244 0.0000000000
83798  -4.780  -4.071  43.866 0.0000000000
87549  -5.110  -0.705  59.786 0.0000000000
86221  -5.232  -1.554  60.155 0.0000000000
83536  -4.184  -3.256  60.183 0.0000000000
80655  -4.059  -3.666  59.080 0.0000000000
79226  -4.897  -5.171  57.766 0.0000000000
79225  -4.197  -5.162  57.732 0.0000000000
79224  -3.606  -4.771  57.859 0.0000000000
77931  -3.485  -6.361  56.347 0.0000000000
76687  -3.200  -7.228  55.776 0.0000000000
75379  -2.859  -8.379  55.499 0.0000000000
93323  -40.485  3.444  36.292 0.0000000000
93324  -41.567  3.356  36.383 0.0000000000
93311  -41.491  3.575  37.322 0.0000000000
91808  -34.938  2.508  42.178 0.0000000000
93339  -36.977  3.724  36.281 0.0000000000
93322  -39.499  3.799  36.512 0.0000000000
84975  -19.875  -2.498  54.727 0.0000000000
83630  -20.391  -2.614  53.270 0.0000000000
90206  -26.103  2.634  56.029 0.0000000000
86253  -24.987  -0.133  54.933 0.0000000000
84949  -24.196  -0.965  54.649 0.0000000000
82153  -23.865  -2.679  52.565 0.0000000000
82137  -23.398  -2.453  53.123 0.0000000000
82121  -22.656  -2.221  53.845 0.0000000000
83631  -21.297  -2.485  53.335 0.0000000000
83649  -20.141  -2.851  52.171 0.0000000000
82192  -19.609  -3.017  51.477 0.0000000000
82246  -19.518  -3.299  50.102 0.0000000000
101421  -55.814  9.692  19.396 0.0000000000
102656  -55.837  10.024  18.772 0.0000000000
102664  -56.544  10.353  18.114 0.0000000000
95857  -6.629  5.656  50.879 0.0000000000
94459  -6.813  4.587  51.698 0.0000000000
95829  -5.516  5.239  52.946 0.0000000000
93053  -5.691  4.220  52.605 0.0000000000
91654  -6.040  2.599  51.743 0.0000000000
90330  -4.767  0.947  51.201 0.0000000000
87694  -3.721  -1.063  49.201 0.0000000000
89001  -3.341  0.092  50.763 0.0000000000
87693  -3.374  -1.371  49.539 0.0000000000
86345  -3.388  -2.301  48.843 0.0000000000
83717  -3.443  -4.205  48.539 0.0000000000
82265  -3.424  -5.016  48.495 0.0000000000
79353  -3.462  -6.497  49.173 0.0000000000
103723  -54.090  12.646  30.887 0.0000000000
97663  -47.057  6.342  28.993 0.0000000000
97678  -48.149  7.271  28.626 0.0000000000
99009  -48.544  7.841  28.020 0.0000000000
100195  -50.183  9.075  29.386 0.0000000000
102531  -52.777  11.026  30.113 0.0000000000
84910  -7.633  -2.256  60.222 0.0000000000
82062  -7.276  -3.721  59.682 0.0000000000
83541  -9.166  -2.831  59.551 0.0000000000
82063  -7.971  -2.783  59.114 0.0000000000
82073  -7.369  -3.231  58.928 0.0000000000
79254  -6.764  -4.646  55.965 0.0000000000
83664  -17.195  -3.101  51.764 0.0000000000
83626  -16.260  -2.784  53.406 0.0000000000
82149  -15.616  -2.799  53.842 0.0000000000
82164  -13.733  -3.548  52.191 0.0000000000
80759  -14.204  -3.260  53.328 0.0000000000
82117  -14.433  -2.647  55.046 0.0000000000
82104  -13.779  -2.489  55.627 0.0000000000
83572  -13.127  -2.416  56.155 0.0000000000
83555  -12.334  -1.780  57.513 0.0000000000
82097  -11.676  -2.439  56.364 0.0000000000
82096  -10.510  -2.659  56.604 0.0000000000
82100  -9.478  -3.294  55.748 0.0000000000
82112  -9.427  -3.483  54.973 0.0000000000
80730  -8.633  -3.635  55.633 0.0000000000
80739  -7.792  -4.498  54.746 0.0000000000
95918  -5.583  5.816  46.224 0.0000000000
95901  -6.345  5.570  47.466 0.0000000000
94536  -6.689  4.968  46.988 0.0000000000
94558  -6.504  4.806  46.369 0.0000000000
93173  -7.893  4.136  46.338 0.0000000000
93190  -9.101  3.528  45.272 0.0000000000
91760  -10.669  2.506  45.369 0.0000000000
89006  -7.696  0.911  49.922 0.0000000000
90348  -8.472  1.471  49.576 0.0000000000
90362  -9.179  1.402  48.897 0.0000000000
86377  -8.264  -1.663  46.710 0.0000000000
87727  -9.316  -0.657  47.386 0.0000000000
91704  -10.227  1.779  48.119 0.0000000000
90392  -10.981  1.181  46.576 0.0000000000
91761  -11.298  1.854  45.710 0.0000000000
91780  -11.361  2.106  44.650 0.0000000000
89111  -11.925  0.204  43.543 0.0000000000
87547  -4.469  -1.504  58.793 0.0000000000
87546  -3.878  -1.263  57.950 0.0000000000
86237  -3.004  -1.434  57.658 0.0000000000
82083  -2.362  -3.395  57.364 0.0000000000
84920  -2.298  -2.339  57.066 0.0000000000
87558  -2.661  -1.015  57.058 0.0000000000
86256  -1.871  -1.303  56.225 0.0000000000
87598  -1.813  -0.125  55.318 0.0000000000
87614  -1.962  0.096  54.218 0.0000000000
86287  -1.409  -0.871  53.854 0.0000000000
84996  -1.520  -2.195  52.864 0.0000000000
83643  -2.332  -3.642  52.342 0.0000000000
82142  -1.828  -4.335  53.785 0.0000000000
82158  -2.414  -4.667  52.008 0.0000000000
82180  -2.664  -4.725  51.045 0.0000000000
80778  -2.901  -5.659  50.874 0.0000000000
79341  -3.330  -6.482  49.932 0.0000000000
78075  -3.659  -7.781  49.391 0.0000000000
75398  -2.854  -10.051  54.761 0.0000000000
72498  -2.093  -12.226  54.254 0.0000000000
74047  -2.651  -10.722  54.300 0.0000000000
74068  -2.465  -10.713  53.751 0.0000000000
74087  -2.400  -10.564  53.106 0.0000000000
74107  -2.486  -10.395  52.384 0.0000000000
71103  -2.349  -12.048  52.291 0.0000000000
74108  -2.640  -10.227  51.607 0.0000000000
74126  -2.856  -10.007  50.918 0.0000000000
74142  -3.237  -10.281  50.230 0.0000000000
75492  -3.870  -9.440  49.223 0.0000000000
72626  -4.516  -10.818  48.804 0.0000000000
71161  -4.941  -12.446  48.477 0.0000000000
95840  -32.115  6.831  51.470 0.0000000000
95841  -32.596  7.364  51.310 0.0000000000
95823  -31.890  7.149  52.391 0.0000000000
94456  -30.903  5.959  52.029 0.0000000000
94441  -31.312  6.551  52.694 0.0000000000
94440  -30.584  5.729  53.162 0.0000000000
103725  -55.630  13.497  30.005 0.0000000000
104994  -55.746  14.180  30.258 0.0000000000
106267  -55.363  14.278  30.750 0.0000000000
103745  -54.774  12.516  29.879 0.0000000000
103769  -54.015  11.792  29.175 0.0000000000
102500  -54.663  12.162  29.286 0.0000000000
102501  -55.322  12.408  29.010 0.0000000000
93345  -42.125  3.086  35.675 0.0000000000
93343  -39.954  3.237  35.568 0.0000000000
79367  -3.830  -6.982  48.256 0.0000000000
78088  -4.131  -7.447  48.150 0.0000000000
77970  -5.597  -6.653  55.044 0.0000000000
94621  -37.722  5.405  43.076 0.0000000000
88949  -2.560  0.834  53.650 0.0000000000
90273  -2.554  1.244  53.932 0.0000000000
94796  -48.939  5.177  32.503 0.0000000000
96151  -49.510  5.514  32.962 0.0000000000
94797  -49.218  5.042  33.094 0.0000000000
91974  -46.967  3.692  31.479 0.0000000000
93398  -47.832  4.386  31.671 0.0000000000
94805  -48.659  5.196  32.019 0.0000000000
84919  -12.444  -1.417  58.133 0.0000000000
84922  -12.265  -1.563  57.981 0.0000000000
83648  -19.046  -2.839  52.501 0.0000000000
83628  -18.310  -2.810  53.571 0.0000000000
83666  -18.614  -2.882  51.974 0.0000000000
91792  -10.520  2.894  43.075 0.0000000000
93075  -7.244  3.509  51.297 0.0000000000
91656  -7.384  3.052  51.122 0.0000000000
81024  -5.705  -5.412  41.647 0.0000000000
88854  -5.449  -0.982  58.951 0.0000000000
94508  -34.695  6.885  47.923 0.0000000000
95896  -35.974  6.683  46.850 0.0000000000
94528  -36.058  6.463  46.550 0.0000000000
87659  -27.456  0.020  52.452 0.0000000000
86313  -26.757  -0.876  51.227 0.0000000000
105066  -58.045  12.707  27.492 0.0000000000
101344  -56.743  11.040  27.046 0.0000000000
102582  -56.237  10.405  26.233 0.0000000000
101345  -57.260  11.290  27.036 0.0000000000
101357  -57.371  10.812  26.527 0.0000000000
90586  -43.491  1.642  33.358 0.0000000000
90569  -44.374  1.879  34.035 0.0000000000
90585  -42.655  1.692  33.344 0.0000000000
89250  -42.092  1.558  32.880 0.0000000000
94576  -5.828  4.896  45.242 0.0000000000
94595  -6.123  4.507  45.055 0.0000000000
94577  -6.265  4.668  45.603 0.0000000000
87708  -4.053  -1.066  48.490 0.0000000000
87721  -4.260  -1.205  48.071 0.0000000000
78131  -5.015  -6.760  45.385 0.0000000000
79448  -4.803  -6.211  44.752 0.0000000000
79449  -5.234  -6.468  44.056 0.0000000000
76874  -6.020  -7.864  44.113 0.0000000000
82061  -6.410  -4.056  60.099 0.0000000000
94701  -40.495  4.365  38.499 0.0000000000
94683  -40.379  4.764  39.374 0.0000000000
91781  -34.312  3.005  44.125 0.0000000000
94720  -39.489  4.376  37.993 0.0000000000
87576  -23.788  0.277  54.565 0.0000000000
86251  -23.140  -0.763  54.469 0.0000000000
84947  -22.160  -1.583  54.688 0.0000000000
83617  -26.193  -1.460  53.861 0.0000000000
84963  -25.830  -1.096  54.310 0.0000000000
82215  -22.018  -3.362  49.506 0.0000000000
83687  -21.443  -3.118  50.334 0.0000000000
83722  -20.928  -3.401  48.407 0.0000000000
93071  -4.392  2.801  52.609 0.0000000000
90314  -4.284  1.408  51.686 0.0000000000
85004  -2.371  -2.506  51.812 0.0000000000
102454  -52.060  10.542  32.219 0.0000000000
103665  -53.039  11.606  32.703 0.0000000000
102437  -52.742  11.174  32.994 0.0000000000
100153  -50.593  8.475  31.380 0.0000000000
101286  -51.314  9.859  31.436 0.0000000000
82086  -9.112  -2.916  57.713 0.0000000000
82075  -8.842  -2.966  58.366 0.0000000000
80717  -8.776  -3.414  56.137 0.0000000000
80801  -14.922  -3.969  49.744 0.0000000000
80802  -15.320  -3.797  50.170 0.0000000000
82211  -14.596  -3.777  50.452 0.0000000000
82162  -11.349  -3.482  52.254 0.0000000000
82130  -12.270  -3.084  54.385 0.0000000000
82129  -11.359  -3.232  54.299 0.0000000000
93132  -8.691  3.360  48.667 0.0000000000
93154  -9.337  3.245  47.819 0.0000000000
85079  -9.045  -2.228  45.309 0.0000000000
85102  -9.711  -2.123  44.605 0.0000000000
86413  -10.313  -1.405  44.854 0.0000000000
85121  -10.226  -2.087  43.788 0.0000000000
90194  -3.357  1.412  57.060 0.0000000000
82072  -3.328  -3.478  58.826 0.0000000000
83534  -2.921  -3.231  59.773 0.0000000000
82111  -1.242  -3.866  55.314 0.0000000000
82099  -1.489  -3.584  56.071 0.0000000000
82126  -1.438  -4.166  54.407 0.0000000000
68309  -1.407  -14.619  53.861 0.0000000000
69675  -1.163  -13.698  53.841 0.0000000000
69676  -1.487  -13.731  53.753 0.0000000000
95868  -33.898  7.452  49.040 0.0000000000
94485  -31.440  5.836  49.669 0.0000000000
94488  -33.873  6.904  48.591 0.0000000000
91639  -28.431  2.943  53.535 0.0000000000
91638  -28.218  3.176  52.905 0.0000000000
94454  -29.819  5.214  51.665 0.0000000000
94468  -30.597  5.600  50.846 0.0000000000
94467  -30.175  5.314  50.703 0.0000000000
93046  -29.541  4.741  53.583 0.0000000000
91623  -28.765  3.562  53.772 0.0000000000
90301  -28.414  2.214  53.738 0.0000000000
105037  -56.873  13.584  29.088 0.0000000000
107651  -56.590  14.211  29.241 0.0000000000
108954  -56.232  14.988  29.550 0.0000000000
100223  -50.291  9.182  28.468 0.0000000000
100232  -49.506  8.645  27.077 0.0000000000
101341  -50.979  9.615  27.975 0.0000000000
101353  -52.548  10.318  27.376 0.0000000000
101363  -52.214  9.769  26.650 0.0000000000
100243  -51.570  9.507  26.202 0.0000000000
101364  -53.230  9.964  26.365 0.0000000000
101354  -53.670  10.476  26.913 0.0000000000
102534  -55.900  11.899  28.295 0.0000000000
102572  -55.111  11.254  27.239 0.0000000000
102535  -56.580  12.244  28.193 0.0000000000
90552  -43.614  2.107  34.870 0.0000000000
91881  -43.122  2.996  36.156 0.0000000000
91882  -43.692  2.792  36.210 0.0000000000
91895  -38.532  3.213  35.018 0.0000000000
91916  -38.602  2.787  34.223 0.0000000000
91936  -38.713  2.503  33.500 0.0000000000
91937  -39.241  2.424  33.478 0.0000000000
91919  -41.523  2.520  34.623 0.0000000000
90565  -40.762  2.432  33.901 0.0000000000
83718  -3.511  -4.275  47.858 0.0000000000
78099  -4.278  -7.228  47.414 0.0000000000
80901  -3.713  -5.476  46.986 0.0000000000
78100  -4.632  -7.205  46.773 0.0000000000
79404  -4.482  -6.750  46.252 0.0000000000
78101  -5.161  -7.459  46.496 0.0000000000
76854  -5.608  -8.115  46.396 0.0000000000
75542  -5.547  -8.661  46.905 0.0000000000
74190  -4.986  -10.228  48.034 0.0000000000
74191  -5.565  -10.301  47.409 0.0000000000
71172  -5.837  -12.264  46.861 0.0000000000
96009  -39.714  5.335  40.344 0.0000000000
93209  -36.373  4.651  44.181 0.0000000000
94663  -36.673  4.296  41.111 0.0000000000
94664  -37.306  4.667  40.811 0.0000000000
95995  -38.416  5.457  41.369 0.0000000000
94665  -38.039  5.065  40.613 0.0000000000
90221  -24.609  2.629  55.797 0.0000000000
90222  -25.309  2.259  55.529 0.0000000000
82218  -25.013  -3.753  49.948 0.0000000000
80810  -24.541  -3.512  50.238 0.0000000000
97731  -55.219  7.174  22.766 0.0000000000
100302  -56.693  8.205  22.214 0.0000000000
99091  -56.200  7.685  22.426 0.0000000000
100312  -56.007  8.629  21.107 0.0000000000
100307  -56.541  8.620  21.557 0.0000000000
91650  -3.165  1.998  53.164 0.0000000000
90312  -2.972  1.172  52.662 0.0000000000
87650  -1.829  -0.184  52.914 0.0000000000
86310  -2.112  -1.227  52.357 0.0000000000
98908  -50.810  7.799  32.680 0.0000000000
100136  -51.291  8.662  32.810 0.0000000000
91987  -43.982  2.414  30.523 0.0000000000
91990  -46.209  3.680  30.754 0.0000000000
92009  -45.351  3.579  29.991 0.0000000000
93419  -46.467  4.321  30.221 0.0000000000
94822  -46.343  4.613  29.720 0.0000000000
94823  -46.926  4.805  30.200 0.0000000000
97588  -49.380  6.197  32.045 0.0000000000
96189  -48.635  5.982  31.231 0.0000000000
97589  -49.956  6.879  31.686 0.0000000000
98928  -50.480  7.686  31.861 0.0000000000
87545  -11.165  -1.175  59.482 0.0000000000
83548  -11.520  -2.070  58.476 0.0000000000
84917  -11.149  -2.093  59.376 0.0000000000
83553  -9.909  -2.459  57.864 0.0000000000
83559  -10.224  -2.572  57.214 0.0000000000
93113  -8.013  3.928  50.068 0.0000000000
83780  -5.151  -3.652  44.318 0.0000000000
85098  -5.647  -3.401  44.401 0.0000000000
83781  -5.851  -3.608  43.867 0.0000000000
82409  -6.226  -4.469  42.129 0.0000000000
83800  -6.159  -3.663  43.086 0.0000000000
83815  -6.538  -3.914  42.447 0.0000000000
85118  -7.591  -3.220  43.166 0.0000000000
83816  -7.294  -3.789  42.168 0.0000000000
81026  -6.991  -5.086  41.233 0.0000000000
88866  -4.965  -0.174  57.481 0.0000000000
77930  -3.167  -5.885  56.503 0.0000000000
79292  -2.255  -5.302  55.275 0.0000000000
78005  -2.327  -7.546  53.986 0.0000000000
75434  -2.425  -9.584  53.451 0.0000000000
91749  -33.420  3.445  45.185 0.0000000000
91732  -33.090  4.032  45.898 0.0000000000
93124  -32.398  5.375  47.708 0.0000000000
93145  -33.461  5.118  46.919 0.0000000000
94547  -34.872  5.218  46.275 0.0000000000
93164  -34.462  4.814  46.201 0.0000000000
93178  -34.725  4.458  45.741 0.0000000000
91752  -34.840  4.343  45.551 0.0000000000
93179  -35.080  4.587  45.590 0.0000000000
93191  -35.482  4.439  44.981 0.0000000000
93180  -35.713  5.124  45.452 0.0000000000
94567  -37.139  5.936  45.452 0.0000000000
91663  -27.454  2.634  51.975 0.0000000000
88896  -27.794  1.717  55.208 0.0000000000
86261  -27.050  -0.172  54.983 0.0000000000
86262  -27.554  0.064  54.672 0.0000000000
91593  -29.532  3.932  54.984 0.0000000000
90251  -28.663  2.662  54.745 0.0000000000
84998  -27.117  -1.042  52.420 0.0000000000
84988  -27.900  -0.249  53.695 0.0000000000
84986  -27.343  -0.694  52.932 0.0000000000
83636  -26.877  -1.208  53.149 0.0000000000
82176  -26.408  -2.743  51.440 0.0000000000
82196  -25.681  -3.417  50.718 0.0000000000
82197  -26.272  -3.217  50.694 0.0000000000
79359  -25.755  -4.361  48.743 0.0000000000
102589  -58.342  10.960  25.582 0.0000000000
100260  -53.354  8.812  24.965 0.0000000000
100247  -55.628  9.501  25.302 0.0000000000
100261  -54.508  8.649  24.798 0.0000000000
100281  -54.752  8.129  24.332 0.0000000000
100282  -55.343  8.281  24.310 0.0000000000
99063  -54.961  7.787  23.932 0.0000000000
101369  -57.960  10.917  25.966 0.0000000000
100263  -56.762  9.223  24.622 0.0000000000
101375  -57.417  9.695  25.115 0.0000000000
101376  -58.046  10.379  25.404 0.0000000000
93368  -47.709  3.548  33.579 0.0000000000
91924  -47.064  2.982  33.857 0.0000000000
91904  -47.006  2.949  34.657 0.0000000000
93356  -47.610  3.425  34.538 0.0000000000
91901  -44.554  2.399  35.329 0.0000000000
91902  -45.474  2.577  35.236 0.0000000000
90602  -39.856  1.612  32.689 0.0000000000
89268  -41.666  1.177  32.438 0.0000000000
89288  -42.563  1.264  31.519 0.0000000000
90588  -44.900  2.051  32.869 0.0000000000
90607  -44.156  1.787  32.253 0.0000000000
91956  -45.596  2.441  32.579 0.0000000000
91957  -46.330  2.960  32.255 0.0000000000
80832  -17.757  -3.520  49.834 0.0000000000
82242  -16.050  -4.002  48.860 0.0000000000
93217  -6.328  3.663  43.915 0.0000000000
89003  -5.140  0.474  50.185 0.0000000000
89004  -6.201  0.557  50.253 0.0000000000
89054  -4.907  -0.738  48.396 0.0000000000
86358  -5.047  -1.463  47.550 0.0000000000
86373  -4.601  -1.999  46.799 0.0000000000
83743  -3.615  -3.263  46.642 0.0000000000
83759  -3.611  -3.241  46.127 0.0000000000
82365  -3.779  -4.373  44.730 0.0000000000
85074  -3.886  -3.080  45.431 0.0000000000
85097  -4.066  -3.082  44.983 0.0000000000
83761  -4.416  -3.235  44.876 0.0000000000
83797  -4.241  -3.953  44.124 0.0000000000
79473  -5.210  -6.379  43.344 0.0000000000
79493  -5.017  -5.742  43.253 0.0000000000
75544  -6.368  -9.978  45.809 0.0000000000
74243  -6.555  -10.604  44.660 0.0000000000
72666  -6.504  -11.368  45.021 0.0000000000
86222  -6.167  -1.432  60.200 0.0000000000
82060  -5.409  -4.021  60.090 0.0000000000
83537  -5.090  -3.316  60.243 0.0000000000
82059  -4.501  -3.871  60.001 0.0000000000
80678  -5.562  -4.424  58.354 0.0000000000
79237  -4.958  -5.390  57.302 0.0000000000
77916  -4.402  -5.568  57.095 0.0000000000
79235  -3.596  -5.434  57.086 0.0000000000
76688  -3.545  -7.664  55.655 0.0000000000
75362  -3.132  -8.424  55.604 0.0000000000
75361  -2.898  -7.922  55.763 0.0000000000
91809  -35.507  3.079  42.570 0.0000000000
93307  -37.473  4.023  37.513 0.0000000000
93319  -36.822  3.657  36.920 0.0000000000
83595  -20.339  -2.354  55.074 0.0000000000
83610  -19.660  -2.657  54.202 0.0000000000
84950  -25.013  -0.925  54.496 0.0000000000
87578  -25.581  0.633  55.071 0.0000000000
86257  -24.723  -0.624  54.678 0.0000000000
83582  -23.938  -1.374  54.433 0.0000000000
80789  -24.029  -3.252  50.918 0.0000000000
82173  -23.971  -2.928  51.943 0.0000000000
80773  -23.728  -3.006  51.541 0.0000000000
82171  -22.671  -2.743  51.796 0.0000000000
82152  -23.446  -2.600  52.660 0.0000000000
82151  -22.779  -2.565  52.649 0.0000000000
83613  -22.924  -2.210  53.746 0.0000000000
82135  -22.094  -2.473  53.380 0.0000000000
82150  -22.077  -2.596  52.648 0.0000000000
82214  -19.604  -3.208  50.751 0.0000000000
83721  -19.792  -3.369  48.244 0.0000000000
83704  -18.891  -3.206  48.843 0.0000000000
101413  -56.643  9.619  20.450 0.0000000000
101412  -56.215  9.646  19.945 0.0000000000
102663  -55.806  10.134  18.348 0.0000000000
95844  -6.378  5.625  51.807 0.0000000000
94444  -4.549  4.449  53.541 0.0000000000
93072  -4.790  3.007  52.428 0.0000000000
93073  -5.836  3.528  52.302 0.0000000000
91671  -5.435  1.752  51.429 0.0000000000
91670  -4.932  1.620  51.517 0.0000000000
87682  -3.764  -0.439  49.517 0.0000000000
88988  -2.907  0.216  51.385 0.0000000000
86335  -2.949  -1.908  49.685 0.0000000000
86336  -3.419  -1.654  49.156 0.0000000000
85035  -3.458  -3.282  48.358 0.0000000000
82235  -3.303  -4.889  49.275 0.0000000000
80851  -3.403  -5.825  48.588 0.0000000000
80825  -3.309  -5.722  49.225 0.0000000000
103698  -54.223  13.227  31.495 0.0000000000
104992  -54.606  13.740  31.551 0.0000000000
103668  -54.159  13.419  32.155 0.0000000000
93312  -42.432  3.619  37.187 0.0000000000
96202  -47.239  5.764  29.864 0.0000000000
97641  -47.547  6.332  29.541 0.0000000000
97665  -48.403  7.251  29.186 0.0000000000
99000  -49.106  7.958  29.272 0.0000000000
99001  -49.750  8.655  29.069 0.0000000000
103742  -52.541  11.183  31.236 0.0000000000
102497  -51.888  10.749  30.314 0.0000000000
103743  -52.860  11.530  30.753 0.0000000000
102499  -52.815  11.179  30.313 0.0000000000
86224  -8.195  -1.375  60.194 0.0000000000
83540  -7.961  -2.838  59.760 0.0000000000
84912  -9.781  -2.148  60.090 0.0000000000
82074  -8.031  -3.003  58.480 0.0000000000
80680  -7.313  -3.738  58.311 0.0000000000
79255  -7.433  -4.325  55.807 0.0000000000
79275  -6.185  -5.491  55.120 0.0000000000
79295  -6.988  -5.089  54.519 0.0000000000
82189  -17.118  -3.313  51.244 0.0000000000
82167  -15.843  -3.273  52.201 0.0000000000
83644  -15.697  -3.053  52.581 0.0000000000
82148  -15.383  -2.929  53.273 0.0000000000
82185  -13.635  -3.619  51.384 0.0000000000
80748  -13.709  -3.169  53.845 0.0000000000
80758  -13.661  -3.359  53.297 0.0000000000
80749  -14.389  -3.004  53.765 0.0000000000
82103  -12.618  -2.548  55.852 0.0000000000
83571  -12.595  -2.394  56.210 0.0000000000
83562  -13.303  -2.043  56.557 0.0000000000
83561  -12.173  -2.184  56.692 0.0000000000
82101  -10.408  -2.918  55.835 0.0000000000
82161  -10.061  -3.649  51.977 0.0000000000
82127  -9.179  -3.508  54.060 0.0000000000
80746  -8.233  -4.031  54.042 0.0000000000
80740  -8.521  -3.874  54.877 0.0000000000
80745  -7.606  -4.703  53.925 0.0000000000
97286  -4.727  7.175  46.371 0.0000000000
97300  -5.178  6.507  45.821 0.0000000000
95886  -6.686  5.598  48.565 0.0000000000
94514  -7.020  5.289  47.747 0.0000000000
94559  -7.060  4.475  46.372 0.0000000000
93172  -7.346  4.281  46.082 0.0000000000
91759  -9.884  3.091  44.918 0.0000000000
89023  -6.670  0.070  49.736 0.0000000000
89005  -7.204  0.716  50.147 0.0000000000
87697  -6.917  -0.363  49.305 0.0000000000
89042  -8.125  -0.090  48.862 0.0000000000
89025  -8.619  0.894  49.191 0.0000000000
89043  -8.824  0.417  48.644 0.0000000000
85058  -7.549  -2.112  46.080 0.0000000000
86376  -7.420  -1.782  46.631 0.0000000000
86394  -7.939  -1.981  46.179 0.0000000000
87737  -9.909  -0.764  46.519 0.0000000000
86378  -9.100  -1.390  46.668 0.0000000000
89044  -9.606  0.232  47.908 0.0000000000
90378  -10.162  0.667  47.734 0.0000000000
90379  -10.548  1.208  47.390 0.0000000000
89057  -10.696  0.692  46.823 0.0000000000
89080  -11.150  -0.232  45.581 0.0000000000
90393  -11.349  1.146  45.963 0.0000000000
89067  -11.420  0.685  45.661 0.0000000000
90405  -11.612  1.156  45.083 0.0000000000
89097  -11.782  0.399  44.240 0.0000000000
90228  -1.859  1.761  56.274 0.0000000000
87538  -4.830  -0.955  60.091 0.0000000000
87548  -4.742  -0.943  59.480 0.0000000000
87537  -4.209  -1.134  59.916 0.0000000000
84915  -3.168  -2.593  58.420 0.0000000000
86230  -4.148  -2.085  58.655 0.0000000000
86229  -3.511  -1.967  58.066 0.0000000000
87560  -3.334  -1.085  57.641 0.0000000000
86228  -2.902  -2.058  57.808 0.0000000000
80695  -2.306  -3.928  57.014 0.0000000000
83558  -1.876  -2.701  56.683 0.0000000000
83550  -2.201  -2.787  57.103 0.0000000000
84930  -2.148  -2.310  56.800 0.0000000000
86235  -2.398  -1.741  57.019 0.0000000000
86245  -2.175  -1.705  56.660 0.0000000000
87567  -2.439  -0.537  56.653 0.0000000000
86276  -0.612  -0.777  55.004 0.0000000000
86267  -1.457  -0.863  55.653 0.0000000000
87612  -1.088  -0.537  54.831 0.0000000000
87613  -1.579  -0.173  54.692 0.0000000000
86278  -1.576  -0.438  54.277 0.0000000000
83624  -1.172  -3.244  53.899 0.0000000000
84997  -2.191  -2.920  52.644 0.0000000000
80754  -2.077  -5.499  53.543 0.0000000000
79326  -2.467  -6.652  52.330 0.0000000000
78064  -3.203  -7.187  50.509 0.0000000000
78074  -3.440  -7.378  49.833 0.0000000000
76819  -3.298  -8.403  49.869 0.0000000000
74030  -2.709  -11.269  54.411 0.0000000000
72510  -1.829  -12.771  54.191 0.0000000000
72497  -1.801  -12.979  54.221 0.0000000000
72550  -2.561  -11.255  51.974 0.0000000000
72569  -2.925  -11.109  51.101 0.0000000000
74143  -3.535  -10.894  50.033 0.0000000000
74158  -3.458  -9.888  49.651 0.0000000000
74159  -3.728  -10.506  49.562 0.0000000000
74170  -4.260  -10.242  48.910 0.0000000000
95854  -33.005  7.219  50.136 0.0000000000
97233  -33.689  8.012  49.993 0.0000000000
97232  -33.068  7.612  50.685 0.0000000000
97220  -32.952  7.870  51.173 0.0000000000
94486  -32.021  6.194  49.689 0.0000000000
93062  -29.523  4.690  53.096 0.0000000000
94432  -30.892  6.100  53.749 0.0000000000
97207  -31.786  7.410  52.835 0.0000000000
102478  -56.065  13.037  29.228 0.0000000000
108940  -55.874  14.933  29.941 0.0000000000
107633  -55.926  14.299  30.049 0.0000000000
102557  -52.385  10.926  28.847 0.0000000000
101342  -51.630  10.210  28.310 0.0000000000
102558  -53.224  11.132  28.280 0.0000000000
102559  -53.796  11.150  27.870 0.0000000000
103793  -54.237  11.291  27.798 0.0000000000
103770  -54.643  11.733  28.496 0.0000000000
102533  -55.231  11.917  28.537 0.0000000000
93325  -42.574  3.273  36.300 0.0000000000
90564  -40.219  2.557  33.960 0.0000000000
80852  -3.437  -5.409  48.183 0.0000000000
80879  -3.517  -5.546  47.764 0.0000000000
76853  -5.185  -8.072  47.265 0.0000000000
75526  -4.669  -9.286  47.966 0.0000000000
79274  -5.580  -5.939  55.390 0.0000000000
94603  -36.917  5.181  44.041 0.0000000000
94620  -36.878  5.034  43.218 0.0000000000
94637  -37.232  4.943  42.453 0.0000000000
94652  -37.344  4.786  41.636 0.0000000000
95994  -37.831  5.265  41.702 0.0000000000
91558  -25.845  4.268  56.826 0.0000000000
80861  -24.038  -4.237  48.186 0.0000000000
100295  -57.214  8.705  23.317 0.0000000000
102609  -58.585  9.879  23.101 0.0000000000
90292  -2.887  1.359  53.241 0.0000000000
90293  -2.719  0.827  52.845 0.0000000000
97560  -50.061  6.325  32.824 0.0000000000
97531  -51.045  7.277  33.974 0.0000000000
91972  -45.379  2.715  31.547 0.0000000000
91988  -44.609  2.635  30.712 0.0000000000
91973  -46.418  3.459  31.306 0.0000000000
93396  -46.961  3.891  31.150 0.0000000000
93408  -47.169  4.328  30.794 0.0000000000
94812  -47.192  4.548  30.620 0.0000000000
94813  -47.603  4.753  30.933 0.0000000000
96173  -48.742  5.665  31.711 0.0000000000
86231  -11.506  -1.450  59.232 0.0000000000
86232  -12.188  -1.244  58.650 0.0000000000
84974  -19.274  -2.541  54.971 0.0000000000
93220  -9.243  3.387  43.466 0.0000000000
93237  -9.494  3.251  42.863 0.0000000000
93238  -10.033  3.211  42.894 0.0000000000
94474  -7.130  5.025  50.565 0.0000000000
94494  -7.210  5.125  50.001 0.0000000000
93091  -7.736  3.524  50.624 0.0000000000
93092  -7.981  2.951  50.464 0.0000000000
82408  -5.500  -4.666  42.389 0.0000000000
82424  -6.020  -4.897  41.720 0.0000000000
77969  -2.676  -6.896  55.240 0.0000000000
76746  -2.482  -8.318  54.461 0.0000000000
94506  -33.595  5.816  47.572 0.0000000000
94525  -33.873  5.411  46.946 0.0000000000
94526  -34.455  5.568  46.799 0.0000000000
94548  -35.299  5.587  46.271 0.0000000000
93166  -35.607  5.461  45.858 0.0000000000
94549  -36.201  5.998  45.999 0.0000000000
93082  -28.851  4.504  51.179 0.0000000000
90265  -28.681  1.728  54.124 0.0000000000
88961  -28.405  0.899  53.922 0.0000000000
87639  -27.979  0.304  53.412 0.0000000000
86301  -27.408  -0.438  52.681 0.0000000000
83672  -26.881  -1.713  51.312 0.0000000000
82221  -26.495  -2.930  50.154 0.0000000000
82255  -26.487  -2.766  49.834 0.0000000000
101359  -58.116  11.431  26.242 0.0000000000
102581  -55.428  10.671  26.412 0.0000000000
101366  -55.745  10.005  25.633 0.0000000000
101373  -55.909  9.535  25.256 0.0000000000
101367  -56.734  9.965  25.843 0.0000000000
101368  -57.425  10.304  25.923 0.0000000000
91938  -45.602  2.330  33.481 0.0000000000
91903  -46.408  2.771  35.111 0.0000000000
90603  -40.676  1.461  32.698 0.0000000000
89269  -42.474  1.257  32.220 0.0000000000
90587  -44.206  1.753  33.129 0.0000000000
82275  -17.454  -3.675  48.432 0.0000000000
93200  -6.339  4.247  44.828 0.0000000000
93188  -7.055  4.215  45.591 0.0000000000
89040  -4.692  -0.602  48.667 0.0000000000
87709  -4.423  -0.883  48.400 0.0000000000
80928  -3.849  -5.349  45.984 0.0000000000
82340  -3.648  -4.394  45.672 0.0000000000
80957  -3.877  -5.013  45.178 0.0000000000
82366  -4.226  -4.703  44.059 0.0000000000
79472  -4.907  -5.842  43.892 0.0000000000
76888  -5.822  -7.820  43.159 0.0000000000
76889  -6.298  -8.619  43.422 0.0000000000
77933  -4.556  -5.935  56.610 0.0000000000
77932  -3.986  -6.275  56.532 0.0000000000
93291  -41.038  4.119  38.262 0.0000000000
91823  -35.625  3.087  41.546 0.0000000000
93290  -38.138  4.248  38.068 0.0000000000
93308  -38.499  4.186  37.474 0.0000000000
84939  -21.615  -1.642  54.977 0.0000000000
83580  -21.915  -2.014  54.961 0.0000000000
83612  -21.320  -2.413  54.150 0.0000000000
88895  -26.948  1.655  55.554 0.0000000000
87579  -26.335  0.696  55.222 0.0000000000
86259  -25.854  -0.423  54.744 0.0000000000
84962  -25.419  -1.105  54.368 0.0000000000
80787  -23.209  -3.369  50.361 0.0000000000
80772  -23.455  -3.060  51.291 0.0000000000
82193  -22.678  -3.103  50.925 0.0000000000
83669  -22.056  -2.772  51.535 0.0000000000
83651  -22.084  -2.658  51.989 0.0000000000
83686  -20.351  -3.208  50.178 0.0000000000
99096  -55.114  6.980  21.266 0.0000000000
94445  -5.178  4.551  53.175 0.0000000000
82206  -2.980  -4.798  50.115 0.0000000000
105014  -53.181  11.941  31.899 0.0000000000
103697  -53.552  12.569  32.000 0.0000000000
104962  -53.211  11.939  32.524 0.0000000000
103667  -53.552  12.741  32.955 0.0000000000
98951  -49.566  7.157  30.781 0.0000000000
98975  -49.372  7.465  30.296 0.0000000000
100174  -50.358  8.945  30.405 0.0000000000
102474  -51.789  10.523  31.019 0.0000000000
83546  -9.345  -2.758  58.648 0.0000000000
82085  -8.388  -3.161  57.970 0.0000000000
80699  -7.768  -3.558  57.598 0.0000000000
79346  -15.929  -3.737  49.845 0.0000000000
80783  -16.201  -3.661  50.468 0.0000000000
80782  -15.672  -3.694  50.502 0.0000000000
82187  -15.363  -3.578  51.337 0.0000000000
80767  -13.313  -3.485  52.688 0.0000000000
80747  -13.027  -3.333  53.809 0.0000000000
82131  -13.118  -3.027  54.460 0.0000000000
82114  -11.368  -2.801  55.039 0.0000000000
82143  -8.476  -4.435  52.421 0.0000000000
80755  -7.793  -4.916  52.846 0.0000000000
87724  -6.603  -0.979  48.139 0.0000000000
87725  -7.570  -0.926  47.966 0.0000000000
86396  -9.531  -1.499  45.791 0.0000000000
87751  -10.132  -0.969  45.898 0.0000000000
89065  -10.418  -0.251  46.508 0.0000000000
87752  -10.664  -0.720  45.521 0.0000000000
87767  -10.863  -0.849  44.690 0.0000000000
87779  -11.051  -0.805  44.069 0.0000000000
86423  -10.610  -1.358  44.063 0.0000000000
84906  -3.863  -2.510  60.141 0.0000000000
86219  -3.718  -1.823  59.852 0.0000000000
84905  -3.146  -2.624  60.052 0.0000000000
84904  -3.092  -2.838  59.442 0.0000000000
83570  -1.456  -2.769  56.245 0.0000000000
84958  -1.093  -1.688  55.662 0.0000000000
84972  -0.490  -1.719  54.985 0.0000000000
84984  -0.838  -1.888  54.136 0.0000000000
83623  -0.871  -2.629  54.051 0.0000000000
79327  -2.777  -6.571  51.497 0.0000000000
71074  -1.689  -12.922  54.050 0.0000000000
71088  -1.809  -12.815  53.717 0.0000000000
71102  -2.153  -12.511  52.889 0.0000000000
71131  -3.013  -12.313  50.729 0.0000000000
94504  -31.204  5.470  48.970 0.0000000000
93123  -31.635  5.371  48.280 0.0000000000
94505  -31.409  5.615  49.059 0.0000000000
93104  -32.455  6.193  48.894 0.0000000000
88980  -27.657  0.920  52.754 0.0000000000
90299  -27.696  2.215  52.717 0.0000000000
93060  -28.574  4.141  52.126 0.0000000000
94483  -30.382  5.352  50.123 0.0000000000
91602  -29.219  3.673  54.850 0.0000000000
93037  -30.092  5.451  53.989 0.0000000000
93036  -29.706  5.023  54.035 0.0000000000
90267  -28.546  2.963  54.021 0.0000000000
90282  -28.458  1.782  53.890 0.0000000000
103772  -57.384  12.829  28.238 0.0000000000
110201  -56.712  14.841  28.931 0.0000000000
108955  -56.664  14.869  28.795 0.0000000000
101352  -51.505  9.776  27.361 0.0000000000
100234  -51.344  9.635  26.919 0.0000000000
100242  -50.242  8.963  25.958 0.0000000000
100259  -52.385  9.177  25.197 0.0000000000
101365  -54.469  10.243  26.141 0.0000000000
102571  -54.198  11.011  27.274 0.0000000000
102580  -54.689  10.831  26.708 0.0000000000
102562  -56.650  11.623  27.609 0.0000000000
91900  -43.704  2.436  35.538 0.0000000000
90580  -38.282  2.318  32.963 0.0000000000
83732  -3.610  -3.764  47.047 0.0000000000
82313  -3.640  -4.526  46.550 0.0000000000
79422  -4.132  -5.977  45.849 0.0000000000
79423  -4.484  -6.408  45.701 0.0000000000
76862  -6.028  -8.224  45.328 0.0000000000
74209  -6.375  -10.486  46.137 0.0000000000
75528  -5.725  -9.790  47.041 0.0000000000
72655  -6.315  -11.367  46.446 0.0000000000
80679  -6.220  -4.346  58.145 0.0000000000
79228  -5.661  -4.897  57.473 0.0000000000
77935  -5.292  -5.715  56.133 0.0000000000
77934  -4.904  -6.124  56.141 0.0000000000
77951  -4.987  -6.706  55.640 0.0000000000
94682  -39.519  5.038  39.571 0.0000000000
94667  -40.243  5.111  39.957 0.0000000000
91783  -35.217  3.815  44.560 0.0000000000
91795  -35.443  3.433  43.698 0.0000000000
94619  -36.398  4.340  43.076 0.0000000000
93243  -36.145  3.653  42.481 0.0000000000
91839  -35.699  3.159  40.641 0.0000000000
91851  -35.725  3.338  40.009 0.0000000000
93279  -36.073  3.783  39.680 0.0000000000
94697  -36.761  4.259  39.577 0.0000000000
94680  -37.452  4.587  40.041 0.0000000000
86252  -24.144  -0.420  54.727 0.0000000000
83653  -25.143  -2.814  51.920 0.0000000000
83670  -24.672  -3.148  51.265 0.0000000000
80790  -24.447  -3.321  50.756 0.0000000000
80835  -24.117  -3.864  48.993 0.0000000000
80834  -23.766  -3.721  49.191 0.0000000000
80808  -23.631  -3.550  49.721 0.0000000000
82217  -23.300  -3.558  49.728 0.0000000000
82248  -22.717  -3.700  49.000 0.0000000000
97757  -55.034  6.726  21.892 0.0000000000
99097  -55.455  7.303  21.711 0.0000000000
99104  -55.402  7.822  21.163 0.0000000000
100311  -55.401  8.518  20.651 0.0000000000
101406  -56.268  9.158  20.807 0.0000000000
101400  -57.350  9.218  21.846 0.0000000000
93070  -3.515  2.530  53.277 0.0000000000
88971  -2.429  0.397  52.617 0.0000000000
87667  -2.509  -0.488  51.802 0.0000000000
100154  -51.044  9.060  31.890 0.0000000000
101270  -52.040  10.175  32.893 0.0000000000
101260  -51.785  9.377  33.254 0.0000000000
98892  -51.205  7.864  33.483 0.0000000000
92007  -43.806  2.794  29.979 0.0000000000
94833  -46.273  4.898  29.300 0.0000000000
96188  -48.288  5.689  31.005 0.0000000000
97615  -48.451  6.186  30.662 0.0000000000
97617  -49.693  7.036  31.064 0.0000000000
87544  -10.660  -1.024  59.587 0.0000000000
84916  -10.367  -2.281  59.617 0.0000000000
82239  -13.472  -4.060  49.218 0.0000000000
82210  -13.593  -3.727  50.302 0.0000000000
82209  -12.426  -3.678  50.103 0.0000000000
82184  -12.513  -3.604  51.298 0.0000000000
97261  -5.372  6.666  48.631 0.0000000000
95872  -7.219  5.156  49.744 0.0000000000
85056  -5.970  -2.389  45.957 0.0000000000
85077  -6.614  -2.651  45.098 0.0000000000
83782  -6.523  -3.415  43.665 0.0000000000
85100  -7.346  -2.991  43.993 0.0000000000
85119  -8.307  -2.991  43.010 0.0000000000
85130  -8.577  -3.147  42.315 0.0000000000
91564  -5.165  2.401  56.893 0.0000000000
90195  -3.970  1.247  57.142 0.0000000000
80674  -2.875  -4.212  58.023 0.0000000000
80696  -2.657  -4.439  57.187 0.0000000000
80714  -2.405  -4.449  56.684 0.0000000000
79251  -2.277  -4.659  56.251 0.0000000000
80737  -1.835  -4.697  55.134 0.0000000000
80743  -1.617  -4.485  54.730 0.0000000000
91769  -34.046  3.278  44.615 0.0000000000
91770  -34.589  3.757  44.941 0.0000000000
91695  -32.101  5.025  47.563 0.0000000000
91716  -33.142  4.725  46.759 0.0000000000
93163  -33.926  4.705  46.329 0.0000000000
91733  -33.606  4.455  46.245 0.0000000000
91751  -34.453  4.259  45.706 0.0000000000
94586  -37.533  5.772  44.617 0.0000000000
90208  -27.631  2.856  55.937 0.0000000000
84964  -26.292  -0.794  54.373 0.0000000000
88898  -28.841  2.084  55.066 0.0000000000
86292  -28.325  0.218  53.949 0.0000000000
87621  -28.299  0.161  54.030 0.0000000000
86270  -27.869  -0.075  54.317 0.0000000000
84978  -27.296  -0.661  53.945 0.0000000000
83635  -26.030  -1.847  52.947 0.0000000000
82175  -25.838  -3.082  51.409 0.0000000000
82219  -25.422  -3.656  50.179 0.0000000000
82251  -25.200  -3.975  49.573 0.0000000000
80838  -26.171  -3.804  49.245 0.0000000000
80863  -25.343  -4.364  48.750 0.0000000000
99043  -53.732  8.409  24.586 0.0000000000
99078  -53.688  7.371  23.633 0.0000000000
100283  -56.363  8.484  23.894 0.0000000000
101380  -57.781  9.497  24.283 0.0000000000
93384  -47.736  3.838  32.477 0.0000000000
93370  -48.943  4.618  33.424 0.0000000000
93369  -48.364  4.109  33.395 0.0000000000
93358  -48.861  4.322  34.099 0.0000000000
91921  -44.795  2.249  34.737 0.0000000000
90623  -44.299  2.042  31.330 0.0000000000
89270  -42.897  1.336  31.929 0.0000000000
90622  -43.236  1.540  31.575 0.0000000000
90624  -44.814  2.355  31.576 0.0000000000
82191  -18.709  -3.117  51.207 0.0000000000
80806  -18.284  -3.321  50.629 0.0000000000
80805  -17.697  -3.471  50.358 0.0000000000
80804  -16.991  -3.657  50.083 0.0000000000
82243  -16.804  -3.882  48.914 0.0000000000
80803  -16.314  -3.784  49.694 0.0000000000
79357  -15.157  -4.365  49.350 0.0000000000
80828  -14.815  -4.703  49.435 0.0000000000
82271  -14.287  -4.381  48.308 0.0000000000
93218  -7.191  3.286  43.491 0.0000000000
93204  -9.755  3.289  43.939 0.0000000000
91778  -9.847  3.217  44.343 0.0000000000
91672  -6.407  1.971  51.262 0.0000000000
87696  -6.169  -0.335  49.307 0.0000000000
89041  -5.153  -0.424  48.884 0.0000000000
87710  -5.724  -0.452  49.039 0.0000000000
86371  -3.706  -2.390  47.212 0.0000000000
86372  -4.019  -2.157  46.952 0.0000000000
85073  -3.682  -3.124  45.866 0.0000000000
85055  -4.978  -2.535  46.014 0.0000000000
83762  -4.699  -3.339  44.855 0.0000000000
82386  -4.616  -4.584  43.596 0.0000000000
82407  -5.045  -4.868  42.849 0.0000000000
76875  -6.404  -8.900  44.448 0.0000000000
84907  -4.741  -2.456  60.230 0.0000000000
84908  -5.667  -2.413  60.269 0.0000000000
82058  -3.683  -3.758  59.987 0.0000000000
80654  -3.545  -3.536  59.252 0.0000000000
80675  -3.489  -4.101  58.489 0.0000000000
80677  -4.877  -4.525  58.413 0.0000000000
80676  -4.154  -4.384  58.442 0.0000000000
76666  -3.335  -6.803  55.952 0.0000000000
77950  -3.164  -6.531  56.069 0.0000000000
76686  -2.907  -7.675  55.691 0.0000000000
91879  -40.941  3.294  35.934 0.0000000000
93292  -41.562  3.976  38.149 0.0000000000
90458  -34.553  2.174  42.494 0.0000000000
90467  -34.579  1.905  41.394 0.0000000000
91893  -36.627  3.396  35.531 0.0000000000
93340  -37.648  3.659  36.024 0.0000000000
93321  -38.539  3.907  36.629 0.0000000000
93342  -39.413  3.422  35.675 0.0000000000
83579  -20.644  -2.169  55.709 0.0000000000
84961  -19.664  -2.443  55.210 0.0000000000
91570  -25.948  3.631  56.581 0.0000000000
88894  -26.200  1.661  55.460 0.0000000000
90223  -25.755  2.015  55.474 0.0000000000
87577  -24.757  0.505  54.894 0.0000000000
84948  -23.217  -1.192  54.559 0.0000000000
83633  -24.301  -2.598  52.652 0.0000000000
83615  -24.462  -2.084  53.524 0.0000000000
82172  -23.378  -2.765  51.977 0.0000000000
83632  -23.712  -2.539  52.918 0.0000000000
83614  -23.511  -2.275  53.474 0.0000000000
83598  -23.717  -1.855  53.983 0.0000000000
83597  -22.663  -2.042  54.178 0.0000000000
83581  -23.009  -1.598  54.373 0.0000000000
82120  -22.174  -2.263  53.971 0.0000000000
83650  -21.435  -2.663  52.334 0.0000000000
82169  -19.509  -2.886  51.968 0.0000000000
82213  -18.887  -3.297  50.438 0.0000000000
82245  -18.740  -3.309  49.716 0.0000000000
100316  -54.898  8.625  19.960 0.0000000000
101411  -55.329  9.187  19.690 0.0000000000
101420  -55.487  9.671  18.828 0.0000000000
102674  -55.819  10.232  17.402 0.0000000000
95856  -6.139  6.287  50.218 0.0000000000
93074  -6.680  3.485  51.747 0.0000000000
95843  -5.894  5.737  52.458 0.0000000000
94446  -5.627  4.733  52.804 0.0000000000
94458  -6.123  4.764  52.406 0.0000000000
89020  -4.206  -0.499  49.097 0.0000000000
86346  -3.623  -1.650  48.520 0.0000000000
90328  -3.329  0.528  51.256 0.0000000000
87681  -3.344  -0.841  50.065 0.0000000000
85036  -3.501  -3.839  48.075 0.0000000000
79366  -3.595  -6.538  48.448 0.0000000000
78081  -3.874  -7.518  48.773 0.0000000000
103699  -54.926  13.636  30.753 0.0000000000
104993  -55.266  13.995  30.752 0.0000000000
106245  -55.042  14.315  31.284 0.0000000000
94781  -49.422  5.010  33.642 0.0000000000
96215  -46.251  5.649  28.668 0.0000000000
97664  -47.823  6.811  29.125 0.0000000000
97677  -47.766  7.169  28.206 0.0000000000
100222  -49.586  8.669  28.227 0.0000000000
101318  -50.737  9.678  28.813 0.0000000000
101299  -50.639  9.596  29.643 0.0000000000
101319  -51.187  10.162  29.269 0.0000000000
103767  -52.895  11.104  29.834 0.0000000000
103744  -53.828  12.036  30.196 0.0000000000
80659  -6.798  -3.675  58.950 0.0000000000
80698  -6.764  -4.355  57.297 0.0000000000
79240  -6.335  -4.776  56.558 0.0000000000
80715  -6.917  -4.422  56.606 0.0000000000
83665  -17.958  -2.969  51.864 0.0000000000
83646  -17.197  -2.897  52.569 0.0000000000
83645  -16.356  -3.072  52.278 0.0000000000
82118  -15.505  -2.738  55.088 0.0000000000
82186  -14.521  -3.600  51.403 0.0000000000
82165  -14.465  -3.475  52.182 0.0000000000
80768  -13.751  -3.461  52.752 0.0000000000
80769  -14.285  -3.383  52.847 0.0000000000
80770  -14.575  -3.301  52.970 0.0000000000
80750  -14.859  -2.946  53.617 0.0000000000
82133  -14.996  -2.792  54.206 0.0000000000
82106  -15.446  -2.722  55.396 0.0000000000
82105  -14.853  -2.586  55.495 0.0000000000
83573  -14.177  -2.322  55.896 0.0000000000
83556  -13.494  -1.672  56.952 0.0000000000
83560  -10.930  -2.449  57.105 0.0000000000
80729  -7.919  -4.161  55.495 0.0000000000
79311  -7.077  -5.503  53.744 0.0000000000
95935  -5.889  5.302  45.906 0.0000000000
95900  -5.609  5.886  47.124 0.0000000000
95919  -6.118  5.274  46.515 0.0000000000
94578  -6.784  4.419  45.851 0.0000000000
90333  -7.784  1.506  50.211 0.0000000000
91674  -8.127  2.443  50.222 0.0000000000
89024  -7.830  0.399  49.449 0.0000000000
90347  -7.965  1.058  49.812 0.0000000000
90334  -8.315  1.955  49.972 0.0000000000
91702  -9.016  2.314  48.957 0.0000000000
86361  -7.875  -1.388  47.346 0.0000000000
87726  -8.426  -0.847  47.773 0.0000000000
86362  -8.624  -1.285  47.250 0.0000000000
87714  -8.940  -0.313  48.105 0.0000000000
90363  -9.956  1.170  48.243 0.0000000000
91703  -9.797  2.261  48.298 0.0000000000
91723  -10.473  2.036  47.694 0.0000000000
91741  -10.812  2.125  46.602 0.0000000000
91742  -11.176  1.620  46.249 0.0000000000
90423  -11.921  1.349  43.794 0.0000000000
89098  -12.074  0.686  43.641 0.0000000000
87781  -11.929  -0.120  43.091 0.0000000000
87780  -11.516  -0.465  43.583 0.0000000000
87792  -11.648  -0.635  42.657 0.0000000000
90253  -1.657  1.655  54.777 0.0000000000
88853  -4.727  -0.827  58.326 0.0000000000
88852  -4.160  -0.814  57.879 0.0000000000
88851  -3.798  -0.757  57.693 0.0000000000
87559  -2.978  -0.591  57.223 0.0000000000
82071  -2.713  -3.501  58.069 0.0000000000
82070  -2.492  -3.229  57.715 0.0000000000
83544  -2.652  -2.878  57.923 0.0000000000
83551  -2.404  -2.755  57.433 0.0000000000
84921  -2.506  -2.340  57.429 0.0000000000
86236  -2.704  -1.549  57.364 0.0000000000
87568  -2.763  -0.435  56.975 0.0000000000
87583  -2.118  -0.332  55.985 0.0000000000
88900  -2.144  0.173  56.024 0.0000000000
88913  -1.508  0.726  55.339 0.0000000000
88929  -1.666  0.656  54.774 0.0000000000
88930  -2.148  0.646  54.389 0.0000000000
87631  -2.157  0.246  53.864 0.0000000000
86299  -1.298  -0.650  53.192 0.0000000000
84995  -0.973  -1.455  53.317 0.0000000000
82157  -2.077  -4.584  52.901 0.0000000000
79334  -3.117  -6.492  50.718 0.0000000000
76820  -3.731  -8.478  49.300 0.0000000000
75380  -2.876  -9.338  55.216 0.0000000000
74048  -2.890  -10.658  54.524 0.0000000000
75452  -2.368  -9.515  52.749 0.0000000000
75453  -2.490  -9.379  51.985 0.0000000000
75466  -2.628  -9.235  51.169 0.0000000000
75478  -2.871  -9.242  50.365 0.0000000000
72587  -3.343  -11.394  50.368 0.0000000000
75491  -3.282  -9.302  49.706 0.0000000000
74171  -4.624  -10.474  48.561 0.0000000000
71171  -5.373  -12.349  47.810 0.0000000000
74189  -4.538  -9.895  48.411 0.0000000000
74208  -6.077  -10.357  46.834 0.0000000000
74225  -6.494  -10.567  45.443 0.0000000000
75563  -6.241  -8.970  45.532 0.0000000000
75564  -6.437  -9.611  45.228 0.0000000000
76844  -4.861  -8.735  47.649 0.0000000000
78080  -3.647  -7.126  49.115 0.0000000000
78114  -4.837  -6.969  46.052 0.0000000000
79337  -15.696  -3.703  50.132 0.0000000000
79338  -15.944  -3.682  50.200 0.0000000000
79344  -14.888  -4.338  49.427 0.0000000000
79356  -15.024  -4.995  49.358 0.0000000000
79358  -15.771  -3.879  49.319 0.0000000000
79360  -25.958  -4.212  48.971 0.0000000000
79370  -15.146  -4.736  49.234 0.0000000000
79371  -15.478  -4.868  49.250 0.0000000000
79372  -15.818  -4.411  49.144 0.0000000000
79375  -26.122  -4.284  48.547 0.0000000000
80760  -14.743  -3.169  53.236 0.0000000000
80785  -17.712  -3.357  50.812 0.0000000000
80786  -18.173  -3.258  50.931 0.0000000000
80791  -25.838  -3.594  50.229 0.0000000000
80792  -26.039  -3.469  50.432 0.0000000000
80807  -23.197  -3.450  50.078 0.0000000000
80812  -26.168  -3.471  50.029 0.0000000000
80813  -26.361  -3.255  49.955 0.0000000000
80829  -15.925  -4.560  48.962 0.0000000000
80837  -25.584  -4.115  49.285 0.0000000000
80839  -26.338  -3.323  49.719 0.0000000000
80857  -15.085  -5.197  49.122 0.0000000000
80858  -15.074  -4.749  48.896 0.0000000000
80859  -15.799  -4.747  49.187 0.0000000000
80864  -26.309  -3.937  48.676 0.0000000000
80878  -3.462  -5.864  48.185 0.0000000000
82136  -22.879  -2.381  53.374 0.0000000000
82174  -25.292  -3.176  51.242 0.0000000000
82177  -26.648  -2.518  51.410 0.0000000000
82194  -24.410  -3.167  51.220 0.0000000000
82198  -26.648  -2.741  50.979 0.0000000000
82220  -26.339  -3.241  50.198 0.0000000000
82222  -26.511  -2.617  50.038 0.0000000000
82250  -23.870  -3.818  48.882 0.0000000000
82252  -25.397  -3.887  49.743 0.0000000000
82385  -4.056  -4.200  44.159 0.0000000000
82387  -5.043  -4.433  43.161 0.0000000000
82425  -6.633  -4.795  41.642 0.0000000000
83535  -3.365  -3.258  60.108 0.0000000000
83543  -2.385  -3.013  57.484 0.0000000000
83583  -24.748  -1.205  54.422 0.0000000000
83584  -25.119  -1.155  54.394 0.0000000000
83600  -25.449  -1.392  54.242 0.0000000000
83601  -25.933  -1.373  54.213 0.0000000000
83618  -26.821  -0.972  53.718 0.0000000000
83619  -27.158  -0.784  53.722 0.0000000000
83625  -15.892  -2.853  52.853 0.0000000000
83637  -27.081  -0.905  53.462 0.0000000000
83655  -26.726  -1.998  51.885 0.0000000000
83663  -16.714  -3.256  51.664 0.0000000000
83671  -24.900  -3.090  51.379 0.0000000000
83673  -26.757  -2.176  50.729 0.0000000000
83674  -26.595  -1.967  50.199 0.0000000000
83689  -26.569  -2.482  50.202 0.0000000000
83690  -26.525  -2.295  50.022 0.0000000000
83731  -3.598  -3.309  46.936 0.0000000000
83779  -4.327  -3.456  44.635 0.0000000000
84913  -10.551  -1.951  59.951 0.0000000000
84940  -22.582  -1.250  54.522 0.0000000000
84951  -25.570  -0.852  54.452 0.0000000000
84952  -25.921  -0.690  54.528 0.0000000000
84965  -27.611  -0.465  54.149 0.0000000000
84966  -27.979  -0.389  54.028 0.0000000000
84971  -0.564  -1.226  55.301 0.0000000000
84976  -26.151  -1.210  54.176 0.0000000000
84977  -26.577  -1.018  53.993 0.0000000000
84979  -27.842  -0.415  53.887 0.0000000000
85005  -26.954  -1.272  51.644 0.0000000000
85096  -3.942  -3.233  44.867 0.0000000000
86255  -26.288  0.054  55.072 0.0000000000
86258  -25.315  -0.559  54.664 0.0000000000
86266  -0.822  -0.984  55.415 0.0000000000
86268  -26.711  -0.528  54.582 0.0000000000
86269  -27.237  -0.478  54.352 0.0000000000
86279  -26.734  -0.737  54.219 0.0000000000
86281  -28.173  -0.125  54.029 0.0000000000
86282  -28.314  0.012  53.889 0.0000000000
86288  -1.794  -0.212  53.948 0.0000000000
86290  -27.840  -0.081  53.446 0.0000000000
86291  -28.117  -0.028  53.778 0.0000000000
86312  -27.172  -0.647  51.999 0.0000000000
86397  -10.101  -1.252  45.462 0.0000000000
86412  -9.857  -1.641  45.206 0.0000000000
86424  -10.969  -1.065  43.554 0.0000000000
87581  -27.787  1.185  54.893 0.0000000000
87582  -28.094  1.333  54.909 0.0000000000
87584  -2.220  -0.007  55.902 0.0000000000
87593  -27.008  0.085  55.097 0.0000000000
87594  -27.398  0.416  54.879 0.0000000000
87595  -27.990  0.958  54.697 0.0000000000
87597  -1.159  -0.496  55.184 0.0000000000
87599  -2.125  -0.097  55.663 0.0000000000
87605  -28.187  0.372  54.222 0.0000000000
87606  -28.274  0.979  54.364 0.0000000000
87622  -28.349  0.463  54.052 0.0000000000
87638  -27.640  -0.009  52.996 0.0000000000
87640  -28.289  0.426  53.815 0.0000000000
87641  -28.471  0.481  53.915 0.0000000000
87660  -27.706  0.359  52.965 0.0000000000
87695  -5.823  -0.285  49.283 0.0000000000
87738  -10.443  -0.532  46.150 0.0000000000
87753  -11.174  -0.441  45.146 0.0000000000
88893  -25.395  1.435  55.131 0.0000000000
88911  -28.203  1.627  54.999 0.0000000000
88912  -28.369  1.875  54.903 0.0000000000
88914  -2.025  0.229  55.724 0.0000000000
88928  -28.489  1.830  54.419 0.0000000000
88931  -2.339  0.912  54.291 0.0000000000
88942  -28.472  1.384  53.981 0.0000000000
88943  -28.425  1.111  54.097 0.0000000000
88950  -2.410  0.636  54.016 0.0000000000
88951  -2.410  0.804  54.117 0.0000000000
88960  -28.243  1.035  53.577 0.0000000000
88979  -27.324  0.368  52.150 0.0000000000
88981  -27.928  1.026  53.113 0.0000000000
89055  -5.023  -0.588  48.564 0.0000000000
89081  -11.445  0.192  45.248 0.0000000000
89112  -12.204  0.470  43.081 0.0000000000
89289  -42.876  1.378  31.690 0.0000000000
90207  -27.014  2.735  56.084 0.0000000000
90224  -27.271  2.369  55.738 0.0000000000
90239  -29.031  2.346  55.004 0.0000000000
90255  -2.276  1.122  54.354 0.0000000000
90266  -28.562  2.262  54.114 0.0000000000
90274  -2.554  0.958  54.115 0.0000000000
90283  -28.523  2.508  53.881 0.0000000000
90311  -3.097  1.565  53.109 0.0000000000
90364  -10.363  1.562  47.913 0.0000000000
90424  -12.230  0.922  43.396 0.0000000000
90605  -42.862  1.504  32.842 0.0000000000
90635  -43.455  2.017  30.582 0.0000000000
91557  -25.445  4.378  57.006 0.0000000000
91604  -2.508  1.161  54.475 0.0000000000
91605  -2.393  0.823  54.365 0.0000000000
91611  -28.714  3.149  54.030 0.0000000000
91612  -29.018  3.819  54.292 0.0000000000
91614  -2.408  1.185  54.254 0.0000000000
91615  -2.530  1.135  54.125 0.0000000000
91631  -4.198  2.725  52.717 0.0000000000
91971  -44.763  2.438  31.307 0.0000000000
92979  -25.728  4.654  56.958 0.0000000000
93101  -30.496  5.361  49.734 0.0000000000
93122  -30.836  5.218  48.834 0.0000000000
93371  -49.161  4.867  33.297 0.0000000000
93386  -48.997  4.878  33.005 0.0000000000
93387  -49.127  4.962  33.080 0.0000000000
93397  -47.336  3.970  31.496 0.0000000000
93406  -46.109  3.915  30.413 0.0000000000
93407  -46.668  3.981  30.721 0.0000000000
94460  -7.122  3.969  51.531 0.0000000000
94496  -8.096  4.060  49.750 0.0000000000
94795  -48.620  4.978  32.177 0.0000000000
94804  -48.342  5.054  31.669 0.0000000000
94824  -47.243  4.739  30.549 0.0000000000
94834  -46.586  4.878  29.658 0.0000000000
95982  -37.649  5.203  42.124 0.0000000000
95983  -38.169  5.504  42.129 0.0000000000
96150  -49.222  5.678  32.379 0.0000000000
99008  -48.097  7.455  27.779 0.0000000000
100124  -51.656  8.568  33.812 0.0000000000
101271  -52.370  10.507  33.164 0.0000000000
101346  -57.528  11.485  26.970 0.0000000000
101358  -57.792  11.291  26.523 0.0000000000
101370  -58.061  11.224  26.118 0.0000000000
101394  -58.079  9.512  22.934 0.0000000000
102453  -51.764  10.368  31.743 0.0000000000
102455  -52.482  10.815  32.511 0.0000000000
102475  -52.322  10.846  31.523 0.0000000000
102479  -56.325  13.015  29.187 0.0000000000
102498  -52.451  11.016  30.645 0.0000000000
102502  -55.915  12.599  28.825 0.0000000000
102503  -56.404  12.821  28.760 0.0000000000
102504  -56.682  12.858  28.767 0.0000000000
102529  -51.752  10.653  29.609 0.0000000000
102530  -52.553  11.021  29.880 0.0000000000
102532  -54.660  11.965  28.883 0.0000000000
102536  -57.115  12.581  28.184 0.0000000000
102537  -57.301  12.377  27.897 0.0000000000
102563  -57.260  11.851  27.444 0.0000000000
102564  -57.755  11.941  27.104 0.0000000000
102565  -58.325  12.200  26.595 0.0000000000
102569  -52.768  10.726  28.045 0.0000000000
102574  -57.733  11.673  26.924 0.0000000000
102575  -58.149  11.745  26.476 0.0000000000
102583  -58.158  11.046  25.841 0.0000000000
103666  -53.179  12.002  32.761 0.0000000000
103695  -52.885  11.339  32.424 0.0000000000
103696  -53.304  12.162  32.233 0.0000000000
103720  -52.569  11.064  31.502 0.0000000000
103721  -52.710  11.260  31.733 0.0000000000
103726  -55.977  13.409  29.620 0.0000000000
103746  -55.407  12.747  29.492 0.0000000000
103768  -53.157  11.269  29.899 0.0000000000
103771  -56.920  13.137  28.657 0.0000000000
103784  -53.197  11.444  29.016 0.0000000000
103786  -54.638  11.466  27.913 0.0000000000
103794  -54.557  11.294  27.544 0.0000000000
104961  -53.178  11.801  32.667 0.0000000000
104963  -53.787  13.302  33.299 0.0000000000
104965  -54.756  13.978  31.614 0.0000000000
104990  -53.133  11.726  32.449 0.0000000000
104991  -53.203  11.961  32.145 0.0000000000
105013  -53.078  11.711  32.032 0.0000000000
105015  -55.821  13.868  30.085 0.0000000000
105016  -56.131  13.836  29.756 0.0000000000
105055  -57.139  13.110  28.543 0.0000000000
105056  -57.558  13.131  28.234 0.0000000000
105057  -58.191  13.036  27.734 0.0000000000
105067  -58.394  12.834  27.031 0.0000000000
106268  -55.897  14.039  30.116 0.0000000000
106289  -56.509  13.926  29.811 0.0000000000
106290  -56.572  13.998  29.650 0.0000000000
106310  -56.667  13.777  29.221 0.0000000000
106311  -56.778  13.856  29.018 0.0000000000
106317  -57.540  13.418  28.150 0.0000000000
106318  -57.987  13.270  27.644 0.0000000000
107609  -55.203  14.497  31.120 0.0000000000
107610  -55.538  14.475  30.580 0.0000000000
107634  -56.417  14.006  29.685 0.0000000000
107650  -56.157  14.333  29.789 0.0000000000
107663  -57.107  14.093  28.537 0.0000000000
108918  -55.618  14.981  30.534 0.0000000000
108974  -57.105  14.522  28.380 0.0000000000
