#!ascii label  , from subject S2_Demo vox2ras=TkReg
1626
82572  -42.437  -4.756  33.469 0.0000000000
94855  -58.763  4.096  27.829 0.0000000000
89347  -49.346  0.748  28.892 0.0000000000
72515  -10.572  -12.152  54.799 0.0000000000
83908  -38.184  -3.641  37.631 0.0000000000
75427  -26.157  -9.518  53.826 0.0000000000
79331  -32.518  -6.418  52.423 0.0000000000
83770  -34.261  -3.255  45.037 0.0000000000
85109  -38.724  -2.709  44.555 0.0000000000
75514  -17.504  -10.415  48.236 0.0000000000
78033  -21.828  -7.997  53.566 0.0000000000
75535  -21.412  -9.628  47.450 0.0000000000
75538  -30.072  -10.252  47.137 0.0000000000
80940  -31.808  -6.040  45.639 0.0000000000
87859  -44.997  -1.003  39.371 0.0000000000
83851  -49.948  -3.286  40.667 0.0000000000
93440  -52.525  3.748  27.746 0.0000000000
85319  -46.103  -2.029  31.411 0.0000000000
92169  -58.318  2.257  21.514 0.0000000000
69645  -7.889  -14.012  56.956 0.0000000000
86436  -42.593  -1.003  42.546 0.0000000000
85275  -39.358  -3.490  35.295 0.0000000000
72635  -26.152  -11.426  47.808 0.0000000000
74082  -30.699  -10.992  54.692 0.0000000000
86533  -54.083  -1.822  36.380 0.0000000000
97812  -63.499  5.737  15.908 0.0000000000
81010  -32.608  -5.254  42.206 0.0000000000
81012  -34.515  -5.007  42.064 0.0000000000
75516  -19.928  -9.654  48.214 0.0000000000
78198  -30.380  -8.072  41.976 0.0000000000
79505  -31.344  -6.304  42.567 0.0000000000
82352  -32.765  -4.468  45.484 0.0000000000
83912  -43.898  -3.976  37.993 0.0000000000
85199  -46.941  -1.757  39.148 0.0000000000
82494  -45.756  -4.620  37.484 0.0000000000
93443  -55.874  3.812  27.266 0.0000000000
96191  -55.389  5.054  30.706 0.0000000000
94868  -61.397  5.005  26.082 0.0000000000
69710  -8.815  -13.380  51.629 0.0000000000
71055  -9.460  -12.479  56.207 0.0000000000
82434  -39.085  -4.172  41.248 0.0000000000
86426  -41.020  -2.003  44.167 0.0000000000
83847  -40.013  -2.793  40.324 0.0000000000
86480  -40.743  -2.133  38.932 0.0000000000
85250  -38.330  -3.009  35.706 0.0000000000
76784  -23.525  -8.816  52.777 0.0000000000
78000  -23.834  -7.891  55.992 0.0000000000
76721  -26.306  -8.725  56.147 0.0000000000
76723  -28.108  -9.263  56.309 0.0000000000
74234  -23.433  -11.141  45.212 0.0000000000
72684  -25.566  -12.010  44.195 0.0000000000
76830  -31.320  -8.794  49.684 0.0000000000
74138  -31.182  -10.721  51.390 0.0000000000
75448  -32.403  -9.312  53.261 0.0000000000
75393  -32.104  -9.899  56.525 0.0000000000
72574  -13.832  -11.272  51.282 0.0000000000
76767  -15.261  -9.029  53.737 0.0000000000
79279  -15.452  -6.862  56.459 0.0000000000
87962  -47.886  -0.962  30.223 0.0000000000
85232  -49.742  -2.825  35.427 0.0000000000
87918  -50.116  -0.383  33.885 0.0000000000
96398  -65.203  5.605  14.546 0.0000000000
76692  -9.910  -9.366  58.448 0.0000000000
87731  -36.023  -1.133  48.112 0.0000000000
89060  -38.220  -0.241  47.912 0.0000000000
85107  -36.545  -3.071  44.857 0.0000000000
82431  -37.066  -4.875  42.112 0.0000000000
76808  -16.929  -9.304  50.925 0.0000000000
78031  -19.850  -7.766  53.599 0.0000000000
76810  -19.218  -8.646  50.901 0.0000000000
76813  -21.598  -9.012  50.603 0.0000000000
75471  -23.958  -9.619  51.050 0.0000000000
72701  -28.272  -11.765  43.771 0.0000000000
75620  -29.431  -10.268  42.468 0.0000000000
78120  -31.043  -8.108  45.930 0.0000000000
80866  -32.119  -6.134  48.696 0.0000000000
83725  -32.721  -4.218  48.280 0.0000000000
85051  -33.818  -2.575  47.310 0.0000000000
74178  -15.242  -11.220  48.331 0.0000000000
90468  -45.921  0.933  41.541 0.0000000000
94625  -47.758  3.058  43.907 0.0000000000
90495  -48.349  0.941  39.902 0.0000000000
89167  -50.289  -0.189  41.424 0.0000000000
92029  -50.854  2.565  28.266 0.0000000000
90609  -52.679  0.954  33.032 0.0000000000
93388  -54.431  3.101  31.937 0.0000000000
66709  -4.300  -15.802  60.959 0.0000000000
84001  -44.812  -3.527  33.074 0.0000000000
86668  -45.013  -0.496  27.671 0.0000000000
92057  -48.962  2.304  25.964 0.0000000000
92082  -50.468  2.544  25.494 0.0000000000
92085  -53.570  2.347  25.558 0.0000000000
92087  -55.737  2.374  25.351 0.0000000000
93495  -58.896  2.757  24.788 0.0000000000
90794  -56.289  1.478  22.344 0.0000000000
75341  -8.438  -10.344  59.369 0.0000000000
72450  -7.288  -11.951  59.960 0.0000000000
71012  -6.365  -13.011  60.873 0.0000000000
94570  -43.861  2.847  46.556 0.0000000000
89063  -40.676  0.479  46.970 0.0000000000
90418  -42.682  1.202  45.156 0.0000000000
90448  -44.156  1.354  43.637 0.0000000000
86464  -43.552  -0.864  40.399 0.0000000000
86516  -42.177  -2.378  37.836 0.0000000000
82535  -41.025  -4.610  35.137 0.0000000000
79303  -21.786  -7.042  56.021 0.0000000000
74202  -23.506  -10.151  47.972 0.0000000000
74135  -25.947  -10.462  50.948 0.0000000000
72652  -28.317  -12.055  47.612 0.0000000000
72581  -28.289  -11.673  51.561 0.0000000000
75447  -28.284  -10.415  53.993 0.0000000000
75392  -30.676  -10.345  56.562 0.0000000000
71107  -10.609  -12.588  52.445 0.0000000000
72572  -12.232  -12.201  51.227 0.0000000000
74054  -11.827  -10.389  54.940 0.0000000000
82521  -48.631  -4.252  36.662 0.0000000000
83892  -51.788  -3.762  38.651 0.0000000000
85169  -54.861  -3.344  39.740 0.0000000000
90509  -53.301  1.018  37.085 0.0000000000
93511  -61.450  3.586  23.509 0.0000000000
94923  -62.510  4.988  21.564 0.0000000000
96324  -62.553  5.930  19.483 0.0000000000
96350  -61.405  5.571  17.603 0.0000000000
97784  -63.835  6.558  18.596 0.0000000000
81028  -32.000  -5.819  41.134 0.0000000000
81029  -33.072  -5.637  41.257 0.0000000000
79547  -31.806  -6.436  39.831 0.0000000000
79545  -30.537  -7.094  40.658 0.0000000000
79523  -31.283  -6.330  41.478 0.0000000000
81009  -31.783  -5.588  42.355 0.0000000000
82515  -42.937  -4.716  36.261 0.0000000000
82470  -45.021  -4.282  38.263 0.0000000000
82517  -44.662  -4.729  36.429 0.0000000000
93444  -57.070  3.662  27.221 0.0000000000
94839  -56.969  4.697  28.650 0.0000000000
94840  -58.170  4.662  28.555 0.0000000000
96223  -60.501  5.551  28.143 0.0000000000
94866  -60.161  4.065  26.869 0.0000000000
71092  -9.788  -12.967  53.498 0.0000000000
71091  -9.388  -13.201  53.897 0.0000000000
71066  -9.764  -12.559  55.516 0.0000000000
82469  -38.548  -3.939  39.025 0.0000000000
83846  -39.425  -3.510  40.249 0.0000000000
83863  -39.244  -3.217  39.244 0.0000000000
85194  -39.301  -2.779  38.205 0.0000000000
85210  -38.527  -2.989  37.468 0.0000000000
79312  -17.417  -7.038  54.989 0.0000000000
76772  -25.258  -9.414  53.360 0.0000000000
76738  -25.442  -8.575  55.684 0.0000000000
76756  -25.510  -8.966  54.567 0.0000000000
76722  -27.175  -8.966  55.854 0.0000000000
76757  -26.689  -9.233  54.742 0.0000000000
78062  -32.244  -7.410  51.417 0.0000000000
76801  -32.121  -8.348  51.600 0.0000000000
78034  -32.585  -8.040  52.940 0.0000000000
76759  -33.172  -8.563  54.915 0.0000000000
76781  -16.264  -8.886  52.768 0.0000000000
78027  -16.226  -8.517  53.726 0.0000000000
77994  -16.643  -7.141  55.061 0.0000000000
95931  -45.829  3.376  45.991 0.0000000000
87963  -48.829  -0.541  30.392 0.0000000000
87928  -49.090  -1.032  32.315 0.0000000000
89290  -50.415  -0.277  31.677 0.0000000000
85064  -35.157  -2.506  46.263 0.0000000000
85065  -36.023  -2.009  46.015 0.0000000000
85086  -35.708  -2.857  45.312 0.0000000000
82416  -35.841  -4.858  42.604 0.0000000000
81053  -35.895  -5.718  40.494 0.0000000000
81054  -36.979  -5.303  40.721 0.0000000000
75497  -16.854  -10.050  49.713 0.0000000000
76809  -18.050  -9.012  50.830 0.0000000000
75498  -18.031  -9.860  49.283 0.0000000000
75517  -20.854  -9.499  48.225 0.0000000000
76837  -20.307  -9.382  49.067 0.0000000000
76838  -21.132  -9.299  49.057 0.0000000000
76814  -22.312  -9.230  50.819 0.0000000000
75501  -22.659  -9.546  49.269 0.0000000000
74303  -27.966  -11.061  40.070 0.0000000000
79481  -31.139  -7.171  43.657 0.0000000000
78156  -30.789  -8.160  43.762 0.0000000000
79430  -31.455  -6.889  45.441 0.0000000000
78106  -31.564  -7.216  46.878 0.0000000000
80912  -32.053  -5.861  46.848 0.0000000000
82283  -32.411  -4.864  48.270 0.0000000000
82326  -32.210  -5.078  46.951 0.0000000000
82353  -33.202  -4.106  45.103 0.0000000000
83752  -33.023  -3.670  46.456 0.0000000000
85063  -33.969  -2.776  46.452 0.0000000000
86366  -34.778  -1.916  48.079 0.0000000000
75513  -16.357  -10.534  48.691 0.0000000000
87836  -45.909  -0.084  40.218 0.0000000000
90480  -47.050  1.052  40.631 0.0000000000
89173  -47.034  0.216  39.679 0.0000000000
85161  -47.903  -2.739  40.469 0.0000000000
86487  -48.889  -1.083  40.348 0.0000000000
86467  -49.751  -1.379  41.011 0.0000000000
86449  -51.701  -1.911  42.021 0.0000000000
85165  -51.211  -2.804  41.265 0.0000000000
93439  -51.657  3.366  27.561 0.0000000000
92012  -52.414  2.668  29.647 0.0000000000
93422  -52.628  3.355  29.335 0.0000000000
98930  -56.667  6.294  31.843 0.0000000000
92081  -49.501  2.378  25.392 0.0000000000
92112  -50.282  2.222  24.532 0.0000000000
90756  -52.210  1.700  23.974 0.0000000000
90758  -54.023  1.592  23.975 0.0000000000
92086  -54.639  2.371  25.461 0.0000000000
90759  -55.018  1.666  23.921 0.0000000000
90761  -56.506  1.769  23.771 0.0000000000
69667  -7.944  -14.232  54.863 0.0000000000
69644  -7.195  -14.443  57.467 0.0000000000
77918  -9.014  -8.798  59.732 0.0000000000
75342  -8.940  -9.994  59.069 0.0000000000
76635  -8.519  -9.604  60.095 0.0000000000
75308  -7.832  -10.960  60.881 0.0000000000
73977  -7.165  -12.027  61.501 0.0000000000
72444  -6.861  -12.417  60.984 0.0000000000
72440  -6.886  -12.611  61.601 0.0000000000
71006  -6.100  -13.826  61.543 0.0000000000
86387  -38.836  -1.199  46.249 0.0000000000
89062  -39.921  0.137  47.157 0.0000000000
87755  -39.890  -0.897  45.874 0.0000000000
86435  -41.930  -1.582  42.727 0.0000000000
87774  -41.856  -0.821  44.757 0.0000000000
87788  -42.795  -0.438  43.598 0.0000000000
90435  -43.169  1.300  44.571 0.0000000000
87789  -43.270  -0.036  43.278 0.0000000000
87802  -44.090  -0.071  42.384 0.0000000000
87832  -43.187  -0.770  41.480 0.0000000000
86514  -40.463  -2.515  37.226 0.0000000000
86498  -41.483  -2.137  38.327 0.0000000000
85229  -41.158  -2.899  36.640 0.0000000000
83928  -41.619  -3.815  36.511 0.0000000000
83950  -40.616  -3.909  35.568 0.0000000000
78032  -20.820  -7.716  53.561 0.0000000000
77996  -20.937  -7.212  55.124 0.0000000000
78016  -21.359  -7.472  54.410 0.0000000000
74204  -25.142  -11.152  46.819 0.0000000000
74203  -24.260  -10.571  47.426 0.0000000000
74183  -25.344  -10.931  48.073 0.0000000000
74165  -25.043  -10.456  49.296 0.0000000000
74166  -26.046  -10.911  49.074 0.0000000000
74238  -29.457  -11.141  45.865 0.0000000000
72672  -28.404  -11.935  45.814 0.0000000000
74205  -29.811  -11.034  47.725 0.0000000000
72545  -31.378  -11.002  53.309 0.0000000000
72583  -29.846  -11.755  51.427 0.0000000000
72543  -29.552  -11.417  53.382 0.0000000000
74122  -28.442  -11.291  53.061 0.0000000000
74081  -29.738  -10.937  54.565 0.0000000000
75412  -29.621  -10.137  55.763 0.0000000000
75413  -30.507  -10.359  55.906 0.0000000000
85019  -33.349  -3.175  50.925 0.0000000000
72573  -13.110  -11.687  51.258 0.0000000000
74091  -13.130  -10.815  53.298 0.0000000000
72534  -11.790  -11.524  53.285 0.0000000000
80719  -15.275  -5.902  58.063 0.0000000000
85318  -45.225  -2.391  31.403 0.0000000000
83973  -46.341  -3.933  34.435 0.0000000000
85278  -47.265  -3.134  34.293 0.0000000000
86547  -51.578  -2.454  35.681 0.0000000000
83957  -51.340  -3.392  36.080 0.0000000000
83937  -53.584  -3.204  37.131 0.0000000000
83855  -53.805  -3.438  40.066 0.0000000000
83895  -54.642  -3.101  38.184 0.0000000000
91925  -53.319  1.957  34.649 0.0000000000
90555  -52.514  1.407  35.644 0.0000000000
91873  -53.604  2.326  37.004 0.0000000000
92141  -58.588  2.253  23.410 0.0000000000
93509  -59.792  2.705  23.866 0.0000000000
92157  -59.287  2.475  22.519 0.0000000000
93546  -61.067  3.652  20.485 0.0000000000
94930  -61.760  4.440  20.466 0.0000000000
96316  -62.766  5.762  20.507 0.0000000000
96323  -61.961  5.236  19.455 0.0000000000
96380  -61.814  5.187  15.780 0.0000000000
96379  -60.744  5.162  15.677 0.0000000000
96366  -62.360  5.582  16.715 0.0000000000
97791  -62.886  6.169  17.740 0.0000000000
97802  -63.387  6.005  16.717 0.0000000000
97803  -64.326  6.271  16.631 0.0000000000
94989  -65.696  5.196  14.914 0.0000000000
82396  -33.738  -4.500  43.370 0.0000000000
82397  -34.575  -4.194  43.472 0.0000000000
81011  -33.593  -4.948  42.232 0.0000000000
81030  -34.113  -5.560  41.344 0.0000000000
75515  -18.797  -9.827  48.419 0.0000000000
78215  -29.910  -7.761  40.743 0.0000000000
79504  -30.956  -6.936  42.708 0.0000000000
79482  -31.391  -6.402  43.594 0.0000000000
80941  -32.258  -5.294  45.512 0.0000000000
80989  -31.754  -5.671  43.487 0.0000000000
80990  -32.492  -5.140  43.382 0.0000000000
85215  -43.952  -2.649  38.284 0.0000000000
86502  -45.910  -1.493  38.816 0.0000000000
85197  -45.553  -2.312  38.780 0.0000000000
83865  -46.426  -3.628  39.441 0.0000000000
82458  -47.240  -4.190  39.334 0.0000000000
93441  -53.628  3.890  27.528 0.0000000000
94836  -53.780  4.251  28.767 0.0000000000
94837  -54.704  4.712  28.859 0.0000000000
96206  -56.016  5.552  30.028 0.0000000000
96258  -62.596  5.867  25.281 0.0000000000
69668  -8.698  -13.866  54.724 0.0000000000
71054  -8.981  -12.874  56.657 0.0000000000
83810  -39.165  -3.503  43.167 0.0000000000
85110  -40.007  -2.452  44.339 0.0000000000
83811  -39.888  -3.318  42.968 0.0000000000
85135  -40.776  -2.660  41.770 0.0000000000
85147  -41.298  -2.105  41.177 0.0000000000
86462  -41.784  -1.646  40.331 0.0000000000
85159  -40.435  -2.371  39.832 0.0000000000
86496  -39.894  -2.434  37.646 0.0000000000
85251  -39.329  -2.900  35.808 0.0000000000
76783  -22.617  -8.305  52.961 0.0000000000
76753  -22.648  -8.064  54.433 0.0000000000
76755  -24.103  -8.340  55.051 0.0000000000
76737  -24.608  -8.253  56.175 0.0000000000
77962  -28.151  -9.362  56.732 0.0000000000
72667  -24.283  -11.581  44.763 0.0000000000
72657  -25.830  -11.722  46.149 0.0000000000
75523  -30.579  -9.607  48.336 0.0000000000
74186  -30.438  -10.681  48.913 0.0000000000
75489  -31.462  -9.496  50.583 0.0000000000
74124  -31.810  -10.094  52.123 0.0000000000
74084  -32.418  -10.082  54.300 0.0000000000
75414  -31.737  -10.215  55.757 0.0000000000
75432  -32.549  -9.738  54.812 0.0000000000
74162  -14.512  -11.150  49.596 0.0000000000
74130  -14.782  -10.382  51.402 0.0000000000
76766  -14.477  -9.397  53.806 0.0000000000
77992  -14.627  -7.948  55.439 0.0000000000
77977  -15.420  -7.161  55.944 0.0000000000
86603  -46.655  -1.750  30.868 0.0000000000
86556  -47.902  -2.139  33.732 0.0000000000
86572  -48.645  -1.408  33.200 0.0000000000
87898  -50.095  -1.083  35.257 0.0000000000
87885  -52.009  -0.637  36.107 0.0000000000
92191  -57.729  2.580  19.806 0.0000000000
92182  -58.826  2.630  20.830 0.0000000000
93553  -58.428  2.984  19.440 0.0000000000
96395  -62.281  4.899  14.964 0.0000000000
97813  -64.252  5.941  15.636 0.0000000000
96408  -63.866  5.056  14.010 0.0000000000
96409  -64.548  5.269  13.564 0.0000000000
74036  -10.894  -10.153  55.956 0.0000000000
74019  -10.126  -10.848  57.098 0.0000000000
89036  -37.636  0.588  49.068 0.0000000000
87719  -37.215  -0.448  48.277 0.0000000000
86385  -37.457  -1.415  46.787 0.0000000000
85088  -37.963  -2.314  45.346 0.0000000000
83806  -35.822  -3.802  43.790 0.0000000000
83807  -36.582  -3.862  43.758 0.0000000000
83809  -38.367  -3.481  43.506 0.0000000000
82419  -38.027  -4.215  42.318 0.0000000000
82455  -38.061  -4.667  39.932 0.0000000000
78043  -17.573  -8.437  52.821 0.0000000000
78030  -18.919  -7.974  53.650 0.0000000000
78056  -18.205  -8.484  52.154 0.0000000000
78067  -19.528  -8.317  51.510 0.0000000000
78059  -20.640  -8.137  51.908 0.0000000000
76836  -19.388  -9.489  49.089 0.0000000000
76811  -20.271  -8.658  50.611 0.0000000000
78060  -21.568  -8.369  51.809 0.0000000000
76798  -22.575  -8.873  51.867 0.0000000000
76799  -23.668  -9.308  51.836 0.0000000000
76786  -25.251  -9.636  52.537 0.0000000000
74275  -28.993  -11.263  42.995 0.0000000000
75590  -29.982  -10.079  44.484 0.0000000000
76912  -30.228  -8.826  42.318 0.0000000000
76878  -30.318  -9.313  44.146 0.0000000000
76858  -30.582  -8.811  46.607 0.0000000000
78092  -31.278  -8.203  47.992 0.0000000000
79361  -31.948  -6.992  49.168 0.0000000000
80814  -32.247  -6.023  50.205 0.0000000000
80794  -32.539  -5.500  51.611 0.0000000000
82223  -32.523  -5.204  50.346 0.0000000000
83710  -32.800  -4.253  49.381 0.0000000000
85029  -33.298  -3.296  49.791 0.0000000000
82327  -32.505  -4.579  46.522 0.0000000000
83739  -32.828  -3.816  47.412 0.0000000000
86351  -33.593  -2.547  49.230 0.0000000000
86343  -34.299  -1.591  49.385 0.0000000000
75496  -15.551  -10.593  49.538 0.0000000000
91799  -45.971  2.196  43.167 0.0000000000
91812  -47.034  2.250  42.517 0.0000000000
93258  -47.903  2.240  42.244 0.0000000000
91827  -48.891  1.556  41.709 0.0000000000
87853  -48.064  -0.372  39.389 0.0000000000
90497  -49.188  0.654  40.271 0.0000000000
90651  -50.282  1.100  29.074 0.0000000000
89309  -51.102  0.305  30.516 0.0000000000
90638  -52.177  1.140  30.573 0.0000000000
90611  -53.659  1.843  32.498 0.0000000000
93359  -54.269  3.086  34.301 0.0000000000
94806  -54.661  4.106  30.816 0.0000000000
94782  -55.360  4.595  33.412 0.0000000000
84013  -42.455  -3.685  31.737 0.0000000000
83985  -43.776  -4.140  33.261 0.0000000000
85331  -43.141  -2.938  30.929 0.0000000000
85332  -44.221  -2.358  30.548 0.0000000000
85333  -45.017  -1.870  30.559 0.0000000000
86636  -45.674  -0.990  29.284 0.0000000000
87977  -46.664  -0.677  29.114 0.0000000000
87995  -47.179  -0.090  28.633 0.0000000000
89362  -48.182  0.886  27.951 0.0000000000
90669  -49.070  1.500  28.031 0.0000000000
92042  -49.963  2.440  27.531 0.0000000000
92059  -50.792  2.698  26.632 0.0000000000
92060  -51.837  2.976  26.281 0.0000000000
92113  -51.323  2.063  24.504 0.0000000000
92084  -52.533  2.429  25.554 0.0000000000
92061  -52.827  2.891  26.291 0.0000000000
92062  -53.891  2.871  26.221 0.0000000000
92064  -56.021  2.793  26.011 0.0000000000
93464  -57.828  3.224  26.411 0.0000000000
93465  -58.981  3.391  26.340 0.0000000000
92089  -57.999  2.691  24.997 0.0000000000
92140  -57.479  1.947  23.327 0.0000000000
92155  -57.691  1.918  22.314 0.0000000000
92180  -57.300  2.160  20.449 0.0000000000
72477  -9.669  -11.484  57.175 0.0000000000
72476  -9.163  -11.852  57.679 0.0000000000
72462  -8.138  -11.855  58.874 0.0000000000
76634  -8.316  -10.180  60.311 0.0000000000
73988  -7.510  -10.868  59.869 0.0000000000
71026  -7.645  -12.890  58.750 0.0000000000
71025  -7.172  -13.069  59.446 0.0000000000
69608  -6.112  -14.090  60.003 0.0000000000
69607  -5.374  -14.513  60.207 0.0000000000
69594  -5.484  -14.270  61.336 0.0000000000
94589  -44.594  3.184  45.518 0.0000000000
91737  -41.605  1.813  47.680 0.0000000000
89086  -41.137  -0.143  45.777 0.0000000000
90416  -41.395  0.404  46.057 0.0000000000
91773  -42.836  1.929  45.911 0.0000000000
93210  -43.891  2.619  45.386 0.0000000000
93228  -44.729  2.652  44.498 0.0000000000
90449  -44.966  1.296  43.118 0.0000000000
87818  -44.914  -0.052  41.296 0.0000000000
87849  -44.604  -0.690  39.957 0.0000000000
86482  -42.647  -1.430  39.500 0.0000000000
86500  -43.409  -1.592  38.731 0.0000000000
86518  -43.802  -1.926  38.370 0.0000000000
85214  -42.837  -3.100  37.618 0.0000000000
83929  -42.467  -4.202  36.975 0.0000000000
82554  -41.679  -4.851  34.375 0.0000000000
85249  -37.361  -3.492  35.741 0.0000000000
85273  -37.364  -3.474  34.684 0.0000000000
83967  -37.890  -3.919  34.238 0.0000000000
83983  -39.245  -4.447  33.934 0.0000000000
82569  -39.836  -4.668  33.229 0.0000000000
82587  -40.452  -4.630  32.446 0.0000000000
84012  -41.645  -3.917  31.607 0.0000000000
77999  -23.226  -7.661  55.908 0.0000000000
75554  -21.094  -9.804  46.531 0.0000000000
74219  -22.415  -10.193  46.361 0.0000000000
75536  -22.182  -9.666  47.659 0.0000000000
75521  -23.621  -9.918  49.107 0.0000000000
75487  -24.845  -10.210  50.664 0.0000000000
75460  -25.630  -9.918  52.077 0.0000000000
72686  -27.449  -12.042  44.572 0.0000000000
72659  -27.520  -12.045  46.561 0.0000000000
72637  -27.556  -11.958  48.449 0.0000000000
72640  -30.084  -11.518  48.959 0.0000000000
72621  -28.619  -11.906  49.506 0.0000000000
72600  -27.097  -11.596  50.054 0.0000000000
74137  -27.364  -11.270  51.500 0.0000000000
75462  -27.005  -10.512  52.749 0.0000000000
75428  -27.024  -9.714  54.094 0.0000000000
75410  -28.042  -9.724  55.262 0.0000000000
76742  -29.174  -9.816  55.926 0.0000000000
69711  -9.364  -13.150  52.065 0.0000000000
71093  -10.491  -12.552  53.440 0.0000000000
72592  -11.755  -12.394  50.122 0.0000000000
72591  -11.064  -12.576  49.644 0.0000000000
71108  -11.179  -12.423  52.050 0.0000000000
72533  -11.215  -12.118  53.420 0.0000000000
72516  -11.050  -11.850  54.386 0.0000000000
75402  -11.212  -9.715  55.899 0.0000000000
79277  -13.905  -7.301  56.830 0.0000000000
82558  -45.410  -4.530  34.824 0.0000000000
82519  -46.547  -4.607  36.553 0.0000000000
82474  -48.925  -4.298  38.553 0.0000000000
83955  -48.909  -3.538  35.556 0.0000000000
82499  -50.425  -4.094  37.139 0.0000000000
83870  -51.354  -3.617  39.707 0.0000000000
83854  -52.878  -3.357  40.590 0.0000000000
89253  -51.558  0.426  33.978 0.0000000000
89230  -51.478  0.294  35.676 0.0000000000
87873  -53.544  -0.232  36.643 0.0000000000
93481  -59.772  3.348  25.434 0.0000000000
93483  -61.484  4.230  25.002 0.0000000000
94891  -62.178  4.659  24.526 0.0000000000
93533  -60.495  3.026  21.445 0.0000000000
94908  -62.086  4.201  22.523 0.0000000000
94909  -62.673  5.057  22.535 0.0000000000
96309  -63.588  6.409  21.838 0.0000000000
97758  -63.636  6.583  21.233 0.0000000000
96336  -60.855  5.319  18.264 0.0000000000
96338  -62.317  5.905  18.610 0.0000000000
97783  -63.067  6.381  18.592 0.0000000000
97814  -64.882  6.073  15.693 0.0000000000
79546  -31.303  -6.484  40.325 0.0000000000
81049  -31.864  -6.108  40.334 0.0000000000
79564  -30.481  -7.020  39.497 0.0000000000
82555  -42.560  -4.842  34.505 0.0000000000
82516  -43.786  -4.743  36.311 0.0000000000
82556  -43.437  -4.727  34.589 0.0000000000
93445  -58.248  3.650  27.172 0.0000000000
94854  -57.583  4.076  27.971 0.0000000000
94841  -59.319  4.652  28.383 0.0000000000
94842  -60.196  4.887  28.078 0.0000000000
94843  -60.541  5.227  27.760 0.0000000000
94856  -59.920  4.236  27.475 0.0000000000
71079  -10.361  -12.457  54.148 0.0000000000
71078  -9.964  -12.660  54.583 0.0000000000
72502  -10.405  -11.848  55.503 0.0000000000
83884  -38.380  -3.907  38.203 0.0000000000
83862  -38.896  -3.685  39.419 0.0000000000
83885  -38.728  -3.503  38.482 0.0000000000
85193  -38.797  -3.137  37.990 0.0000000000
85209  -38.168  -3.177  37.355 0.0000000000
79313  -17.903  -7.078  55.008 0.0000000000
78013  -18.381  -7.557  54.397 0.0000000000
79330  -32.405  -6.752  51.799 0.0000000000
78049  -32.390  -7.700  52.177 0.0000000000
79323  -32.493  -7.158  52.686 0.0000000000
79324  -32.789  -6.587  53.242 0.0000000000
77995  -17.158  -7.016  54.979 0.0000000000
89327  -48.808  0.145  29.388 0.0000000000
87964  -49.268  -0.595  30.975 0.0000000000
89308  -49.881  -0.159  30.510 0.0000000000
85085  -34.645  -2.935  45.590 0.0000000000
83771  -34.912  -3.172  44.908 0.0000000000
81052  -34.805  -6.095  40.456 0.0000000000
76823  -17.612  -9.601  50.193 0.0000000000
75534  -20.517  -9.560  47.289 0.0000000000
75518  -21.680  -9.456  48.305 0.0000000000
75500  -21.884  -9.426  49.129 0.0000000000
79457  -31.455  -6.581  44.577 0.0000000000
79456  -31.287  -7.410  44.613 0.0000000000
79412  -31.659  -6.634  46.350 0.0000000000
83769  -33.640  -3.457  45.366 0.0000000000
85084  -34.061  -3.041  45.584 0.0000000000
74180  -16.577  -10.657  47.871 0.0000000000
87850  -45.470  -0.534  39.763 0.0000000000
87860  -45.674  -0.953  39.082 0.0000000000
83850  -49.042  -3.245  40.629 0.0000000000
86466  -49.098  -1.686  40.731 0.0000000000
85164  -50.317  -2.546  41.142 0.0000000000
86468  -50.651  -1.781  41.503 0.0000000000
93431  -52.422  3.594  28.514 0.0000000000
94849  -52.805  3.854  28.238 0.0000000000
98894  -56.994  6.427  33.119 0.0000000000
92111  -49.381  2.063  24.439 0.0000000000
90780  -54.717  1.350  23.147 0.0000000000
90781  -55.690  1.433  23.147 0.0000000000
69655  -7.916  -14.168  55.821 0.0000000000
68263  -7.190  -14.588  56.682 0.0000000000
77902  -8.920  -8.753  59.899 0.0000000000
77894  -9.015  -8.995  60.242 0.0000000000
73971  -7.098  -12.161  61.907 0.0000000000
72434  -7.112  -12.532  62.181 0.0000000000
86415  -38.919  -2.002  45.272 0.0000000000
87743  -39.495  -0.651  46.453 0.0000000000
86403  -39.312  -1.396  45.737 0.0000000000
87787  -42.314  -0.969  44.018 0.0000000000
89122  -43.121  0.317  43.739 0.0000000000
87800  -43.125  -0.516  42.881 0.0000000000
87815  -43.091  -0.598  42.163 0.0000000000
86448  -42.714  -0.968  41.673 0.0000000000
86543  -40.123  -2.638  36.156 0.0000000000
86528  -40.806  -2.674  36.941 0.0000000000
85252  -40.288  -2.960  35.872 0.0000000000
85253  -41.052  -3.442  35.988 0.0000000000
85276  -39.998  -3.718  35.289 0.0000000000
78047  -21.185  -8.052  52.685 0.0000000000
75557  -30.033  -10.158  46.143 0.0000000000
74223  -29.634  -11.001  46.881 0.0000000000
72526  -31.027  -11.319  54.018 0.0000000000
72544  -30.570  -11.378  53.258 0.0000000000
72525  -30.224  -11.365  54.043 0.0000000000
72524  -29.682  -11.285  54.050 0.0000000000
74063  -30.155  -10.550  55.273 0.0000000000
74064  -31.131  -10.611  55.304 0.0000000000
76750  -13.584  -9.329  55.057 0.0000000000
85308  -46.052  -2.411  32.238 0.0000000000
85295  -46.219  -3.085  33.435 0.0000000000
85296  -47.164  -2.393  33.465 0.0000000000
86532  -53.366  -1.952  36.015 0.0000000000
85235  -52.795  -2.837  36.188 0.0000000000
85236  -53.827  -2.671  36.728 0.0000000000
83917  -54.112  -3.082  37.476 0.0000000000
85217  -54.617  -2.491  37.258 0.0000000000
91906  -53.621  2.557  35.463 0.0000000000
91905  -53.128  1.944  35.574 0.0000000000
92156  -58.452  2.171  22.449 0.0000000000
94937  -61.261  4.469  19.513 0.0000000000
94950  -60.886  4.870  18.809 0.0000000000
96381  -62.878  5.413  15.646 0.0000000000
96367  -63.067  5.670  16.251 0.0000000000
80991  -33.104  -4.923  42.987 0.0000000000
81050  -32.546  -6.144  40.099 0.0000000000
81051  -33.675  -6.062  40.383 0.0000000000
78231  -29.132  -7.708  39.481 0.0000000000
79522  -30.756  -6.818  41.778 0.0000000000
78216  -30.451  -7.285  41.275 0.0000000000
82395  -33.097  -4.630  43.710 0.0000000000
85196  -44.881  -2.648  38.540 0.0000000000
83887  -44.632  -3.481  38.432 0.0000000000
82493  -44.755  -4.633  37.383 0.0000000000
83889  -46.237  -4.167  39.017 0.0000000000
82457  -46.663  -4.209  39.175 0.0000000000
82472  -46.924  -4.448  38.545 0.0000000000
93442  -54.715  3.945  27.365 0.0000000000
94851  -54.149  4.344  28.083 0.0000000000
94852  -55.220  4.429  27.982 0.0000000000
96207  -57.090  5.573  29.805 0.0000000000
98978  -57.091  6.374  30.821 0.0000000000
98979  -57.765  6.353  30.621 0.0000000000
97707  -62.021  5.848  26.192 0.0000000000
97708  -62.564  6.228  25.805 0.0000000000
96257  -62.055  5.434  25.688 0.0000000000
71077  -9.372  -13.284  54.657 0.0000000000
69680  -8.723  -13.813  53.614 0.0000000000
71065  -9.202  -13.189  55.612 0.0000000000
69656  -8.538  -13.690  55.697 0.0000000000
83822  -39.441  -3.681  42.360 0.0000000000
83834  -40.112  -3.088  41.095 0.0000000000
85136  -41.415  -2.104  42.242 0.0000000000
85146  -40.608  -2.519  40.758 0.0000000000
85160  -41.064  -2.140  40.368 0.0000000000
85211  -39.150  -2.623  37.196 0.0000000000
85195  -40.092  -2.388  38.364 0.0000000000
86513  -39.798  -2.495  36.869 0.0000000000
85227  -39.128  -2.695  36.407 0.0000000000
76770  -23.366  -8.495  53.857 0.0000000000
76740  -27.492  -9.221  55.555 0.0000000000
76702  -27.780  -9.098  56.407 0.0000000000
72683  -24.718  -11.934  44.124 0.0000000000
74236  -25.048  -11.586  45.347 0.0000000000
72669  -25.643  -11.836  45.183 0.0000000000
76829  -31.098  -8.941  49.204 0.0000000000
75504  -30.971  -9.743  49.452 0.0000000000
76787  -32.354  -8.564  52.588 0.0000000000
75463  -32.100  -9.315  52.357 0.0000000000
74103  -31.976  -10.212  53.127 0.0000000000
75449  -32.661  -9.639  53.994 0.0000000000
75495  -15.017  -10.677  50.135 0.0000000000
74146  -14.696  -10.734  50.584 0.0000000000
76752  -14.757  -8.878  54.305 0.0000000000
78010  -15.340  -8.298  54.453 0.0000000000
79281  -17.545  -6.373  56.385 0.0000000000
79280  -16.527  -6.518  56.406 0.0000000000
86604  -47.505  -1.486  31.115 0.0000000000
86588  -47.575  -1.714  32.053 0.0000000000
86605  -48.055  -1.265  31.591 0.0000000000
87930  -50.046  -0.473  33.209 0.0000000000
87917  -49.472  -0.946  33.534 0.0000000000
87908  -50.304  -0.450  34.829 0.0000000000
87883  -50.360  -1.030  35.535 0.0000000000
87899  -50.554  -0.585  35.411 0.0000000000
94987  -61.700  4.638  14.310 0.0000000000
94988  -62.513  4.660  14.283 0.0000000000
96396  -63.283  5.063  14.675 0.0000000000
94999  -63.072  4.592  13.696 0.0000000000
75367  -10.475  -9.496  57.355 0.0000000000
79229  -9.612  -7.944  59.761 0.0000000000
87706  -36.198  -0.536  49.265 0.0000000000
87718  -36.598  -0.611  48.631 0.0000000000
87732  -36.743  -0.891  47.888 0.0000000000
85066  -36.585  -2.016  46.123 0.0000000000
85087  -36.868  -2.382  45.628 0.0000000000
86401  -37.690  -1.941  46.087 0.0000000000
85108  -37.501  -2.890  44.822 0.0000000000
82414  -34.257  -4.668  42.772 0.0000000000
83805  -35.164  -3.814  43.838 0.0000000000
82415  -34.947  -4.738  42.756 0.0000000000
82430  -36.463  -5.020  42.145 0.0000000000
82399  -36.184  -4.320  43.271 0.0000000000
82400  -36.876  -4.282  43.255 0.0000000000
83808  -37.438  -3.790  43.493 0.0000000000
82418  -37.409  -4.370  42.688 0.0000000000
83820  -37.965  -3.920  42.893 0.0000000000
82432  -37.704  -4.635  41.865 0.0000000000
81055  -37.600  -4.989  40.318 0.0000000000
76795  -17.510  -8.752  51.760 0.0000000000
78057  -19.013  -8.345  51.935 0.0000000000
78058  -19.830  -8.182  52.009 0.0000000000
78068  -20.056  -8.289  51.305 0.0000000000
76826  -20.651  -9.153  49.891 0.0000000000
76812  -21.006  -8.754  50.529 0.0000000000
78069  -20.835  -8.327  51.136 0.0000000000
78070  -21.357  -8.565  51.029 0.0000000000
78061  -22.163  -8.454  52.315 0.0000000000
76797  -21.841  -8.781  51.224 0.0000000000
76815  -23.156  -9.418  51.000 0.0000000000
76785  -24.472  -9.368  52.545 0.0000000000
76800  -24.350  -9.558  51.692 0.0000000000
74289  -28.698  -11.095  41.752 0.0000000000
75605  -29.438  -10.640  43.420 0.0000000000
74264  -29.618  -10.527  44.067 0.0000000000
75606  -29.881  -9.870  43.490 0.0000000000
76932  -29.988  -8.653  41.359 0.0000000000
76931  -29.502  -9.192  40.854 0.0000000000
78135  -31.045  -8.158  44.962 0.0000000000
76894  -30.514  -8.759  43.945 0.0000000000
76869  -30.601  -8.731  45.555 0.0000000000
76847  -30.825  -8.803  47.646 0.0000000000
78105  -31.253  -8.023  46.962 0.0000000000
79377  -31.651  -6.790  48.244 0.0000000000
79347  -31.959  -6.869  50.065 0.0000000000
80840  -32.179  -6.264  49.494 0.0000000000
82256  -32.442  -5.269  49.253 0.0000000000
82257  -32.594  -4.609  48.776 0.0000000000
85041  -33.214  -3.360  48.502 0.0000000000
80970  -32.339  -5.227  44.490 0.0000000000
85062  -33.426  -3.183  46.598 0.0000000000
85050  -33.450  -3.001  47.369 0.0000000000
86364  -33.609  -2.620  48.372 0.0000000000
86352  -33.870  -2.010  48.896 0.0000000000
86365  -34.012  -2.359  48.042 0.0000000000
87730  -35.424  -1.395  48.316 0.0000000000
87716  -35.110  -1.290  48.857 0.0000000000
87717  -35.815  -0.996  48.793 0.0000000000
91810  -45.836  1.855  42.936 0.0000000000
91811  -46.368  2.055  42.723 0.0000000000
90461  -46.342  1.620  42.074 0.0000000000
90481  -47.744  1.189  40.325 0.0000000000
90470  -47.289  1.458  41.224 0.0000000000
90471  -47.928  1.529  41.115 0.0000000000
91826  -48.332  1.720  41.566 0.0000000000
90482  -48.557  1.308  40.590 0.0000000000
86504  -47.007  -1.320  38.993 0.0000000000
87862  -46.971  -1.039  38.968 0.0000000000
86485  -47.434  -1.167  39.228 0.0000000000
87837  -49.660  -0.464  40.844 0.0000000000
89177  -49.524  -0.112  40.534 0.0000000000
89166  -49.645  0.103  40.824 0.0000000000
90484  -49.680  0.633  41.375 0.0000000000
90486  -50.580  0.057  41.850 0.0000000000
89168  -50.786  -0.325  41.866 0.0000000000
87820  -51.919  -1.596  42.443 0.0000000000
90671  -50.671  1.943  28.780 0.0000000000
90652  -51.027  1.220  29.412 0.0000000000
92010  -51.056  2.253  28.898 0.0000000000
91992  -53.091  2.543  30.289 0.0000000000
91975  -53.341  2.030  30.953 0.0000000000
91959  -53.996  2.482  32.354 0.0000000000
91942  -53.887  2.384  33.408 0.0000000000
93372  -54.500  3.180  33.116 0.0000000000
94826  -54.287  4.421  29.466 0.0000000000
94814  -53.904  4.015  29.660 0.0000000000
96190  -54.735  4.776  30.052 0.0000000000
96152  -55.714  5.048  33.079 0.0000000000
68192  -4.518  -15.473  60.602 0.0000000000
85348  -43.980  -1.981  29.564 0.0000000000
86634  -44.299  -1.663  29.280 0.0000000000
86652  -45.020  -0.826  28.472 0.0000000000
86621  -46.339  -1.233  30.068 0.0000000000
86653  -45.895  -0.580  28.634 0.0000000000
87994  -46.458  -0.062  28.269 0.0000000000
89344  -47.134  0.391  28.121 0.0000000000
89345  -47.850  0.376  28.390 0.0000000000
89361  -47.607  0.967  27.536 0.0000000000
90690  -48.500  1.472  27.528 0.0000000000
90714  -48.870  2.026  27.069 0.0000000000
90691  -49.247  1.972  27.573 0.0000000000
93458  -51.465  3.049  27.015 0.0000000000
92115  -53.286  1.887  24.813 0.0000000000
92114  -52.302  1.969  24.761 0.0000000000
92063  -54.975  2.946  26.028 0.0000000000
93463  -56.621  3.183  26.389 0.0000000000
93478  -56.864  2.910  25.834 0.0000000000
93479  -57.456  2.911  25.738 0.0000000000
92088  -56.860  2.596  25.324 0.0000000000
90782  -56.655  1.600  23.182 0.0000000000
92139  -56.807  1.826  23.666 0.0000000000
90783  -57.248  1.715  22.805 0.0000000000
68262  -6.759  -14.957  56.950 0.0000000000
75366  -10.169  -9.991  57.831 0.0000000000
74018  -9.671  -10.866  57.839 0.0000000000
74000  -9.143  -10.891  58.512 0.0000000000
73999  -8.533  -10.897  59.000 0.0000000000
72475  -8.614  -12.160  58.117 0.0000000000
73989  -8.010  -10.911  59.443 0.0000000000
76629  -8.601  -9.690  60.650 0.0000000000
73982  -7.444  -11.188  60.378 0.0000000000
72461  -7.600  -12.215  59.365 0.0000000000
71016  -6.491  -13.118  60.578 0.0000000000
69603  -6.066  -13.631  60.689 0.0000000000
69602  -5.515  -14.116  60.801 0.0000000000
71001  -6.978  -13.327  62.389 0.0000000000
95929  -44.316  3.146  46.348 0.0000000000
95930  -44.851  3.330  46.013 0.0000000000
94588  -44.108  3.002  45.941 0.0000000000
89051  -37.906  0.169  48.514 0.0000000000
90374  -37.962  0.757  48.977 0.0000000000
89052  -38.633  0.486  48.417 0.0000000000
90388  -39.645  0.952  48.064 0.0000000000
90389  -40.597  0.935  47.414 0.0000000000
91736  -40.745  1.575  47.979 0.0000000000
91753  -41.198  1.339  47.353 0.0000000000
85111  -40.600  -2.234  44.185 0.0000000000
86417  -40.546  -1.705  44.855 0.0000000000
87773  -41.144  -1.106  45.088 0.0000000000
89088  -42.332  0.567  45.170 0.0000000000
89087  -41.794  0.062  45.452 0.0000000000
90417  -42.078  1.027  45.940 0.0000000000
90400  -41.860  1.413  46.510 0.0000000000
91772  -42.176  1.594  46.365 0.0000000000
91755  -42.516  2.170  46.632 0.0000000000
90436  -43.633  1.360  44.081 0.0000000000
91785  -43.735  2.094  44.815 0.0000000000
91796  -44.017  1.742  44.143 0.0000000000
91786  -44.354  2.457  44.590 0.0000000000
91797  -44.568  2.109  44.028 0.0000000000
89124  -44.273  0.814  43.106 0.0000000000
87833  -43.703  -0.656  41.036 0.0000000000
87817  -44.399  -0.265  41.742 0.0000000000
87834  -44.428  -0.388  40.791 0.0000000000
87848  -43.961  -0.671  40.321 0.0000000000
86461  -41.133  -1.984  39.742 0.0000000000
86481  -41.678  -1.777  39.228 0.0000000000
86499  -42.415  -1.827  38.586 0.0000000000
86517  -43.117  -2.214  38.189 0.0000000000
83951  -41.324  -4.249  35.838 0.0000000000
82536  -41.851  -4.791  35.302 0.0000000000
85293  -37.089  -3.872  33.799 0.0000000000
83981  -37.576  -4.285  33.286 0.0000000000
83996  -38.061  -4.402  32.922 0.0000000000
82585  -38.683  -4.581  32.492 0.0000000000
82568  -39.141  -4.571  33.126 0.0000000000
82586  -39.624  -4.635  32.385 0.0000000000
82604  -40.950  -4.308  31.855 0.0000000000
78014  -19.305  -7.572  54.406 0.0000000000
78015  -20.295  -7.409  54.530 0.0000000000
77997  -21.719  -7.195  55.249 0.0000000000
78019  -23.568  -7.933  55.564 0.0000000000
78018  -23.150  -7.821  55.240 0.0000000000
74220  -23.024  -10.380  46.770 0.0000000000
75537  -22.846  -9.834  47.783 0.0000000000
75520  -23.272  -9.817  48.636 0.0000000000
74181  -23.587  -10.078  48.454 0.0000000000
74151  -25.493  -10.447  50.230 0.0000000000
74150  -24.787  -10.276  50.061 0.0000000000
75473  -25.307  -10.186  51.277 0.0000000000
75474  -25.961  -10.254  51.599 0.0000000000
72700  -27.338  -12.112  43.490 0.0000000000
72660  -28.307  -12.036  46.748 0.0000000000
72671  -27.508  -12.012  45.591 0.0000000000
72651  -27.559  -12.089  47.568 0.0000000000
71167  -27.779  -12.138  47.949 0.0000000000
74167  -30.708  -10.861  49.782 0.0000000000
72623  -30.262  -11.502  49.683 0.0000000000
72582  -29.114  -11.859  51.278 0.0000000000
72602  -28.843  -11.893  50.493 0.0000000000
72620  -27.703  -11.858  49.385 0.0000000000
72601  -27.803  -11.778  50.496 0.0000000000
74153  -26.988  -11.333  50.765 0.0000000000
74100  -28.143  -10.810  53.357 0.0000000000
75446  -27.503  -10.352  53.499 0.0000000000
75445  -26.638  -9.996  53.229 0.0000000000
75429  -27.750  -10.002  54.453 0.0000000000
76758  -27.369  -9.579  54.867 0.0000000000
75391  -29.917  -10.223  56.036 0.0000000000
82200  -32.753  -4.819  51.535 0.0000000000
71106  -9.864  -12.980  52.587 0.0000000000
72594  -13.464  -11.590  50.439 0.0000000000
72615  -13.135  -11.909  49.540 0.0000000000
72593  -12.698  -12.036  50.333 0.0000000000
71138  -11.562  -12.439  50.768 0.0000000000
71137  -10.889  -12.653  50.359 0.0000000000
71123  -11.394  -12.443  51.354 0.0000000000
72553  -11.381  -12.205  52.732 0.0000000000
72517  -11.516  -11.453  53.956 0.0000000000
74071  -11.458  -11.168  54.455 0.0000000000
74053  -11.245  -10.724  55.228 0.0000000000
77976  -14.906  -7.365  56.068 0.0000000000
79278  -14.396  -7.104  56.749 0.0000000000
94608  -47.909  3.017  44.603 0.0000000000
84000  -44.278  -3.510  32.683 0.0000000000
82557  -44.508  -4.519  34.439 0.0000000000
83971  -44.976  -4.119  33.834 0.0000000000
83952  -46.863  -4.081  34.910 0.0000000000
82542  -47.043  -4.353  35.900 0.0000000000
82520  -47.609  -4.327  36.367 0.0000000000
82496  -47.781  -4.490  37.543 0.0000000000
82497  -48.793  -4.353  37.623 0.0000000000
86544  -48.774  -2.209  34.600 0.0000000000
85279  -48.131  -2.454  34.290 0.0000000000
85256  -49.186  -2.851  35.174 0.0000000000
83915  -52.322  -3.666  37.587 0.0000000000
83914  -51.018  -3.968  37.630 0.0000000000
83891  -50.805  -3.920  38.937 0.0000000000
83853  -51.819  -3.352  40.534 0.0000000000
83871  -52.356  -3.580  39.579 0.0000000000
83856  -54.431  -3.332  39.615 0.0000000000
85150  -53.855  -3.508  40.761 0.0000000000
89292  -51.772  0.388  31.801 0.0000000000
89291  -51.164  0.069  31.544 0.0000000000
89273  -51.997  0.493  32.917 0.0000000000
90542  -52.536  1.228  36.350 0.0000000000
90554  -51.943  0.864  35.677 0.0000000000
90541  -52.008  0.657  36.276 0.0000000000
89197  -52.257  0.243  36.505 0.0000000000
89199  -53.434  0.533  36.998 0.0000000000
93480  -58.633  2.949  25.407 0.0000000000
93510  -60.451  2.970  23.462 0.0000000000
93497  -60.611  3.362  24.486 0.0000000000
93498  -61.514  3.901  24.448 0.0000000000
93532  -59.904  2.809  21.131 0.0000000000
93545  -60.337  3.259  20.484 0.0000000000
94922  -61.916  4.228  21.544 0.0000000000
93534  -61.288  3.557  21.448 0.0000000000
96292  -63.339  5.949  22.640 0.0000000000
97763  -63.478  6.479  20.538 0.0000000000
97764  -63.897  6.847  20.764 0.0000000000
97771  -63.254  6.446  19.567 0.0000000000
96365  -61.164  5.425  16.646 0.0000000000
96349  -60.429  5.386  17.550 0.0000000000
96337  -61.508  5.406  18.614 0.0000000000
96351  -62.189  5.806  17.750 0.0000000000
97792  -63.674  6.406  17.633 0.0000000000
97772  -63.985  6.723  19.750 0.0000000000
97822  -64.691  5.827  15.027 0.0000000000
97823  -64.814  5.936  15.223 0.0000000000
79563  -29.745  -7.384  39.738 0.0000000000
82491  -43.116  -4.472  36.907 0.0000000000
82492  -43.825  -4.548  37.141 0.0000000000
94853  -56.386  4.279  27.945 0.0000000000
97669  -60.428  6.081  28.758 0.0000000000
97679  -60.963  6.197  28.029 0.0000000000
99011  -61.658  6.768  28.053 0.0000000000
96230  -60.916  5.624  27.371 0.0000000000
96243  -60.889  5.131  26.959 0.0000000000
94867  -60.733  4.528  26.532 0.0000000000
69696  -9.276  -13.296  52.564 0.0000000000
69681  -9.182  -13.438  53.204 0.0000000000
82447  -38.759  -4.276  40.522 0.0000000000
83833  -39.546  -3.701  41.396 0.0000000000
85158  -39.709  -2.797  39.620 0.0000000000
85177  -39.469  -2.836  38.965 0.0000000000
83886  -39.196  -3.072  38.724 0.0000000000
85226  -38.348  -2.828  36.575 0.0000000000
76771  -24.365  -8.925  53.703 0.0000000000
76739  -26.482  -8.823  55.456 0.0000000000
78071  -31.945  -7.583  50.727 0.0000000000
76816  -31.686  -8.536  50.642 0.0000000000
76773  -32.552  -8.655  53.132 0.0000000000
76774  -32.975  -8.684  53.750 0.0000000000
78020  -33.268  -7.546  54.065 0.0000000000
76768  -15.822  -8.900  53.408 0.0000000000
78026  -15.686  -8.737  53.885 0.0000000000
78011  -16.391  -7.845  54.511 0.0000000000
79298  -17.207  -6.866  55.547 0.0000000000
87979  -48.359  -0.497  29.786 0.0000000000
87943  -48.764  -0.950  31.438 0.0000000000
87944  -49.614  -0.732  31.545 0.0000000000
89271  -50.377  -0.323  32.337 0.0000000000
86367  -35.500  -1.699  47.689 0.0000000000
86368  -36.250  -1.476  47.458 0.0000000000
86383  -35.724  -1.968  46.885 0.0000000000
85106  -35.970  -3.160  44.680 0.0000000000
81031  -35.098  -5.507  41.381 0.0000000000
81013  -35.265  -5.160  42.121 0.0000000000
81032  -36.037  -5.277  41.585 0.0000000000
81033  -36.770  -5.172  41.620 0.0000000000
82445  -37.286  -4.994  41.452 0.0000000000
76822  -17.031  -9.701  50.359 0.0000000000
76824  -18.692  -9.399  49.828 0.0000000000
76827  -21.360  -9.237  49.880 0.0000000000
76828  -22.097  -9.351  49.963 0.0000000000
75484  -22.879  -9.458  50.108 0.0000000000
78182  -30.656  -7.606  42.813 0.0000000000
78181  -30.453  -8.276  42.913 0.0000000000
79429  -31.288  -7.570  45.406 0.0000000000
79411  -31.378  -7.379  46.137 0.0000000000
79394  -31.732  -6.627  47.311 0.0000000000
80890  -31.954  -5.989  47.833 0.0000000000
82282  -32.229  -5.474  48.309 0.0000000000
82304  -32.181  -5.262  47.609 0.0000000000
82305  -32.438  -4.588  47.496 0.0000000000
83768  -33.174  -3.775  45.722 0.0000000000
83753  -33.376  -3.315  46.107 0.0000000000
86381  -34.203  -2.377  47.412 0.0000000000
86382  -34.853  -2.225  47.151 0.0000000000
75512  -15.779  -10.792  48.685 0.0000000000
89152  -46.065  0.656  41.118 0.0000000000
90469  -46.463  1.187  41.390 0.0000000000
89163  -46.514  0.469  40.402 0.0000000000
89164  -47.218  0.748  40.028 0.0000000000
85181  -47.481  -2.117  39.892 0.0000000000
86486  -48.156  -1.207  39.944 0.0000000000
86465  -48.544  -1.664  40.494 0.0000000000
86488  -49.299  -1.144  40.640 0.0000000000
87838  -50.164  -0.742  41.262 0.0000000000
87839  -50.976  -1.120  41.685 0.0000000000
86469  -51.488  -2.248  41.700 0.0000000000
85148  -52.207  -2.761  41.731 0.0000000000
93429  -51.349  3.035  27.919 0.0000000000
92011  -51.767  2.530  29.185 0.0000000000
93421  -52.094  3.203  28.827 0.0000000000
93411  -53.827  3.386  30.355 0.0000000000
97619  -56.284  5.873  31.196 0.0000000000
97590  -55.914  5.557  31.803 0.0000000000
98909  -56.578  6.246  32.510 0.0000000000
97749  -63.741  6.542  22.755 0.0000000000
87993  -45.653  -0.300  27.996 0.0000000000
90757  -53.048  1.645  23.978 0.0000000000
92116  -54.316  1.966  24.737 0.0000000000
92117  -55.377  1.957  24.642 0.0000000000
92118  -56.561  2.031  24.308 0.0000000000
90760  -55.978  1.685  23.857 0.0000000000
69626  -6.993  -14.292  58.318 0.0000000000
76670  -9.508  -9.105  58.958 0.0000000000
76648  -9.066  -9.183  59.483 0.0000000000
75323  -8.653  -9.796  59.532 0.0000000000
75322  -8.253  -10.309  59.780 0.0000000000
76622  -8.161  -10.745  61.326 0.0000000000
73978  -7.518  -11.521  61.211 0.0000000000
73981  -7.303  -11.844  60.917 0.0000000000
72449  -6.976  -12.476  60.441 0.0000000000
71011  -5.986  -13.767  61.288 0.0000000000
71007  -6.533  -13.262  61.624 0.0000000000
70989  -7.105  -12.927  62.327 0.0000000000
87742  -38.679  -0.826  46.786 0.0000000000
89061  -38.885  0.138  47.928 0.0000000000
87735  -39.111  -0.388  47.197 0.0000000000
89072  -40.054  -0.231  46.516 0.0000000000
86427  -41.645  -1.614  43.738 0.0000000000
87775  -42.432  -0.354  44.348 0.0000000000
89107  -42.729  0.472  44.406 0.0000000000
89108  -43.226  0.854  44.015 0.0000000000
89123  -43.656  0.621  43.421 0.0000000000
89136  -44.006  0.373  42.787 0.0000000000
87801  -43.590  -0.140  42.719 0.0000000000
87816  -43.676  -0.464  41.935 0.0000000000
86463  -42.931  -1.163  40.708 0.0000000000
86497  -40.651  -2.348  37.993 0.0000000000
86515  -41.251  -2.588  37.415 0.0000000000
85213  -41.827  -2.831  37.252 0.0000000000
83970  -40.282  -4.344  34.932 0.0000000000
76719  -24.644  -8.358  56.995 0.0000000000
77980  -23.984  -7.891  56.722 0.0000000000
74221  -24.228  -11.051  46.287 0.0000000000
74182  -24.076  -10.263  48.705 0.0000000000
74251  -29.061  -11.508  45.179 0.0000000000
72687  -28.349  -11.833  44.838 0.0000000000
74237  -29.054  -11.704  45.719 0.0000000000
72661  -29.060  -11.731  46.819 0.0000000000
72653  -29.129  -11.628  47.666 0.0000000000
72565  -31.045  -11.163  52.329 0.0000000000
72584  -30.658  -11.322  51.422 0.0000000000
72564  -30.119  -11.581  52.383 0.0000000000
72563  -28.904  -11.702  52.369 0.0000000000
72562  -28.320  -11.526  52.162 0.0000000000
72542  -28.889  -11.429  53.164 0.0000000000
74101  -28.747  -11.039  53.666 0.0000000000
74080  -28.940  -10.684  54.389 0.0000000000
75430  -28.471  -10.237  54.856 0.0000000000
74062  -29.280  -10.401  55.118 0.0000000000
74113  -14.121  -10.703  52.265 0.0000000000
72556  -13.494  -11.313  51.942 0.0000000000
72555  -12.830  -11.563  52.255 0.0000000000
72554  -11.916  -12.040  52.309 0.0000000000
72535  -12.376  -11.415  52.959 0.0000000000
74090  -12.291  -11.101  53.455 0.0000000000
74072  -12.002  -10.703  54.195 0.0000000000
75420  -12.113  -10.278  54.876 0.0000000000
79260  -15.846  -6.205  57.230 0.0000000000
85307  -45.104  -3.042  32.657 0.0000000000
83987  -45.324  -3.611  33.440 0.0000000000
85294  -45.558  -3.234  33.173 0.0000000000
83974  -46.988  -3.744  34.724 0.0000000000
83931  -47.990  -3.889  35.752 0.0000000000
86529  -50.051  -1.819  35.545 0.0000000000
85233  -50.307  -2.887  35.546 0.0000000000
85258  -51.638  -3.025  35.712 0.0000000000
83935  -51.901  -3.484  36.461 0.0000000000
83872  -53.339  -3.590  39.401 0.0000000000
83894  -53.759  -3.439  38.387 0.0000000000
83873  -54.064  -3.388  39.008 0.0000000000
83874  -54.858  -3.222  38.944 0.0000000000
90590  -53.137  1.360  33.734 0.0000000000
90589  -52.370  0.911  33.869 0.0000000000
90572  -52.790  1.363  34.743 0.0000000000
91886  -53.108  1.820  36.356 0.0000000000
91872  -53.280  1.559  36.878 0.0000000000
93496  -59.567  2.862  24.500 0.0000000000
92121  -59.453  2.637  24.034 0.0000000000
92142  -59.592  2.601  23.382 0.0000000000
92143  -60.209  2.787  22.923 0.0000000000
94931  -62.303  4.900  20.822 0.0000000000
96315  -62.307  5.247  20.124 0.0000000000
96394  -61.291  4.816  14.951 0.0000000000
97801  -62.743  5.853  17.245 0.0000000000
97793  -64.417  6.373  17.585 0.0000000000
83785  -33.970  -3.634  44.603 0.0000000000
83786  -34.601  -3.586  44.303 0.0000000000
82376  -34.040  -3.943  43.997 0.0000000000
75533  -19.554  -9.680  47.194 0.0000000000
76960  -28.600  -8.449  39.007 0.0000000000
76946  -29.630  -8.506  40.734 0.0000000000
79544  -30.095  -7.434  40.358 0.0000000000
78199  -30.485  -7.359  41.882 0.0000000000
80969  -31.731  -5.815  44.556 0.0000000000
82374  -32.865  -4.598  44.428 0.0000000000
82375  -33.500  -4.127  44.381 0.0000000000
86501  -44.661  -1.583  38.721 0.0000000000
85198  -46.291  -2.049  38.976 0.0000000000
83888  -45.562  -3.551  38.922 0.0000000000
83864  -45.981  -3.407  39.230 0.0000000000
85180  -46.663  -2.641  39.628 0.0000000000
83866  -47.539  -3.384  40.095 0.0000000000
83849  -48.233  -3.179  40.509 0.0000000000
83867  -48.587  -3.732  40.105 0.0000000000
94850  -53.262  4.073  28.165 0.0000000000
96217  -54.858  4.904  29.331 0.0000000000
94838  -55.793  4.813  28.652 0.0000000000
96218  -55.378  5.099  29.309 0.0000000000
98977  -56.709  6.303  31.026 0.0000000000
98931  -57.335  6.525  31.783 0.0000000000
99025  -62.003  6.714  27.287 0.0000000000
99065  -63.242  6.577  25.345 0.0000000000
97717  -63.041  6.175  24.969 0.0000000000
69679  -7.901  -14.228  53.867 0.0000000000
69646  -8.387  -13.606  56.433 0.0000000000
85123  -38.972  -3.242  43.776 0.0000000000
86416  -39.585  -1.952  45.061 0.0000000000
85124  -39.636  -3.072  43.745 0.0000000000
85125  -40.756  -2.598  43.264 0.0000000000
83823  -40.156  -3.261  42.150 0.0000000000
85126  -41.498  -2.035  42.994 0.0000000000
86447  -42.040  -1.459  41.613 0.0000000000
85178  -39.930  -2.487  38.999 0.0000000000
86526  -39.792  -2.618  36.284 0.0000000000
78048  -21.878  -8.291  52.660 0.0000000000
76769  -22.587  -8.257  54.044 0.0000000000
76754  -23.027  -8.153  54.567 0.0000000000
76701  -26.997  -8.928  56.434 0.0000000000
74250  -23.193  -11.386  44.345 0.0000000000
74235  -24.509  -11.404  45.404 0.0000000000
74222  -25.077  -11.424  45.872 0.0000000000
72649  -26.011  -11.435  47.074 0.0000000000
75539  -30.380  -9.532  47.403 0.0000000000
75522  -30.145  -10.312  47.995 0.0000000000
74155  -31.294  -10.205  50.808 0.0000000000
75475  -31.824  -9.335  51.428 0.0000000000
74139  -31.550  -10.114  51.364 0.0000000000
74123  -31.477  -10.622  51.947 0.0000000000
72566  -31.575  -10.690  52.573 0.0000000000
74083  -31.779  -10.567  54.417 0.0000000000
74065  -31.641  -10.390  55.178 0.0000000000
75431  -31.951  -10.258  55.103 0.0000000000
75415  -32.795  -9.436  55.753 0.0000000000
75394  -32.979  -9.262  56.376 0.0000000000
74145  -14.104  -11.142  50.467 0.0000000000
74129  -14.379  -10.887  51.215 0.0000000000
74114  -14.743  -10.149  51.989 0.0000000000
76765  -13.757  -9.602  54.265 0.0000000000
78008  -14.060  -8.986  55.118 0.0000000000
78009  -14.442  -8.597  54.904 0.0000000000
77993  -15.644  -7.432  55.380 0.0000000000
79296  -15.673  -7.066  55.879 0.0000000000
86587  -46.792  -1.903  31.747 0.0000000000
86570  -46.872  -2.123  32.702 0.0000000000
86571  -47.755  -1.873  32.912 0.0000000000
86557  -48.551  -1.784  34.021 0.0000000000
87916  -49.269  -0.999  32.902 0.0000000000
86573  -48.915  -1.348  33.778 0.0000000000
86545  -49.525  -1.744  34.922 0.0000000000
86531  -52.222  -2.108  35.812 0.0000000000
87886  -52.974  -0.970  36.109 0.0000000000
92181  -58.162  2.471  20.508 0.0000000000
93543  -58.892  2.850  20.101 0.0000000000
93554  -59.339  3.435  19.380 0.0000000000
96382  -63.687  5.571  15.305 0.0000000000
96397  -64.281  5.540  14.683 0.0000000000
74052  -10.720  -11.183  55.510 0.0000000000
74035  -10.555  -10.747  56.156 0.0000000000
75384  -10.424  -10.116  57.007 0.0000000000
77919  -9.433  -8.275  59.396 0.0000000000
89050  -37.195  -0.223  48.708 0.0000000000
87733  -37.612  -0.669  47.630 0.0000000000
86369  -36.947  -1.284  47.325 0.0000000000
87741  -38.059  -0.917  46.991 0.0000000000
86386  -38.199  -1.326  46.444 0.0000000000
86402  -38.506  -1.803  45.790 0.0000000000
85089  -38.517  -2.191  45.229 0.0000000000
83787  -35.475  -3.371  44.418 0.0000000000
83788  -36.207  -3.396  44.257 0.0000000000
83789  -37.019  -3.425  44.248 0.0000000000
83790  -37.805  -3.234  44.104 0.0000000000
83821  -38.633  -3.903  42.541 0.0000000000
82433  -38.469  -4.353  41.617 0.0000000000
82446  -37.856  -4.792  40.918 0.0000000000
82456  -38.549  -4.168  39.569 0.0000000000
82468  -37.975  -4.457  38.638 0.0000000000
78029  -17.963  -7.920  53.640 0.0000000000
78044  -18.523  -8.262  52.834 0.0000000000
76796  -18.392  -8.604  51.488 0.0000000000
78045  -19.414  -8.108  52.792 0.0000000000
78046  -20.302  -7.998  52.748 0.0000000000
75499  -18.591  -9.661  49.162 0.0000000000
76825  -19.772  -9.176  49.937 0.0000000000
72763  -27.644  -11.415  40.584 0.0000000000
72738  -27.805  -11.580  41.651 0.0000000000
72714  -28.067  -11.664  42.670 0.0000000000
74263  -29.140  -11.274  44.141 0.0000000000
74252  -29.512  -10.783  44.836 0.0000000000
76911  -29.712  -9.426  41.810 0.0000000000
75621  -29.910  -9.449  42.674 0.0000000000
78155  -30.520  -8.409  43.294 0.0000000000
76893  -30.330  -8.869  43.306 0.0000000000
76868  -30.298  -9.520  45.172 0.0000000000
76857  -30.373  -9.331  46.033 0.0000000000
75558  -30.295  -9.587  46.668 0.0000000000
76839  -31.096  -8.756  48.599 0.0000000000
78085  -31.295  -8.286  48.436 0.0000000000
78093  -31.418  -7.409  47.697 0.0000000000
78086  -31.423  -7.929  48.743 0.0000000000
78078  -31.582  -7.734  49.864 0.0000000000
79339  -32.219  -6.741  50.869 0.0000000000
80774  -32.472  -6.023  51.884 0.0000000000
80793  -32.385  -5.897  51.121 0.0000000000
82199  -32.576  -5.222  51.074 0.0000000000
82224  -32.710  -4.787  50.743 0.0000000000
83709  -32.607  -4.799  49.800 0.0000000000
83692  -33.006  -4.134  50.594 0.0000000000
86341  -33.594  -2.438  50.282 0.0000000000
80913  -32.192  -5.371  46.296 0.0000000000
86342  -33.954  -1.820  49.785 0.0000000000
86353  -34.426  -1.670  48.811 0.0000000000
87704  -34.879  -1.029  49.618 0.0000000000
74177  -14.344  -11.408  48.334 0.0000000000
75481  -15.230  -10.261  50.675 0.0000000000
75482  -15.999  -9.669  50.684 0.0000000000
76782  -16.933  -8.702  52.446 0.0000000000
94623  -46.590  3.273  43.764 0.0000000000
91824  -46.862  1.769  41.991 0.0000000000
91825  -47.569  1.933  41.943 0.0000000000
93246  -47.880  2.561  42.708 0.0000000000
94654  -48.609  2.235  42.652 0.0000000000
87861  -46.479  -0.914  38.969 0.0000000000
87852  -47.195  -0.445  39.252 0.0000000000
89174  -47.765  0.449  39.594 0.0000000000
87854  -48.746  -0.406  39.950 0.0000000000
89175  -48.555  0.312  39.761 0.0000000000
90496  -48.930  0.795  40.110 0.0000000000
91841  -49.357  1.200  41.273 0.0000000000
91829  -49.897  0.885  42.275 0.0000000000
87819  -51.309  -1.096  42.119 0.0000000000
89328  -49.935  0.516  29.344 0.0000000000
89329  -50.525  0.378  29.875 0.0000000000
90637  -51.440  0.864  30.150 0.0000000000
90625  -52.586  0.871  32.051 0.0000000000
91991  -52.296  2.090  29.808 0.0000000000
90626  -53.305  1.554  31.536 0.0000000000
90610  -53.231  1.279  32.660 0.0000000000
90591  -53.520  1.714  33.232 0.0000000000
91926  -53.799  2.493  34.509 0.0000000000
93350  -54.100  3.094  35.309 0.0000000000
94825  -53.436  3.997  29.329 0.0000000000
93410  -53.467  3.679  29.862 0.0000000000
93399  -54.294  3.539  31.045 0.0000000000
96174  -55.724  5.239  32.007 0.0000000000
94798  -55.346  4.439  32.569 0.0000000000
93389  -54.912  3.704  32.306 0.0000000000
93360  -54.751  3.797  34.221 0.0000000000
68216  -5.237  -15.051  59.463 0.0000000000
83998  -42.711  -4.131  32.520 0.0000000000
83984  -43.148  -4.333  33.114 0.0000000000
83999  -43.502  -3.816  32.605 0.0000000000
84014  -43.244  -3.370  31.852 0.0000000000
85317  -44.122  -3.015  31.795 0.0000000000
86602  -45.805  -1.835  30.701 0.0000000000
86635  -44.823  -1.319  29.279 0.0000000000
86620  -45.383  -1.506  29.966 0.0000000000
86622  -47.124  -1.305  30.415 0.0000000000
87961  -47.148  -0.876  29.852 0.0000000000
87978  -47.792  -0.358  29.258 0.0000000000
89326  -48.294  0.239  28.872 0.0000000000
89346  -48.750  0.844  28.426 0.0000000000
90670  -49.909  1.604  28.503 0.0000000000
92028  -50.261  2.423  28.016 0.0000000000
92058  -49.481  2.410  26.542 0.0000000000
92043  -50.655  2.667  27.546 0.0000000000
93438  -51.193  2.899  27.572 0.0000000000
93459  -52.169  3.434  26.917 0.0000000000
92083  -51.530  2.572  25.491 0.0000000000
93460  -53.171  3.427  26.932 0.0000000000
93461  -54.267  3.432  26.795 0.0000000000
93462  -55.392  3.380  26.630 0.0000000000
92119  -57.721  2.310  24.305 0.0000000000
92168  -57.462  1.982  21.420 0.0000000000
72491  -9.944  -11.737  56.384 0.0000000000
72490  -9.437  -12.086  56.826 0.0000000000
71038  -8.737  -12.615  57.510 0.0000000000
71037  -8.300  -12.998  57.999 0.0000000000
75310  -7.881  -10.632  60.282 0.0000000000
75321  -7.594  -10.527  60.011 0.0000000000
69627  -7.660  -13.799  58.114 0.0000000000
69616  -7.218  -13.626  58.760 0.0000000000
71017  -6.811  -13.039  60.063 0.0000000000
69609  -6.651  -13.551  59.675 0.0000000000
68206  -4.928  -14.940  60.381 0.0000000000
68193  -4.728  -14.911  61.074 0.0000000000
69582  -5.741  -14.260  61.668 0.0000000000
95916  -44.973  3.215  46.669 0.0000000000
95945  -45.058  3.330  45.468 0.0000000000
90359  -38.491  1.221  49.341 0.0000000000
90387  -39.021  0.608  48.367 0.0000000000
86404  -39.992  -1.355  45.458 0.0000000000
87756  -40.598  -0.774  45.640 0.0000000000
89073  -40.640  0.065  46.358 0.0000000000
87757  -41.322  -0.567  45.382 0.0000000000
90399  -41.336  0.938  46.738 0.0000000000
91754  -41.858  1.832  46.969 0.0000000000
93193  -42.935  2.330  46.463 0.0000000000
93194  -43.584  2.619  45.998 0.0000000000
91784  -43.144  1.624  45.127 0.0000000000
91774  -43.546  2.358  45.533 0.0000000000
93195  -44.140  2.882  45.584 0.0000000000
93211  -44.406  2.811  45.002 0.0000000000
93212  -44.981  2.973  44.664 0.0000000000
93229  -45.329  2.762  44.117 0.0000000000
90450  -45.517  1.628  42.964 0.0000000000
90460  -45.716  1.297  42.268 0.0000000000
89137  -44.651  0.438  42.505 0.0000000000
89138  -45.241  0.603  42.175 0.0000000000
89151  -45.512  0.454  41.464 0.0000000000
87835  -45.228  -0.135  40.590 0.0000000000
86484  -44.497  -1.033  39.354 0.0000000000
86483  -43.756  -1.029  39.620 0.0000000000
85231  -42.539  -3.775  37.336 0.0000000000
85230  -42.053  -3.384  37.061 0.0000000000
83911  -42.960  -4.125  37.412 0.0000000000
82537  -42.731  -4.807  35.410 0.0000000000
83927  -37.359  -3.906  36.644 0.0000000000
85274  -38.476  -3.356  35.075 0.0000000000
83968  -38.764  -3.978  34.554 0.0000000000
83995  -37.819  -4.408  32.879 0.0000000000
83982  -38.437  -4.350  33.546 0.0000000000
83969  -39.558  -4.130  34.755 0.0000000000
82552  -40.027  -4.581  34.113 0.0000000000
82602  -39.368  -4.621  31.542 0.0000000000
82570  -40.655  -4.739  33.322 0.0000000000
82571  -41.497  -4.803  33.430 0.0000000000
82588  -41.339  -4.568  32.472 0.0000000000
83997  -42.042  -4.190  32.212 0.0000000000
79315  -19.541  -7.120  55.034 0.0000000000
78017  -22.379  -7.706  54.629 0.0000000000
77998  -22.503  -7.366  55.713 0.0000000000
75519  -22.452  -9.531  48.425 0.0000000000
75502  -23.338  -9.680  49.479 0.0000000000
75485  -23.600  -9.650  50.252 0.0000000000
74164  -24.392  -10.201  49.625 0.0000000000
75486  -24.275  -9.960  50.364 0.0000000000
75472  -24.594  -9.883  51.184 0.0000000000
75459  -24.951  -9.720  51.882 0.0000000000
75444  -25.904  -9.722  52.863 0.0000000000
72685  -26.486  -12.113  44.345 0.0000000000
72670  -26.602  -12.008  45.376 0.0000000000
72658  -26.678  -11.950  46.359 0.0000000000
72650  -26.719  -11.865  47.290 0.0000000000
72636  -26.664  -11.656  48.272 0.0000000000
74185  -30.088  -11.111  48.357 0.0000000000
72639  -29.431  -11.698  48.567 0.0000000000
72603  -29.697  -11.832  50.500 0.0000000000
72622  -29.519  -11.836  49.605 0.0000000000
72638  -28.405  -11.960  48.484 0.0000000000
72619  -26.877  -11.550  49.260 0.0000000000
74152  -26.405  -10.998  50.250 0.0000000000
74136  -26.567  -10.703  51.356 0.0000000000
74121  -27.821  -11.157  52.523 0.0000000000
74120  -27.022  -10.706  52.072 0.0000000000
75461  -26.378  -10.216  52.278 0.0000000000
76741  -28.502  -9.469  55.900 0.0000000000
75411  -28.832  -9.909  55.555 0.0000000000
71122  -10.581  -12.683  51.355 0.0000000000
72503  -10.807  -11.539  55.112 0.0000000000
79259  -14.631  -6.537  57.559 0.0000000000
82574  -43.900  -4.419  33.919 0.0000000000
82539  -44.584  -4.731  35.512 0.0000000000
82518  -45.606  -4.709  36.506 0.0000000000
82559  -45.952  -4.498  35.062 0.0000000000
82495  -46.760  -4.587  37.508 0.0000000000
82473  -47.969  -4.407  38.528 0.0000000000
82459  -48.210  -4.141  39.414 0.0000000000
83868  -49.512  -3.815  40.078 0.0000000000
85255  -48.192  -3.134  34.724 0.0000000000
83932  -48.490  -3.871  35.945 0.0000000000
83934  -50.641  -3.674  36.364 0.0000000000
82522  -49.596  -4.186  36.823 0.0000000000
82475  -49.625  -4.244  38.670 0.0000000000
83890  -49.967  -4.116  39.275 0.0000000000
83869  -50.421  -3.743  39.918 0.0000000000
83852  -50.873  -3.299  40.597 0.0000000000
85166  -52.019  -3.112  41.320 0.0000000000
85167  -52.593  -3.150  41.290 0.0000000000
83836  -53.364  -3.385  40.745 0.0000000000
89272  -50.780  -0.060  32.824 0.0000000000
89252  -50.774  0.046  34.319 0.0000000000
90571  -52.037  0.948  34.840 0.0000000000
89240  -51.330  0.542  34.987 0.0000000000
89239  -50.822  0.024  35.213 0.0000000000
89215  -51.629  -0.029  36.112 0.0000000000
87872  -52.789  -0.083  36.572 0.0000000000
87887  -53.829  -1.084  36.336 0.0000000000
87875  -55.111  -0.899  37.236 0.0000000000
86519  -54.773  -1.519  36.951 0.0000000000
85201  -55.309  -2.498  37.780 0.0000000000
93447  -59.867  3.925  26.973 0.0000000000
93466  -60.057  3.793  26.375 0.0000000000
94878  -60.911  4.241  25.912 0.0000000000
93482  -60.845  3.848  25.450 0.0000000000
94879  -61.462  4.593  25.554 0.0000000000
96269  -62.194  4.982  25.180 0.0000000000
94892  -62.696  5.226  24.100 0.0000000000
92170  -59.164  2.576  21.541 0.0000000000
92158  -60.035  2.715  22.421 0.0000000000
93520  -60.696  3.006  22.367 0.0000000000
93521  -61.390  3.485  22.478 0.0000000000
94901  -62.196  4.314  23.522 0.0000000000
94902  -62.708  5.119  23.492 0.0000000000
96276  -63.151  5.701  23.684 0.0000000000
97748  -63.461  6.216  23.239 0.0000000000
96293  -63.667  6.501  22.184 0.0000000000
96308  -63.213  5.879  21.521 0.0000000000
97759  -63.826  6.748  21.636 0.0000000000
96383  -65.315  5.683  15.651 0.0000000000
71000  -6.597  -13.442  61.997 0.0000000000
71053  -8.535  -13.263  57.127 0.0000000000
71168  -28.022  -12.141  48.127 0.0000000000
71177  -27.878  -12.131  47.683 0.0000000000
71178  -28.023  -12.158  47.858 0.0000000000
72445  -7.235  -11.949  60.522 0.0000000000
72451  -7.650  -11.459  59.543 0.0000000000
72463  -8.718  -11.535  58.468 0.0000000000
72604  -30.431  -11.427  50.541 0.0000000000
72668  -24.957  -11.732  44.856 0.0000000000
72673  -28.945  -11.838  46.181 0.0000000000
72764  -28.231  -11.320  41.061 0.0000000000
74102  -29.287  -11.131  54.052 0.0000000000
74104  -32.388  -10.086  53.812 0.0000000000
74112  -13.402  -11.104  52.472 0.0000000000
74154  -30.963  -10.645  50.505 0.0000000000
74184  -26.058  -11.214  48.308 0.0000000000
74304  -28.480  -10.797  40.455 0.0000000000
75311  -8.166  -10.435  59.999 0.0000000000
75403  -11.911  -9.844  55.361 0.0000000000
75488  -31.222  -9.937  50.245 0.0000000000
75503  -23.869  -9.939  49.598 0.0000000000
75505  -31.240  -9.490  49.982 0.0000000000
75575  -29.854  -10.321  45.289 0.0000000000
76647  -8.747  -9.350  59.818 0.0000000000
76751  -14.223  -9.177  54.604 0.0000000000
76764  -13.213  -9.756  54.709 0.0000000000
76780  -15.591  -9.239  52.908 0.0000000000
76835  -18.853  -9.602  49.126 0.0000000000
76840  -31.230  -8.598  49.049 0.0000000000
76879  -30.577  -8.742  44.591 0.0000000000
76945  -29.180  -8.560  40.031 0.0000000000
78214  -29.405  -7.857  40.069 0.0000000000
78232  -29.535  -7.661  39.999 0.0000000000
79297  -16.190  -6.942  55.774 0.0000000000
81073  -37.478  -5.096  39.701 0.0000000000
82398  -35.410  -4.299  43.315 0.0000000000
82417  -36.644  -4.675  42.714 0.0000000000
82448  -39.274  -3.983  40.838 0.0000000000
82460  -49.129  -4.136  39.386 0.0000000000
82471  -45.988  -4.414  38.391 0.0000000000
82498  -49.853  -4.248  37.704 0.0000000000
82514  -42.072  -4.578  36.156 0.0000000000
82523  -50.148  -4.174  36.967 0.0000000000
82538  -43.660  -4.784  35.434 0.0000000000
82540  -45.452  -4.663  35.638 0.0000000000
82541  -46.456  -4.467  35.492 0.0000000000
82553  -40.834  -4.704  34.249 0.0000000000
82573  -43.236  -4.647  33.792 0.0000000000
82589  -42.040  -4.642  32.756 0.0000000000
83691  -32.711  -4.614  50.168 0.0000000000
83832  -39.086  -4.051  41.856 0.0000000000
83835  -53.129  -3.268  40.888 0.0000000000
83845  -38.930  -3.918  39.929 0.0000000000
83848  -47.875  -3.133  40.413 0.0000000000
83893  -52.825  -3.612  38.537 0.0000000000
83909  -38.590  -3.318  37.862 0.0000000000
83910  -42.838  -4.277  37.113 0.0000000000
83913  -50.258  -4.162  38.438 0.0000000000
83916  -53.271  -3.395  37.652 0.0000000000
83918  -54.583  -2.894  37.661 0.0000000000
83930  -42.600  -4.069  37.318 0.0000000000
83933  -49.436  -3.566  35.915 0.0000000000
83936  -52.994  -3.340  36.878 0.0000000000
83953  -47.506  -3.909  35.170 0.0000000000
83954  -48.411  -3.591  35.356 0.0000000000
83956  -51.171  -3.303  35.885 0.0000000000
83972  -45.426  -4.111  34.110 0.0000000000
83986  -44.536  -4.026  33.486 0.0000000000
83988  -45.821  -3.657  33.875 0.0000000000
84015  -43.793  -3.408  32.233 0.0000000000
84029  -42.270  -3.297  30.913 0.0000000000
85149  -52.967  -3.153  41.245 0.0000000000
85162  -48.605  -2.453  40.703 0.0000000000
85163  -49.470  -2.455  40.883 0.0000000000
85168  -54.255  -3.375  40.018 0.0000000000
85179  -45.991  -2.944  39.265 0.0000000000
85182  -48.093  -2.024  40.383 0.0000000000
85200  -54.823  -2.773  37.736 0.0000000000
85212  -41.411  -2.783  37.094 0.0000000000
85216  -54.204  -2.776  37.134 0.0000000000
85218  -55.201  -1.864  37.320 0.0000000000
85225  -37.863  -3.127  36.944 0.0000000000
85228  -40.609  -2.770  36.334 0.0000000000
85234  -52.193  -2.969  35.896 0.0000000000
85237  -54.398  -2.081  36.719 0.0000000000
85254  -47.668  -3.409  34.711 0.0000000000
85257  -51.048  -3.031  35.558 0.0000000000
85277  -46.607  -3.364  34.076 0.0000000000
85306  -44.514  -3.184  32.369 0.0000000000
85316  -43.514  -3.096  31.514 0.0000000000
86384  -36.582  -1.782  46.702 0.0000000000
86400  -37.022  -1.932  46.266 0.0000000000
86418  -41.280  -1.494  44.560 0.0000000000
86428  -42.327  -1.195  43.334 0.0000000000
86503  -46.626  -1.401  38.931 0.0000000000
86527  -40.388  -2.632  36.519 0.0000000000
86530  -51.163  -2.016  35.592 0.0000000000
86534  -54.399  -1.685  36.660 0.0000000000
86542  -39.905  -2.711  36.029 0.0000000000
86546  -51.344  -2.647  35.630 0.0000000000
86558  -49.136  -1.464  34.262 0.0000000000
86589  -48.313  -1.367  32.259 0.0000000000
86619  -44.617  -1.755  29.884 0.0000000000
87734  -38.422  -0.479  47.407 0.0000000000
87744  -40.103  -0.443  46.129 0.0000000000
87851  -46.359  -0.330  39.565 0.0000000000
87855  -49.333  -0.558  40.487 0.0000000000
87871  -52.412  0.014  36.556 0.0000000000
87874  -54.402  -0.407  37.008 0.0000000000
87884  -51.013  -0.815  35.623 0.0000000000
87888  -54.330  -1.291  36.622 0.0000000000
87907  -49.781  -1.005  34.474 0.0000000000
87929  -49.915  -0.656  32.537 0.0000000000
87942  -48.190  -1.004  30.978 0.0000000000
89106  -42.290  -0.026  44.870 0.0000000000
89150  -45.031  0.104  41.918 0.0000000000
89162  -45.863  0.250  40.769 0.0000000000
89165  -49.395  0.417  40.526 0.0000000000
89176  -49.251  0.256  40.242 0.0000000000
89183  -53.619  0.768  37.354 0.0000000000
89198  -52.798  0.460  36.686 0.0000000000
89200  -53.860  0.195  37.054 0.0000000000
89214  -51.326  -0.371  35.751 0.0000000000
89229  -51.148  -0.251  35.605 0.0000000000
89307  -49.342  0.010  29.925 0.0000000000
89310  -51.599  0.396  31.068 0.0000000000
90459  -45.163  0.886  42.553 0.0000000000
90472  -49.678  0.829  41.634 0.0000000000
90473  -49.896  0.642  41.804 0.0000000000
90483  -49.299  0.851  40.605 0.0000000000
90485  -50.310  0.176  41.706 0.0000000000
90510  -53.487  1.039  37.365 0.0000000000
90527  -52.159  0.460  36.457 0.0000000000
90528  -52.853  0.883  36.752 0.0000000000
90529  -53.190  0.835  36.896 0.0000000000
90627  -53.725  2.031  31.900 0.0000000000
90639  -53.038  1.742  30.794 0.0000000000
90653  -51.834  1.713  29.696 0.0000000000
90689  -47.992  1.481  27.040 0.0000000000
91717  -38.933  1.213  49.260 0.0000000000
91798  -45.477  2.096  43.424 0.0000000000
91828  -49.495  1.153  41.774 0.0000000000
91840  -49.010  1.537  41.029 0.0000000000
91842  -49.509  1.029  41.450 0.0000000000
91859  -53.392  1.276  37.152 0.0000000000
91941  -53.499  1.993  33.889 0.0000000000
91976  -53.777  2.490  31.309 0.0000000000
91993  -53.754  2.978  30.723 0.0000000000
92030  -51.273  2.699  28.696 0.0000000000
92065  -56.579  2.872  25.896 0.0000000000
92090  -58.579  2.730  24.885 0.0000000000
92120  -58.810  2.556  24.312 0.0000000000
92171  -59.797  2.677  21.818 0.0000000000
93183  -43.234  2.506  46.654 0.0000000000
93230  -46.079  2.682  43.481 0.0000000000
93259  -48.374  2.115  42.327 0.0000000000
93351  -54.497  3.691  35.207 0.0000000000
93373  -55.039  4.000  33.294 0.0000000000
93400  -54.716  3.603  31.648 0.0000000000
93430  -51.663  3.197  28.355 0.0000000000
93446  -59.306  3.806  27.052 0.0000000000
93457  -51.048  2.788  27.184 0.0000000000
93467  -60.636  4.071  26.088 0.0000000000
94571  -44.321  3.163  46.068 0.0000000000
94641  -48.248  2.631  42.997 0.0000000000
94642  -48.831  2.296  42.907 0.0000000000
94767  -55.123  4.510  34.150 0.0000000000
94807  -55.067  4.214  31.431 0.0000000000
94815  -54.384  4.240  30.203 0.0000000000
94816  -54.890  4.408  30.737 0.0000000000
94827  -54.657  4.743  29.368 0.0000000000
94835  -53.007  3.921  28.713 0.0000000000
94857  -60.557  4.897  27.395 0.0000000000
95915  -44.314  3.069  46.761 0.0000000000
96192  -56.042  5.624  30.628 0.0000000000
96204  -54.540  4.654  29.839 0.0000000000
96205  -54.918  4.941  29.744 0.0000000000
96222  -59.820  5.384  28.695 0.0000000000
96270  -62.700  5.558  24.685 0.0000000000
97561  -56.289  5.935  32.689 0.0000000000
97591  -56.172  5.810  31.973 0.0000000000
97618  -55.890  5.522  31.516 0.0000000000
97644  -56.541  5.914  30.696 0.0000000000
97645  -57.034  5.938  30.385 0.0000000000
98879  -57.502  6.561  33.857 0.0000000000
98893  -56.521  6.194  33.081 0.0000000000
98910  -57.199  6.507  32.422 0.0000000000
98932  -57.717  6.555  31.556 0.0000000000
98953  -56.782  6.363  31.376 0.0000000000
98954  -57.197  6.490  31.264 0.0000000000
98956  -58.311  6.603  30.847 0.0000000000
100155  -57.853  6.631  31.833 0.0000000000
