#!ascii label  , from subject S2_Demo vox2ras=TkReg
1015
78006  -5.834  -7.217  53.569 0.0000000000
90410  -29.175  2.133  44.926 0.0000000000
89227  -32.125  1.131  35.941 0.0000000000
80907  -24.430  -5.215  46.369 0.0000000000
94877  -42.327  4.406  24.843 0.0000000000
87975  -36.379  -0.676  28.806 0.0000000000
93122  -30.836  5.218  48.834 0.0000000000
89049  -25.819  0.532  48.485 0.0000000000
99022  -47.855  7.486  27.167 0.0000000000
100279  -52.225  8.705  24.610 0.0000000000
97745  -53.825  6.304  22.425 0.0000000000
91913  -35.741  2.926  34.902 0.0000000000
89279  -33.133  1.076  31.173 0.0000000000
90600  -37.879  1.955  32.208 0.0000000000
89324  -41.195  1.017  30.139 0.0000000000
82317  -16.991  -4.156  46.562 0.0000000000
76710  -4.089  -8.299  55.413 0.0000000000
86460  -32.235  -0.595  40.362 0.0000000000
91850  -35.318  2.861  39.646 0.0000000000
81004  -19.427  -5.527  42.306 0.0000000000
78177  -23.416  -7.063  42.242 0.0000000000
92199  -54.053  2.939  19.109 0.0000000000
100310  -54.615  8.119  20.184 0.0000000000
90708  -39.385  1.076  26.636 0.0000000000
94832  -45.557  4.684  28.995 0.0000000000
78066  -7.456  -7.455  50.407 0.0000000000
69642  -2.809  -13.838  54.674 0.0000000000
100242  -50.242  8.963  25.958 0.0000000000
91934  -36.669  2.780  33.640 0.0000000000
80959  -15.057  -5.661  44.782 0.0000000000
76712  -4.875  -7.454  55.176 0.0000000000
86457  -30.114  -1.332  40.153 0.0000000000
87786  -31.452  0.821  42.939 0.0000000000
82371  -21.608  -4.554  44.247 0.0000000000
79499  -21.718  -6.353  41.839 0.0000000000
80965  -23.788  -5.938  44.314 0.0000000000
93139  -26.938  3.005  47.165 0.0000000000
86414  -25.160  -1.467  44.803 0.0000000000
90426  -26.275  1.250  44.064 0.0000000000
82302  -23.159  -3.954  47.189 0.0000000000
82346  -20.196  -3.593  45.753 0.0000000000
94916  -49.216  4.440  21.013 0.0000000000
93541  -53.066  3.243  20.304 0.0000000000
97756  -54.664  6.536  21.279 0.0000000000
89317  -34.687  -0.078  29.296 0.0000000000
87992  -37.655  -0.403  28.085 0.0000000000
92006  -43.039  2.582  29.478 0.0000000000
82269  -12.182  -4.623  47.786 0.0000000000
82207  -10.384  -4.440  49.568 0.0000000000
82160  -9.073  -4.360  51.750 0.0000000000
79368  -9.165  -6.667  48.469 0.0000000000
69654  -3.247  -13.578  54.497 0.0000000000
91730  -30.106  3.528  46.929 0.0000000000
90397  -31.945  3.017  45.230 0.0000000000
91732  -33.090  4.032  45.898 0.0000000000
79391  -25.843  -4.906  47.325 0.0000000000
82323  -26.303  -4.568  46.171 0.0000000000
86338  -26.096  -0.767  49.440 0.0000000000
93097  -27.338  3.553  49.715 0.0000000000
97688  -44.875  6.567  25.907 0.0000000000
97716  -47.557  7.451  24.441 0.0000000000
99087  -48.993  7.658  22.949 0.0000000000
97742  -51.033  6.577  22.073 0.0000000000
96305  -52.719  5.616  21.289 0.0000000000
99077  -52.740  7.495  23.519 0.0000000000
90550  -34.235  2.418  35.809 0.0000000000
89247  -32.182  0.980  33.790 0.0000000000
90578  -34.339  2.294  33.644 0.0000000000
89263  -35.113  1.960  31.398 0.0000000000
89282  -36.934  1.156  30.592 0.0000000000
89321  -38.376  0.526  29.235 0.0000000000
89284  -39.117  0.887  31.445 0.0000000000
82297  -15.696  -4.352  47.473 0.0000000000
80884  -13.435  -5.059  46.786 0.0000000000
99122  -52.611  6.989  16.732 0.0000000000
75362  -3.132  -8.424  55.604 0.0000000000
85192  -31.374  -1.964  38.675 0.0000000000
89195  -32.555  0.481  38.469 0.0000000000
89135  -33.732  1.141  42.123 0.0000000000
89172  -34.449  1.643  40.127 0.0000000000
90525  -34.207  2.154  38.028 0.0000000000
91870  -35.379  3.141  37.511 0.0000000000
80968  -26.097  -4.792  44.465 0.0000000000
83736  -19.542  -3.374  47.375 0.0000000000
82388  -17.782  -4.412  44.438 0.0000000000
94929  -53.407  4.730  20.476 0.0000000000
96322  -53.531  5.381  19.588 0.0000000000
97782  -52.797  6.236  18.245 0.0000000000
101419  -54.710  9.273  18.504 0.0000000000
74111  -5.921  -10.085  51.518 0.0000000000
74088  -5.059  -10.410  52.783 0.0000000000
93454  -40.921  3.039  25.661 0.0000000000
90666  -40.277  1.547  28.456 0.0000000000
92041  -41.920  3.243  27.914 0.0000000000
94865  -43.548  5.254  27.138 0.0000000000
97662  -46.604  6.344  28.440 0.0000000000
78041  -6.571  -7.318  52.292 0.0000000000
72500  -3.864  -11.152  54.195 0.0000000000
72487  -3.288  -11.312  54.465 0.0000000000
72485  -2.503  -11.935  54.415 0.0000000000
76732  -4.956  -7.632  54.665 0.0000000000
89102  -28.909  1.427  43.702 0.0000000000
87784  -30.032  0.817  43.058 0.0000000000
89083  -30.432  1.611  44.322 0.0000000000
80935  -23.068  -4.860  45.128 0.0000000000
80964  -22.835  -5.117  44.477 0.0000000000
80936  -23.629  -5.148  45.466 0.0000000000
93175  -28.013  3.152  46.287 0.0000000000
91743  -26.817  2.435  45.783 0.0000000000
90409  -28.375  2.232  44.789 0.0000000000
89115  -27.585  1.356  43.069 0.0000000000
80886  -24.314  -4.755  47.416 0.0000000000
80861  -24.038  -4.237  48.186 0.0000000000
80906  -23.774  -4.714  46.729 0.0000000000
82321  -22.277  -3.951  46.294 0.0000000000
93540  -52.110  3.137  20.392 0.0000000000
87881  -31.461  -0.431  36.343 0.0000000000
87906  -31.424  -0.571  34.738 0.0000000000
89318  -35.316  0.090  29.250 0.0000000000
86632  -35.275  -1.516  28.776 0.0000000000
87991  -37.158  -0.906  28.249 0.0000000000
80855  -10.939  -5.283  47.575 0.0000000000
82237  -11.330  -4.402  48.809 0.0000000000
80854  -10.104  -5.629  48.038 0.0000000000
80827  -9.694  -5.070  49.138 0.0000000000
79369  -9.635  -6.597  47.804 0.0000000000
91692  -30.455  4.327  47.879 0.0000000000
90371  -31.424  3.918  46.662 0.0000000000
91694  -31.738  4.757  47.511 0.0000000000
83724  -26.504  -2.404  48.978 0.0000000000
83738  -26.516  -2.785  47.859 0.0000000000
87687  -26.658  -0.122  50.992 0.0000000000
93100  -29.893  5.072  50.142 0.0000000000
93080  -27.420  3.472  50.568 0.0000000000
93120  -29.020  4.393  49.011 0.0000000000
93142  -28.986  4.255  48.110 0.0000000000
99020  -46.723  7.352  26.698 0.0000000000
97706  -46.243  7.283  25.944 0.0000000000
99039  -48.202  7.806  25.872 0.0000000000
100257  -50.625  8.609  24.841 0.0000000000
99057  -49.241  8.155  24.441 0.0000000000
99058  -50.270  8.077  24.236 0.0000000000
99089  -50.579  7.119  22.451 0.0000000000
99076  -51.741  7.597  23.307 0.0000000000
97727  -52.381  7.009  22.718 0.0000000000
99060  -52.080  8.151  23.975 0.0000000000
91912  -34.976  2.714  35.257 0.0000000000
90563  -34.251  2.332  34.723 0.0000000000
91932  -34.970  2.597  34.475 0.0000000000
91955  -37.231  2.398  32.516 0.0000000000
90598  -35.493  2.332  32.287 0.0000000000
90599  -36.669  2.261  32.041 0.0000000000
89281  -35.676  1.501  30.702 0.0000000000
90620  -37.472  1.532  31.346 0.0000000000
89283  -38.178  1.185  31.254 0.0000000000
89264  -38.542  1.521  32.019 0.0000000000
82299  -17.284  -3.807  47.766 0.0000000000
82274  -16.647  -3.947  48.302 0.0000000000
82316  -16.161  -4.378  46.673 0.0000000000
80931  -14.475  -5.568  45.377 0.0000000000
100331  -53.942  8.958  16.639 0.0000000000
100337  -53.842  8.888  15.771 0.0000000000
75363  -3.556  -8.624  55.510 0.0000000000
86458  -30.884  -1.350  40.365 0.0000000000
85175  -31.013  -1.977  39.135 0.0000000000
86479  -31.923  -1.158  39.506 0.0000000000
86495  -31.717  -1.211  38.422 0.0000000000
87857  -32.439  -0.119  39.065 0.0000000000
90415  -33.689  3.022  44.505 0.0000000000
90432  -33.183  2.102  43.817 0.0000000000
90447  -34.527  2.484  43.472 0.0000000000
91838  -35.256  2.527  40.610 0.0000000000
90479  -34.801  1.974  40.641 0.0000000000
90494  -34.774  2.033  39.794 0.0000000000
90507  -34.216  1.734  38.994 0.0000000000
90508  -34.835  2.309  38.856 0.0000000000
91869  -34.678  2.558  37.444 0.0000000000
91858  -35.269  2.968  38.582 0.0000000000
79500  -22.879  -6.588  42.429 0.0000000000
83767  -26.204  -3.057  46.231 0.0000000000
80939  -26.188  -4.914  45.370 0.0000000000
85082  -25.858  -2.798  45.772 0.0000000000
83819  -25.119  -3.568  43.051 0.0000000000
83722  -20.928  -3.401  48.407 0.0000000000
82370  -20.427  -4.087  44.533 0.0000000000
82369  -19.347  -3.916  44.732 0.0000000000
80981  -18.511  -4.970  43.369 0.0000000000
81002  -17.873  -5.562  43.012 0.0000000000
96289  -53.155  5.998  21.599 0.0000000000
94920  -53.149  4.995  21.011 0.0000000000
96307  -53.946  5.714  21.362 0.0000000000
99103  -54.917  7.303  20.806 0.0000000000
97762  -54.148  6.338  20.300 0.0000000000
96321  -53.267  5.740  19.144 0.0000000000
99111  -53.917  7.276  19.831 0.0000000000
100314  -53.531  8.390  18.481 0.0000000000
100316  -54.898  8.625  19.960 0.0000000000
89260  -32.155  0.782  32.673 0.0000000000
87923  -31.473  -0.451  32.365 0.0000000000
90727  -40.126  1.380  24.995 0.0000000000
90709  -39.873  1.608  26.075 0.0000000000
89322  -39.325  0.661  29.500 0.0000000000
89343  -39.794  0.988  28.983 0.0000000000
90647  -40.529  1.335  29.126 0.0000000000
92026  -43.564  3.203  29.152 0.0000000000
92025  -42.442  2.980  28.646 0.0000000000
93426  -43.341  3.752  28.624 0.0000000000
93435  -42.308  3.914  27.360 0.0000000000
94848  -43.927  4.944  27.880 0.0000000000
96227  -44.714  5.695  27.665 0.0000000000
96215  -46.251  5.649  28.668 0.0000000000
80779  -8.225  -5.744  50.578 0.0000000000
80765  -7.993  -5.269  51.595 0.0000000000
79322  -7.234  -5.985  53.117 0.0000000000
78055  -7.182  -7.240  51.089 0.0000000000
76791  -6.738  -8.398  51.222 0.0000000000
76806  -7.586  -8.308  49.841 0.0000000000
71089  -4.553  -12.331  52.988 0.0000000000
72514  -4.409  -10.952  53.407 0.0000000000
71075  -4.006  -12.629  53.989 0.0000000000
69643  -2.950  -13.795  54.647 0.0000000000
71052  -3.193  -12.630  54.522 0.0000000000
71051  -3.017  -12.924  54.676 0.0000000000
72486  -2.842  -11.635  54.491 0.0000000000
71050  -2.338  -13.067  54.449 0.0000000000
90321  -27.287  1.452  52.252 0.0000000000
100222  -49.586  8.669  28.227 0.0000000000
99023  -48.796  8.218  26.536 0.0000000000
100233  -50.633  9.375  27.311 0.0000000000
91914  -36.633  3.058  34.566 0.0000000000
80961  -16.317  -5.218  44.495 0.0000000000
80933  -16.048  -4.900  45.296 0.0000000000
77951  -4.987  -6.706  55.640 0.0000000000
76711  -4.344  -8.046  55.251 0.0000000000
87828  -29.691  -0.770  40.595 0.0000000000
87810  -30.755  -0.362  41.656 0.0000000000
87811  -31.571  -0.205  41.642 0.0000000000
93279  -36.073  3.783  39.680 0.0000000000
82391  -20.480  -4.553  43.397 0.0000000000
81005  -20.490  -5.451  42.270 0.0000000000
81006  -21.646  -5.485  42.534 0.0000000000
80985  -22.837  -5.777  43.329 0.0000000000
79478  -23.813  -6.347  43.573 0.0000000000
90370  -26.018  1.508  48.240 0.0000000000
86379  -25.409  -0.753  46.420 0.0000000000
89068  -25.482  0.647  46.358 0.0000000000
89099  -25.410  0.355  44.539 0.0000000000
89156  -25.871  0.254  41.614 0.0000000000
82277  -22.571  -3.743  48.122 0.0000000000
82300  -21.293  -3.505  47.568 0.0000000000
82301  -22.079  -3.651  47.320 0.0000000000
82347  -21.366  -3.994  45.429 0.0000000000
96301  -48.426  5.621  21.482 0.0000000000
93550  -53.489  2.825  19.830 0.0000000000
99080  -55.271  7.442  23.235 0.0000000000
97746  -54.514  6.432  22.177 0.0000000000
89297  -33.611  0.699  30.414 0.0000000000
88004  -37.968  -0.772  27.516 0.0000000000
89358  -38.931  0.737  27.186 0.0000000000
89325  -41.716  1.014  30.370 0.0000000000
90649  -42.278  1.733  29.717 0.0000000000
90650  -43.151  2.241  29.916 0.0000000000
82239  -13.472  -4.060  49.218 0.0000000000
82209  -12.426  -3.678  50.103 0.0000000000
82162  -11.349  -3.482  52.254 0.0000000000
82182  -10.004  -4.080  50.768 0.0000000000
80799  -8.848  -5.595  49.846 0.0000000000
79354  -8.221  -6.953  49.510 0.0000000000
76821  -7.835  -8.307  49.264 0.0000000000
76833  -8.248  -8.491  48.737 0.0000000000
91747  -30.095  3.102  46.258 0.0000000000
89070  -31.169  2.494  45.008 0.0000000000
90384  -31.340  3.493  46.017 0.0000000000
90398  -32.658  3.532  45.578 0.0000000000
80887  -25.017  -5.063  47.156 0.0000000000
80908  -25.190  -5.350  46.192 0.0000000000
80909  -25.966  -5.099  46.384 0.0000000000
85061  -26.351  -2.514  47.345 0.0000000000
87715  -25.804  -0.335  48.655 0.0000000000
90320  -26.841  1.903  51.558 0.0000000000
91679  -26.746  2.496  50.443 0.0000000000
90353  -26.061  1.189  49.068 0.0000000000
93118  -27.377  3.536  48.747 0.0000000000
93161  -29.133  3.811  47.285 0.0000000000
79374  -25.660  -4.651  48.180 0.0000000000
96256  -43.842  5.876  25.324 0.0000000000
96267  -43.381  5.192  23.999 0.0000000000
97704  -44.617  6.424  25.037 0.0000000000
97714  -45.546  6.915  24.123 0.0000000000
97723  -46.592  6.933  23.328 0.0000000000
99040  -48.929  8.268  25.414 0.0000000000
99073  -48.661  7.669  23.828 0.0000000000
97739  -47.518  6.641  22.570 0.0000000000
97752  -49.062  6.083  21.562 0.0000000000
96286  -50.138  5.956  21.507 0.0000000000
96303  -50.637  5.380  21.119 0.0000000000
94919  -52.407  4.828  20.856 0.0000000000
97743  -51.988  6.514  21.838 0.0000000000
97744  -53.026  6.400  22.151 0.0000000000
97728  -53.312  6.771  23.006 0.0000000000
99043  -53.732  8.409  24.586 0.0000000000
99079  -54.515  7.354  23.502 0.0000000000
89228  -32.736  1.517  35.244 0.0000000000
89237  -32.148  0.994  34.791 0.0000000000
89238  -32.871  1.504  34.397 0.0000000000
89248  -33.126  1.580  33.388 0.0000000000
89261  -33.104  1.388  32.279 0.0000000000
90579  -35.154  2.415  33.125 0.0000000000
90597  -34.553  2.255  32.718 0.0000000000
89262  -34.198  1.836  31.909 0.0000000000
89280  -34.354  1.404  30.847 0.0000000000
89299  -35.927  0.776  29.819 0.0000000000
89300  -36.705  0.486  29.851 0.0000000000
87957  -37.188  0.199  29.356 0.0000000000
89301  -37.549  0.408  29.994 0.0000000000
89302  -38.677  0.581  30.359 0.0000000000
89303  -39.237  0.810  30.083 0.0000000000
89285  -39.992  0.838  31.724 0.0000000000
87959  -40.631  0.178  30.873 0.0000000000
82272  -15.166  -4.427  48.128 0.0000000000
82315  -15.367  -4.687  46.606 0.0000000000
82296  -14.907  -4.588  47.487 0.0000000000
82271  -14.287  -4.381  48.308 0.0000000000
82294  -13.058  -4.768  47.306 0.0000000000
87882  -31.570  -0.590  36.972 0.0000000000
89212  -32.169  0.641  37.215 0.0000000000
89105  -31.609  1.535  43.818 0.0000000000
89119  -32.231  1.084  42.950 0.0000000000
87813  -33.317  0.439  40.954 0.0000000000
89149  -34.261  1.427  40.954 0.0000000000
87831  -33.557  0.914  40.182 0.0000000000
89181  -33.160  0.974  39.241 0.0000000000
89196  -32.922  1.246  38.202 0.0000000000
90548  -32.597  1.392  36.801 0.0000000000
90540  -34.019  2.304  36.924 0.0000000000
91876  -34.829  2.682  36.684 0.0000000000
91877  -35.533  3.096  36.491 0.0000000000
93306  -36.417  3.802  37.722 0.0000000000
93319  -36.822  3.657  36.920 0.0000000000
80937  -24.601  -5.779  45.102 0.0000000000
79454  -24.408  -6.229  44.317 0.0000000000
79479  -24.557  -6.464  43.493 0.0000000000
83783  -25.530  -3.314  44.462 0.0000000000
79480  -25.157  -6.180  43.150 0.0000000000
83703  -18.203  -3.375  48.485 0.0000000000
83746  -18.243  -3.562  46.558 0.0000000000
83748  -20.156  -3.432  46.576 0.0000000000
83763  -18.863  -3.505  46.095 0.0000000000
82367  -17.710  -4.206  45.038 0.0000000000
80979  -16.707  -5.148  44.031 0.0000000000
94927  -52.321  3.899  20.583 0.0000000000
93542  -53.300  3.898  20.288 0.0000000000
93551  -53.557  3.458  19.663 0.0000000000
96314  -53.810  5.557  20.466 0.0000000000
94934  -53.528  4.469  19.583 0.0000000000
94945  -53.621  4.423  18.643 0.0000000000
94944  -53.509  4.837  18.225 0.0000000000
96344  -53.471  5.333  17.212 0.0000000000
99119  -52.759  7.316  17.689 0.0000000000
100322  -53.458  8.513  17.736 0.0000000000
75436  -5.868  -8.841  52.718 0.0000000000
76762  -5.182  -8.616  53.513 0.0000000000
74109  -5.308  -10.301  52.374 0.0000000000
87915  -31.378  -0.610  33.711 0.0000000000
93477  -41.865  3.895  25.397 0.0000000000
89320  -37.540  0.280  29.007 0.0000000000
89342  -39.251  0.923  28.362 0.0000000000
90686  -39.619  1.416  27.414 0.0000000000
90667  -41.503  2.274  28.560 0.0000000000
90688  -40.854  2.283  27.890 0.0000000000
90687  -40.387  2.264  27.170 0.0000000000
92056  -40.862  3.060  26.622 0.0000000000
93456  -41.872  3.939  26.334 0.0000000000
94863  -42.447  4.763  25.927 0.0000000000
96241  -44.171  5.901  26.540 0.0000000000
97674  -45.876  6.572  27.247 0.0000000000
97692  -47.421  7.216  27.775 0.0000000000
79294  -6.266  -5.871  54.312 0.0000000000
79311  -7.077  -5.503  53.744 0.0000000000
79309  -6.463  -7.006  53.185 0.0000000000
76790  -6.378  -8.279  51.864 0.0000000000
75468  -6.666  -9.458  50.948 0.0000000000
75419  -4.553  -9.015  54.165 0.0000000000
74050  -4.319  -9.683  54.720 0.0000000000
74049  -4.275  -9.466  55.087 0.0000000000
71064  -3.579  -12.674  54.344 0.0000000000
72488  -3.819  -10.689  54.413 0.0000000000
74017  -3.897  -9.274  55.387 0.0000000000
74032  -3.326  -10.288  54.752 0.0000000000
74031  -2.977  -10.489  54.686 0.0000000000
71049  -2.226  -13.934  54.948 0.0000000000
71062  -1.871  -13.239  54.366 0.0000000000
77989  -5.777  -6.429  54.546 0.0000000000
77988  -5.491  -7.086  54.356 0.0000000000
90429  -29.074  1.751  44.318 0.0000000000
89103  -29.905  1.262  43.860 0.0000000000
90411  -30.035  2.034  44.831 0.0000000000
91765  -29.285  2.568  45.516 0.0000000000
91764  -28.456  2.588  45.443 0.0000000000
90428  -28.215  1.821  44.001 0.0000000000
82322  -23.171  -4.425  46.032 0.0000000000
94926  -51.740  3.655  20.540 0.0000000000
89226  -31.567  0.252  36.190 0.0000000000
87897  -31.415  -0.521  35.654 0.0000000000
89236  -31.632  0.292  35.245 0.0000000000
87974  -35.644  -0.641  28.951 0.0000000000
86633  -35.812  -1.100  28.736 0.0000000000
87990  -36.538  -1.223  28.451 0.0000000000
80880  -10.717  -5.817  47.155 0.0000000000
82267  -10.687  -5.072  48.045 0.0000000000
91693  -31.049  4.522  47.826 0.0000000000
86327  -26.439  -1.325  50.171 0.0000000000
86340  -26.389  -1.642  49.537 0.0000000000
87688  -26.530  -0.608  50.687 0.0000000000
93101  -30.496  5.361  49.734 0.0000000000
93099  -28.990  4.527  50.080 0.0000000000
93121  -29.960  4.809  48.774 0.0000000000
85018  -26.471  -1.838  49.840 0.0000000000
99038  -47.432  7.547  26.168 0.0000000000
100278  -51.385  8.468  24.473 0.0000000000
100277  -50.855  8.243  24.382 0.0000000000
99059  -51.166  7.918  24.002 0.0000000000
99075  -50.642  7.615  23.225 0.0000000000
91892  -35.698  3.045  35.726 0.0000000000
90619  -36.789  1.771  31.372 0.0000000000
83733  -17.224  -3.871  47.165 0.0000000000
82298  -16.552  -4.077  47.468 0.0000000000
101428  -54.544  9.347  17.093 0.0000000000
101434  -54.506  9.369  16.203 0.0000000000
76689  -3.969  -7.793  55.554 0.0000000000
75364  -3.895  -8.741  55.449 0.0000000000
86459  -31.633  -1.137  40.379 0.0000000000
86478  -31.282  -1.606  39.758 0.0000000000
87845  -32.645  -0.168  39.923 0.0000000000
90433  -33.950  2.651  44.038 0.0000000000
91782  -34.742  3.154  44.056 0.0000000000
81003  -18.574  -5.558  42.670 0.0000000000
85059  -25.963  -2.219  46.547 0.0000000000
83766  -26.145  -3.544  45.597 0.0000000000
80982  -19.404  -4.939  43.003 0.0000000000
82390  -19.437  -4.404  43.821 0.0000000000
92200  -54.603  2.671  18.780 0.0000000000
96290  -53.645  5.986  21.829 0.0000000000
96291  -54.059  6.038  21.990 0.0000000000
100315  -54.258  8.614  19.280 0.0000000000
89278  -32.401  0.745  31.781 0.0000000000
87924  -31.888  0.299  31.914 0.0000000000
89375  -38.783  -0.198  26.282 0.0000000000
89376  -39.254  0.442  25.981 0.0000000000
89323  -40.290  0.962  29.580 0.0000000000
93427  -44.462  3.989  28.920 0.0000000000
93437  -43.731  4.236  28.416 0.0000000000
94831  -44.853  5.121  28.412 0.0000000000
79336  -7.503  -6.460  51.140 0.0000000000
71076  -4.281  -12.532  53.481 0.0000000000
91894  -37.592  3.348  35.189 0.0000000000
79452  -15.919  -5.832  44.144 0.0000000000
77952  -5.175  -6.398  55.624 0.0000000000
76691  -4.762  -7.195  55.463 0.0000000000
75382  -4.635  -7.733  55.063 0.0000000000
87808  -29.022  0.305  41.624 0.0000000000
87785  -30.768  0.671  42.916 0.0000000000
87797  -30.357  0.220  42.318 0.0000000000
87798  -31.154  0.160  42.354 0.0000000000
82392  -21.352  -4.754  43.089 0.0000000000
80984  -22.098  -5.092  43.652 0.0000000000
80986  -23.462  -6.073  43.628 0.0000000000
79477  -23.302  -6.164  43.229 0.0000000000
91710  -26.496  2.530  47.833 0.0000000000
90383  -26.079  1.729  47.290 0.0000000000
90407  -26.464  1.842  45.078 0.0000000000
90394  -25.718  1.213  45.621 0.0000000000
90406  -25.746  1.058  44.860 0.0000000000
89113  -25.388  0.227  43.681 0.0000000000
89100  -25.701  0.736  44.020 0.0000000000
90441  -26.522  1.156  43.265 0.0000000000
89144  -27.408  0.592  41.660 0.0000000000
80860  -23.813  -4.193  48.047 0.0000000000
82279  -23.802  -3.897  48.697 0.0000000000
82278  -23.470  -3.970  48.270 0.0000000000
82248  -22.717  -3.700  49.000 0.0000000000
82348  -22.506  -4.515  45.187 0.0000000000
87954  -33.126  -0.182  29.779 0.0000000000
87955  -34.138  -0.485  29.386 0.0000000000
89357  -38.519  -0.016  26.884 0.0000000000
89341  -38.165  0.173  28.096 0.0000000000
90635  -43.455  2.017  30.582 0.0000000000
93418  -45.645  4.029  29.732 0.0000000000
82238  -12.346  -4.110  48.984 0.0000000000
82208  -11.279  -3.920  49.867 0.0000000000
80826  -9.267  -5.900  48.823 0.0000000000
80800  -9.514  -4.719  50.182 0.0000000000
79343  -8.450  -6.155  49.784 0.0000000000
79355  -8.609  -6.561  49.273 0.0000000000
78077  -8.294  -7.242  49.176 0.0000000000
78083  -8.648  -7.547  48.524 0.0000000000
91748  -30.707  3.319  46.159 0.0000000000
91731  -30.843  3.699  46.738 0.0000000000
90386  -32.402  4.093  46.296 0.0000000000
90385  -31.951  3.727  46.089 0.0000000000
79390  -25.451  -5.056  47.261 0.0000000000
80888  -25.514  -5.118  46.866 0.0000000000
79408  -26.111  -4.825  46.965 0.0000000000
86348  -26.123  -1.320  48.923 0.0000000000
85049  -26.297  -2.444  47.786 0.0000000000
85037  -25.862  -1.593  48.080 0.0000000000
87700  -26.059  -0.454  49.358 0.0000000000
91637  -28.027  3.348  52.186 0.0000000000
91663  -27.454  2.634  51.975 0.0000000000
90339  -26.247  1.465  49.910 0.0000000000
91691  -26.825  2.830  49.403 0.0000000000
91690  -26.289  2.147  49.007 0.0000000000
93162  -29.702  4.006  47.555 0.0000000000
91729  -29.563  3.407  46.683 0.0000000000
79393  -26.336  -4.179  48.173 0.0000000000
79373  -25.371  -4.892  47.637 0.0000000000
97715  -46.702  7.362  24.673 0.0000000000
100241  -49.477  8.565  26.354 0.0000000000
99024  -49.432  8.481  25.865 0.0000000000
99074  -49.591  7.785  23.544 0.0000000000
97725  -48.529  7.390  23.131 0.0000000000
97740  -48.736  6.829  22.258 0.0000000000
97741  -50.086  6.616  21.997 0.0000000000
96287  -50.821  6.049  21.646 0.0000000000
96304  -51.696  5.703  21.218 0.0000000000
96288  -51.360  6.244  21.669 0.0000000000
99078  -53.688  7.371  23.633 0.0000000000
100281  -54.752  8.129  24.332 0.0000000000
90562  -33.488  1.914  35.068 0.0000000000
90577  -33.597  1.945  34.222 0.0000000000
89249  -33.821  1.933  32.777 0.0000000000
91933  -35.626  2.621  33.930 0.0000000000
91953  -35.892  2.539  33.143 0.0000000000
89267  -40.737  1.058  32.333 0.0000000000
89286  -40.997  0.661  32.011 0.0000000000
89306  -42.058  1.017  30.785 0.0000000000
82273  -15.940  -4.049  48.181 0.0000000000
82242  -16.050  -4.002  48.860 0.0000000000
82241  -15.478  -4.249  48.929 0.0000000000
80932  -15.337  -5.103  45.561 0.0000000000
82341  -15.860  -4.614  45.984 0.0000000000
80904  -14.046  -5.165  46.315 0.0000000000
82314  -14.656  -4.833  46.791 0.0000000000
82295  -13.975  -4.643  47.278 0.0000000000
85191  -30.838  -2.545  38.382 0.0000000000
85208  -31.444  -2.313  37.657 0.0000000000
87870  -31.964  -0.353  37.952 0.0000000000
89071  -31.461  2.720  45.095 0.0000000000
89085  -31.578  2.309  44.697 0.0000000000
90413  -32.330  2.234  44.323 0.0000000000
90446  -33.953  1.741  43.030 0.0000000000
90444  -32.690  1.343  43.105 0.0000000000
89121  -33.402  1.268  42.662 0.0000000000
89146  -32.930  0.592  41.906 0.0000000000
89161  -34.359  1.540  40.574 0.0000000000
89160  -33.949  1.187  40.543 0.0000000000
89171  -33.858  1.251  39.951 0.0000000000
89170  -33.414  0.979  39.766 0.0000000000
90524  -33.618  1.682  38.328 0.0000000000
90506  -33.544  1.436  38.867 0.0000000000
89213  -32.686  1.267  37.545 0.0000000000
90539  -33.200  1.703  37.419 0.0000000000
90549  -33.119  1.905  36.157 0.0000000000
93288  -36.413  4.040  38.808 0.0000000000
79498  -20.699  -6.272  41.740 0.0000000000
80938  -25.457  -5.538  45.251 0.0000000000
80967  -25.807  -5.355  44.613 0.0000000000
79455  -25.221  -6.053  44.303 0.0000000000
86398  -25.325  -1.212  45.847 0.0000000000
85081  -25.493  -2.200  45.356 0.0000000000
85104  -25.309  -2.708  44.486 0.0000000000
83720  -18.857  -3.315  48.038 0.0000000000
83719  -18.019  -3.454  47.885 0.0000000000
83735  -18.617  -3.412  47.299 0.0000000000
82320  -21.036  -3.514  46.601 0.0000000000
83749  -20.593  -3.432  46.856 0.0000000000
82319  -20.488  -3.492  46.309 0.0000000000
82368  -18.414  -3.990  44.895 0.0000000000
82345  -19.103  -3.628  45.519 0.0000000000
82344  -18.146  -3.786  45.683 0.0000000000
80962  -17.047  -4.649  44.597 0.0000000000
80980  -17.414  -5.050  43.677 0.0000000000
94921  -53.534  5.242  21.061 0.0000000000
94928  -53.024  4.221  20.666 0.0000000000
97757  -55.034  6.726  21.892 0.0000000000
93564  -54.063  3.448  18.707 0.0000000000
97769  -53.065  6.531  19.041 0.0000000000
96335  -53.390  5.140  18.807 0.0000000000
96334  -53.102  5.494  18.307 0.0000000000
94956  -53.518  4.981  17.826 0.0000000000
96333  -52.872  5.804  17.737 0.0000000000
96343  -52.886  5.849  17.324 0.0000000000
97768  -52.775  6.970  18.341 0.0000000000
100323  -54.022  8.917  18.225 0.0000000000
101423  -54.489  9.250  17.798 0.0000000000
75455  -6.033  -9.364  52.007 0.0000000000
75454  -5.436  -9.970  52.415 0.0000000000
74110  -5.473  -10.594  51.928 0.0000000000
89246  -31.644  0.264  34.259 0.0000000000
92077  -40.540  2.205  25.244 0.0000000000
93475  -40.841  2.753  25.418 0.0000000000
93476  -41.317  3.092  25.067 0.0000000000
90665  -39.669  1.348  28.087 0.0000000000
90648  -40.998  1.509  29.296 0.0000000000
90668  -42.090  2.296  28.969 0.0000000000
92024  -41.769  2.897  28.142 0.0000000000
92040  -41.278  3.015  27.361 0.0000000000
92039  -40.727  2.809  26.820 0.0000000000
94847  -43.038  4.813  27.397 0.0000000000
94846  -42.668  4.731  26.860 0.0000000000
94864  -43.093  5.273  26.655 0.0000000000
96229  -45.891  5.930  28.138 0.0000000000
96228  -45.461  6.119  27.666 0.0000000000
97675  -46.268  6.499  27.858 0.0000000000
97691  -46.955  7.206  27.494 0.0000000000
97676  -46.989  6.857  28.171 0.0000000000
79321  -6.868  -6.753  52.800 0.0000000000
79310  -6.493  -6.369  53.553 0.0000000000
78025  -6.621  -7.186  52.742 0.0000000000
78040  -6.299  -7.820  52.280 0.0000000000
78053  -6.413  -7.705  51.970 0.0000000000
76805  -7.211  -8.478  50.555 0.0000000000
74144  -6.791  -10.585  49.974 0.0000000000
75418  -4.885  -8.866  53.668 0.0000000000
74069  -4.572  -9.783  53.795 0.0000000000
72501  -4.168  -10.607  54.110 0.0000000000
74034  -4.063  -10.172  54.759 0.0000000000
68298  -3.434  -14.418  54.272 0.0000000000
69665  -3.687  -13.503  54.129 0.0000000000
72499  -3.549  -11.717  54.327 0.0000000000
74033  -3.938  -9.861  55.080 0.0000000000
74016  -3.644  -9.415  55.329 0.0000000000
75398  -2.854  -10.051  54.761 0.0000000000
69653  -1.848  -14.175  54.626 0.0000000000
87795  -29.087  0.568  42.057 0.0000000000
89117  -29.349  0.952  43.025 0.0000000000
87770  -30.168  1.025  43.455 0.0000000000
87772  -31.022  1.120  43.373 0.0000000000
82372  -22.305  -4.760  44.536 0.0000000000
80963  -22.216  -4.887  44.236 0.0000000000
93159  -27.558  3.211  46.765 0.0000000000
91727  -26.703  2.575  46.725 0.0000000000
91744  -27.570  2.890  46.079 0.0000000000
91762  -27.039  2.363  45.227 0.0000000000
90408  -27.463  2.243  44.717 0.0000000000
90427  -27.179  1.853  44.092 0.0000000000
90443  -27.726  1.675  43.652 0.0000000000
89101  -28.478  1.528  43.658 0.0000000000
80862  -24.835  -4.513  48.207 0.0000000000
80885  -23.792  -4.349  47.673 0.0000000000
96302  -49.602  5.479  21.219 0.0000000000
86524  -31.479  -1.318  36.194 0.0000000000
87973  -34.839  -0.694  29.036 0.0000000000
80856  -11.601  -5.142  47.462 0.0000000000
82268  -11.200  -4.789  48.008 0.0000000000
82236  -10.535  -4.808  48.583 0.0000000000
80853  -9.532  -6.181  48.293 0.0000000000
78084  -9.223  -7.233  47.904 0.0000000000
91712  -30.337  3.984  47.407 0.0000000000
90354  -31.421  4.240  47.157 0.0000000000
90372  -31.878  4.261  46.799 0.0000000000
91715  -32.595  4.578  46.871 0.0000000000
80889  -26.497  -3.842  48.021 0.0000000000
80911  -26.468  -3.974  47.368 0.0000000000
83723  -26.502  -2.707  48.510 0.0000000000
86349  -26.354  -1.700  49.012 0.0000000000
87701  -26.409  -0.377  50.151 0.0000000000
93081  -27.961  3.855  51.208 0.0000000000
93098  -28.079  4.169  49.961 0.0000000000
93119  -28.133  4.098  48.931 0.0000000000
93143  -29.777  4.309  48.118 0.0000000000
82280  -26.416  -3.707  48.615 0.0000000000
97690  -46.376  7.122  26.899 0.0000000000
99037  -46.792  7.413  26.362 0.0000000000
99054  -46.969  7.479  25.652 0.0000000000
99055  -47.646  7.563  25.146 0.0000000000
99041  -49.775  8.445  25.111 0.0000000000
99088  -49.762  7.368  22.665 0.0000000000
97726  -51.395  7.135  22.555 0.0000000000
91954  -36.604  2.545  32.772 0.0000000000
90618  -35.953  1.960  31.556 0.0000000000
89265  -39.095  1.335  32.036 0.0000000000
82243  -16.804  -3.882  48.914 0.0000000000
80903  -13.156  -5.570  46.202 0.0000000000
100330  -53.345  8.421  16.334 0.0000000000
99128  -52.863  7.686  16.075 0.0000000000
100336  -53.294  8.222  15.431 0.0000000000
100343  -53.784  8.756  14.845 0.0000000000
86443  -30.421  -0.830  40.880 0.0000000000
86477  -30.599  -1.732  39.622 0.0000000000
85176  -31.429  -1.728  39.292 0.0000000000
90414  -33.119  2.873  44.712 0.0000000000
91822  -35.131  2.484  41.466 0.0000000000
90493  -34.267  1.576  39.667 0.0000000000
90526  -34.924  2.548  38.084 0.0000000000
93289  -37.379  4.223  38.330 0.0000000000
82350  -26.346  -4.141  45.787 0.0000000000
82373  -26.176  -4.197  45.017 0.0000000000
86425  -24.877  -1.612  43.754 0.0000000000
83721  -19.792  -3.369  48.244 0.0000000000
82389  -18.467  -4.403  44.122 0.0000000000
79495  -17.874  -6.270  42.568 0.0000000000
96306  -53.424  5.557  21.371 0.0000000000
97770  -53.584  6.238  19.644 0.0000000000
99110  -53.229  7.667  18.860 0.0000000000
101410  -54.941  9.216  19.080 0.0000000000
74128  -6.227  -10.685  51.038 0.0000000000
74127  -5.887  -11.385  51.403 0.0000000000
89259  -31.645  0.257  33.345 0.0000000000
89377  -39.757  0.998  25.440 0.0000000000
92055  -40.586  2.710  26.126 0.0000000000
93425  -42.751  3.773  28.241 0.0000000000
93436  -43.115  4.312  28.094 0.0000000000
96213  -45.151  5.632  28.057 0.0000000000
96214  -45.549  5.514  28.334 0.0000000000
80766  -8.573  -4.796  51.593 0.0000000000
82159  -8.352  -4.720  52.053 0.0000000000
82143  -8.476  -4.435  52.421 0.0000000000
79329  -7.365  -6.005  52.257 0.0000000000
79328  -6.976  -6.799  51.900 0.0000000000
78054  -6.710  -7.523  51.540 0.0000000000
78065  -7.015  -7.799  50.921 0.0000000000
75479  -7.448  -9.383  49.810 0.0000000000
72531  -4.730  -11.524  52.685 0.0000000000
72530  -4.332  -11.806  53.270 0.0000000000
72513  -4.070  -11.670  53.812 0.0000000000
88996  -27.355  0.772  52.237 0.0000000000
94467  -30.175  5.314  50.703 0.0000000000
100232  -49.506  8.645  27.077 0.0000000000
100258  -51.387  9.058  25.144 0.0000000000
100259  -52.385  9.177  25.197 0.0000000000
91893  -36.627  3.396  35.531 0.0000000000
91915  -37.622  2.983  34.303 0.0000000000
91935  -37.705  2.557  33.249 0.0000000000
90601  -39.013  1.835  32.499 0.0000000000
80934  -16.609  -4.692  45.174 0.0000000000
82342  -16.484  -4.495  45.887 0.0000000000
80960  -15.669  -5.456  44.703 0.0000000000
76690  -4.462  -7.279  55.569 0.0000000000
76730  -4.074  -8.682  55.430 0.0000000000
87809  -29.791  -0.227  41.454 0.0000000000
86444  -31.200  -0.789  41.000 0.0000000000
86445  -31.923  -0.517  40.949 0.0000000000
93278  -35.636  3.334  39.597 0.0000000000
80983  -20.107  -4.986  42.686 0.0000000000
82411  -20.759  -4.818  42.718 0.0000000000
82412  -21.120  -4.997  42.563 0.0000000000
81007  -22.288  -6.036  42.528 0.0000000000
79501  -23.881  -6.770  42.771 0.0000000000
87729  -25.572  -0.230  47.556 0.0000000000
89059  -25.702  0.840  47.629 0.0000000000
89069  -25.727  1.076  46.949 0.0000000000
90395  -26.041  1.718  46.272 0.0000000000
89082  -25.390  0.457  45.446 0.0000000000
87769  -25.209  -0.441  45.153 0.0000000000
87782  -25.106  -0.563  44.178 0.0000000000
90456  -26.909  1.294  43.018 0.0000000000
82276  -21.787  -3.557  48.057 0.0000000000
96284  -47.392  6.046  21.871 0.0000000000
92187  -53.875  2.333  19.419 0.0000000000
97730  -54.818  6.985  22.861 0.0000000000
97731  -55.219  7.174  22.766 0.0000000000
97747  -55.158  6.940  22.347 0.0000000000
100311  -55.401  8.518  20.651 0.0000000000
87938  -32.904  0.439  30.510 0.0000000000
92007  -43.806  2.794  29.979 0.0000000000
92027  -44.214  3.267  29.392 0.0000000000
93417  -45.090  3.779  29.338 0.0000000000
93428  -45.210  4.030  29.191 0.0000000000
82181  -9.378  -4.499  51.095 0.0000000000
80781  -9.457  -4.552  50.783 0.0000000000
80780  -8.923  -4.969  50.966 0.0000000000
80798  -8.366  -5.983  50.045 0.0000000000
79342  -8.070  -6.576  50.025 0.0000000000
78076  -7.863  -7.480  49.550 0.0000000000
68260  -2.838  -15.225  55.085 0.0000000000
91766  -30.033  2.677  45.638 0.0000000000
91767  -30.553  2.967  45.704 0.0000000000
90396  -31.125  3.003  45.431 0.0000000000
91749  -33.420  3.445  45.185 0.0000000000
91695  -32.101  5.025  47.563 0.0000000000
80910  -26.287  -4.531  46.797 0.0000000000
85060  -26.320  -2.550  46.875 0.0000000000
85047  -25.987  -1.849  47.274 0.0000000000
86363  -25.727  -1.067  47.888 0.0000000000
88995  -26.945  0.639  51.595 0.0000000000
89015  -26.549  0.294  50.731 0.0000000000
91662  -27.231  2.908  51.236 0.0000000000
90340  -26.518  1.204  50.842 0.0000000000
89014  -26.371  0.641  50.290 0.0000000000
89031  -26.161  0.313  49.545 0.0000000000
91711  -26.793  2.938  48.574 0.0000000000
93140  -27.265  3.404  47.726 0.0000000000
93141  -28.129  4.000  47.951 0.0000000000
93160  -28.249  3.596  47.143 0.0000000000
93177  -28.962  3.508  46.720 0.0000000000
91746  -29.303  3.076  46.183 0.0000000000
80863  -25.343  -4.364  48.750 0.0000000000
96239  -42.806  5.336  25.330 0.0000000000
96254  -42.697  5.081  24.717 0.0000000000
96255  -43.263  5.536  24.901 0.0000000000
96268  -44.013  5.840  24.327 0.0000000000
97705  -45.529  6.942  25.379 0.0000000000
97713  -44.776  6.284  23.716 0.0000000000
99056  -48.449  7.847  24.836 0.0000000000
99072  -48.040  7.525  24.377 0.0000000000
97724  -47.784  7.259  23.565 0.0000000000
96285  -48.016  6.306  22.023 0.0000000000
97753  -49.531  6.225  21.652 0.0000000000
94917  -50.248  4.512  20.806 0.0000000000
94918  -51.364  4.404  20.723 0.0000000000
97754  -52.285  6.068  21.405 0.0000000000
97755  -52.662  6.165  21.616 0.0000000000
97729  -54.148  6.723  23.042 0.0000000000
100280  -52.817  8.739  24.777 0.0000000000
99061  -53.156  8.214  24.339 0.0000000000
89298  -34.565  0.622  29.797 0.0000000000
89319  -36.162  0.075  29.286 0.0000000000
87956  -36.817  0.129  29.349 0.0000000000
89266  -39.904  1.204  32.174 0.0000000000
89304  -40.586  0.421  30.836 0.0000000000
89305  -41.292  0.447  30.802 0.0000000000
90634  -42.720  1.485  30.930 0.0000000000
80905  -14.790  -5.036  46.139 0.0000000000
82270  -13.250  -4.348  48.123 0.0000000000
80883  -12.845  -5.290  46.837 0.0000000000
80882  -12.165  -5.509  46.967 0.0000000000
101440  -54.417  9.347  15.267 0.0000000000
86512  -31.556  -1.364  37.420 0.0000000000
86525  -31.530  -1.393  36.786 0.0000000000
89211  -31.619  -0.014  36.689 0.0000000000
89084  -30.919  1.941  44.574 0.0000000000
89104  -30.749  1.409  43.896 0.0000000000
90431  -32.527  1.630  43.545 0.0000000000
87799  -31.947  0.325  42.355 0.0000000000
87812  -32.525  0.180  41.452 0.0000000000
87829  -32.756  -0.028  40.614 0.0000000000
90457  -34.200  1.588  41.893 0.0000000000
90467  -34.579  1.905  41.394 0.0000000000
90466  -34.271  1.499  41.306 0.0000000000
89148  -33.894  1.073  41.213 0.0000000000
87830  -33.222  0.412  40.308 0.0000000000
87846  -33.140  0.550  39.729 0.0000000000
87858  -32.873  0.466  39.291 0.0000000000
90538  -32.625  1.292  37.258 0.0000000000
91891  -35.115  2.652  35.992 0.0000000000
93287  -35.647  3.458  39.091 0.0000000000
93305  -35.748  3.546  38.314 0.0000000000
91871  -36.050  3.484  36.948 0.0000000000
91878  -36.265  3.445  36.285 0.0000000000
80966  -24.284  -6.060  44.597 0.0000000000
79428  -25.076  -6.027  44.866 0.0000000000
79427  -24.860  -6.156  44.690 0.0000000000
79453  -24.001  -6.282  44.123 0.0000000000
86399  -25.657  -1.967  46.096 0.0000000000
83784  -25.773  -3.484  44.796 0.0000000000
82394  -25.892  -4.163  44.331 0.0000000000
83803  -25.445  -3.592  44.098 0.0000000000
82393  -25.593  -4.325  43.669 0.0000000000
80987  -25.683  -5.216  43.688 0.0000000000
79502  -24.547  -6.760  42.595 0.0000000000
83734  -17.799  -3.582  47.239 0.0000000000
83745  -17.545  -3.757  46.746 0.0000000000
83737  -20.502  -3.426  47.382 0.0000000000
83765  -20.009  -3.478  46.143 0.0000000000
83764  -19.607  -3.472  46.117 0.0000000000
83747  -19.189  -3.418  46.668 0.0000000000
82318  -17.606  -3.861  46.222 0.0000000000
82343  -17.232  -4.289  45.607 0.0000000000
93574  -54.089  3.847  18.160 0.0000000000
97789  -52.881  6.030  16.805 0.0000000000
99109  -52.933  7.489  18.260 0.0000000000
99120  -53.084  7.929  18.049 0.0000000000
99123  -52.921  8.005  17.100 0.0000000000
100325  -53.507  8.597  17.046 0.0000000000
76763  -5.683  -8.285  53.165 0.0000000000
75435  -5.411  -9.286  53.059 0.0000000000
72532  -5.115  -11.372  52.159 0.0000000000
87937  -32.097  -0.229  31.030 0.0000000000
87976  -37.032  -0.162  28.885 0.0000000000
89340  -37.473  -0.184  28.484 0.0000000000
93455  -41.186  3.397  26.148 0.0000000000
93434  -41.632  3.606  26.813 0.0000000000
96240  -43.217  5.515  25.791 0.0000000000
97689  -45.403  6.635  26.613 0.0000000000
96242  -44.878  6.213  27.198 0.0000000000
99008  -48.097  7.455  27.779 0.0000000000
78007  -5.848  -6.490  54.048 0.0000000000
78024  -6.292  -7.537  52.861 0.0000000000
76778  -6.103  -8.360  52.496 0.0000000000
75456  -6.207  -9.873  51.354 0.0000000000
75467  -6.532  -8.893  51.560 0.0000000000
76748  -4.947  -8.123  53.852 0.0000000000
75401  -4.549  -8.635  54.609 0.0000000000
74051  -4.468  -9.243  54.575 0.0000000000
75383  -4.595  -8.050  54.869 0.0000000000
75400  -4.422  -8.747  55.102 0.0000000000
76731  -4.246  -8.681  55.283 0.0000000000
75381  -4.056  -8.903  55.385 0.0000000000
72512  -3.784  -11.978  54.133 0.0000000000
74015  -3.081  -9.551  55.271 0.0000000000
75380  -2.876  -9.338  55.216 0.0000000000
69641  -2.313  -14.363  54.723 0.0000000000
71063  -2.213  -12.606  54.392 0.0000000000
72489  -4.046  -10.445  54.485 0.0000000000
74070  -4.426  -9.467  54.398 0.0000000000
74089  -5.007  -10.935  52.354 0.0000000000
75399  -4.219  -9.116  55.271 0.0000000000
75480  -7.754  -8.777  49.557 0.0000000000
76747  -4.964  -8.521  53.666 0.0000000000
78082  -8.102  -7.776  48.994 0.0000000000
79320  -6.626  -7.126  52.984 0.0000000000
79335  -7.112  -6.996  51.427 0.0000000000
79376  -26.315  -4.103  48.437 0.0000000000
79392  -26.139  -4.540  47.895 0.0000000000
79409  -26.234  -4.549  47.346 0.0000000000
79410  -26.363  -4.245  47.752 0.0000000000
80865  -26.417  -3.877  48.405 0.0000000000
80902  -12.569  -5.740  46.447 0.0000000000
80988  -25.955  -4.652  44.005 0.0000000000
82253  -26.372  -3.593  48.867 0.0000000000
82281  -26.495  -3.363  48.564 0.0000000000
82293  -12.573  -5.039  47.207 0.0000000000
82303  -26.590  -3.325  47.919 0.0000000000
82324  -26.422  -3.906  46.584 0.0000000000
82325  -26.549  -3.314  47.262 0.0000000000
82349  -23.135  -4.725  45.445 0.0000000000
82351  -26.319  -3.560  46.156 0.0000000000
83707  -26.506  -2.761  48.943 0.0000000000
83708  -26.511  -2.411  49.426 0.0000000000
83750  -26.450  -3.181  46.700 0.0000000000
83751  -26.491  -2.781  47.274 0.0000000000
83804  -25.746  -3.799  44.402 0.0000000000
85007  -26.600  -1.589  50.399 0.0000000000
85028  -26.504  -2.031  49.260 0.0000000000
85038  -26.125  -1.964  48.296 0.0000000000
85039  -26.348  -2.250  48.486 0.0000000000
85040  -26.453  -2.204  48.839 0.0000000000
85048  -26.149  -2.201  47.573 0.0000000000
85083  -26.090  -2.688  46.364 0.0000000000
85105  -25.629  -2.846  45.098 0.0000000000
86314  -26.580  -1.174  50.685 0.0000000000
86326  -26.516  -0.922  50.632 0.0000000000
86337  -25.969  -0.670  49.245 0.0000000000
86339  -26.317  -1.041  49.911 0.0000000000
86347  -25.888  -0.888  48.828 0.0000000000
86350  -26.460  -1.944  49.015 0.0000000000
86380  -25.667  -1.168  46.849 0.0000000000
86446  -32.368  -0.270  40.830 0.0000000000
86584  -40.489  0.146  31.360 0.0000000000
86585  -40.822  0.107  31.629 0.0000000000
86586  -40.955  0.128  31.875 0.0000000000
86599  -40.252  0.116  31.243 0.0000000000
86600  -40.651  -0.054  31.174 0.0000000000
86601  -41.056  0.118  31.647 0.0000000000
86616  -40.418  0.089  30.956 0.0000000000
86617  -40.762  0.008  30.966 0.0000000000
86618  -41.052  -0.150  31.055 0.0000000000
87676  -26.660  -0.668  51.026 0.0000000000
87702  -26.406  -0.719  50.276 0.0000000000
87728  -25.510  -0.066  47.188 0.0000000000
87739  -25.467  -0.281  46.853 0.0000000000
87740  -25.581  -0.597  47.098 0.0000000000
87754  -25.276  -0.263  46.043 0.0000000000
87771  -30.468  1.058  43.413 0.0000000000
87783  -29.661  0.755  42.819 0.0000000000
87796  -29.496  0.535  42.351 0.0000000000
87814  -33.635  0.809  40.596 0.0000000000
87847  -33.536  1.016  39.982 0.0000000000
87925  -40.583  0.208  31.715 0.0000000000
87926  -41.142  0.406  31.843 0.0000000000
87927  -41.004  0.122  31.589 0.0000000000
87939  -39.961  0.286  30.978 0.0000000000
87940  -41.048  0.351  31.513 0.0000000000
87941  -41.133  0.174  31.291 0.0000000000
87958  -40.238  0.189  30.989 0.0000000000
87960  -41.013  0.070  30.933 0.0000000000
89032  -26.436  0.160  50.203 0.0000000000
89058  -25.550  0.333  47.107 0.0000000000
89114  -25.864  0.841  43.423 0.0000000000
89116  -28.191  1.377  43.242 0.0000000000
89118  -29.799  0.983  43.332 0.0000000000
89120  -32.893  1.094  42.757 0.0000000000
89129  -26.278  0.880  42.731 0.0000000000
89130  -27.285  1.088  42.665 0.0000000000
89132  -29.190  0.749  42.540 0.0000000000
89133  -32.636  0.637  42.310 0.0000000000
89134  -33.198  0.850  42.252 0.0000000000
89143  -26.530  0.583  41.996 0.0000000000
89147  -33.318  0.674  41.640 0.0000000000
89180  -32.755  0.449  39.034 0.0000000000
89182  -33.818  1.411  39.382 0.0000000000
90355  -31.571  4.441  47.309 0.0000000000
90373  -32.261  4.338  46.701 0.0000000000
90412  -30.672  2.517  45.198 0.0000000000
90425  -25.735  0.887  44.372 0.0000000000
90430  -29.587  1.754  44.510 0.0000000000
90434  -34.423  2.824  43.915 0.0000000000
90442  -27.195  1.473  43.344 0.0000000000
90445  -33.126  1.515  43.169 0.0000000000
90455  -26.731  1.157  42.903 0.0000000000
91678  -26.481  2.246  49.728 0.0000000000
91713  -30.969  4.077  47.284 0.0000000000
91714  -32.137  4.463  46.948 0.0000000000
91728  -27.157  2.974  46.556 0.0000000000
91745  -28.529  2.938  45.995 0.0000000000
91763  -27.625  2.526  45.349 0.0000000000
91768  -33.587  3.165  44.750 0.0000000000
93158  -27.029  2.990  46.791 0.0000000000
93176  -28.441  3.303  46.482 0.0000000000
97781  -52.712  6.443  17.563 0.0000000000
99021  -47.016  7.395  26.809 0.0000000000
99042  -53.425  8.489  24.621 0.0000000000
100326  -53.983  8.967  17.421 0.0000000000
101351  -51.037  9.610  27.561 0.0000000000
