#!ascii label  , from subject  vox2ras=TkReg coords=orig
489
77821  -21.524  -8.681  -24.776 0.5555555820
77829  -21.796  -8.510  -25.537 0.6666666865
77830  -22.280  -8.456  -26.163 0.7777777910
77842  -22.753  -8.327  -26.631 0.7777777910
79133  -22.497  -7.515  -26.882 0.8888888955
79157  -24.224  -7.376  -28.043 0.8888888955
77813  -21.531  -8.817  -23.872 0.5555555820
79103  -21.511  -7.879  -24.316 0.5555555820
79112  -21.529  -7.761  -25.159 0.6666666865
79120  -21.782  -7.639  -25.893 0.8888888955
77843  -23.256  -8.145  -27.008 0.8888888955
79134  -23.253  -7.452  -27.472 0.8888888955
80595  -23.830  -6.594  -28.079 1.0000000000
80596  -24.495  -6.628  -28.539 0.8888888955
81982  -24.743  -5.900  -28.940 1.0000000000
81939  -21.467  -5.883  -25.665 1.0000000000
81956  -21.504  -5.653  -26.377 1.0000000000
81966  -21.796  -5.591  -27.078 1.0000000000
81967  -22.640  -5.563  -27.583 1.0000000000
81980  -23.133  -5.294  -28.088 1.0000000000
83428  -21.919  -4.390  -27.341 1.0000000000
83429  -22.596  -4.600  -28.034 1.0000000000
83441  -23.162  -4.707  -28.606 1.0000000000
83455  -24.349  -4.657  -29.488 1.0000000000
84787  -22.748  -4.126  -28.501 1.0000000000
84801  -23.864  -4.213  -29.468 1.0000000000
84813  -24.859  -3.920  -29.942 1.0000000000
86111  -23.855  -3.163  -30.118 1.0000000000
86122  -24.470  -2.847  -30.499 0.7777777910
83385  -21.206  -4.109  -26.208 0.8888888955
83410  -21.524  -4.627  -26.659 1.0000000000
83427  -21.213  -3.888  -27.022 1.0000000000
84786  -22.205  -3.491  -28.165 1.0000000000
84799  -22.527  -2.988  -28.702 1.0000000000
84811  -23.695  -3.299  -29.828 1.0000000000
86110  -23.386  -2.612  -30.026 1.0000000000
86143  -24.328  -2.594  -30.606 1.0000000000
84847  -24.349  -2.350  -30.759 0.8888888955
84868  -24.415  -2.141  -30.890 1.0000000000
84880  -25.019  -1.754  -31.148 0.7777777910
84882  -25.754  -1.799  -31.604 0.7777777910
84767  -21.336  -3.164  -26.960 0.5555555820
87398  -21.007  -1.290  -28.301 0.7777777910
86068  -21.129  -2.127  -27.597 0.8888888955
86091  -22.060  -2.347  -28.403 1.0000000000
86090  -21.274  -1.994  -28.185 0.8888888955
87400  -22.177  -1.851  -29.030 1.0000000000
86092  -22.679  -2.516  -29.161 1.0000000000
86141  -23.383  -2.038  -31.691 1.0000000000
86163  -24.219  -1.955  -31.678 0.8888888955
86162  -23.103  -2.183  -32.529 1.0000000000
156868  -25.687  -0.365  -31.734 0.7777777910
88759  -26.824  -0.435  -31.692 0.6666666865
90108  -26.593  0.111  -32.419 0.6666666865
87380  -20.887  -1.216  -27.566 0.7777777910
88695  -21.236  -0.551  -28.001 0.6666666865
88726  -21.733  -0.820  -29.689 0.7777777910
87422  -21.268  -1.121  -29.043 0.8888888955
88727  -22.234  -1.081  -30.287 0.8888888955
87436  -22.894  -1.691  -30.802 1.0000000000
88743  -22.615  -1.137  -31.052 1.0000000000
87465  -21.935  -1.867  -32.404 1.0000000000
156859  -23.577  -1.183  -33.511 0.8888888955
86177  -24.086  -0.653  -32.471 0.7777777910
87484  -25.276  0.078  -32.062 0.7777777910
88774  -27.068  0.045  -31.976 0.5555555820
156870  -25.709  0.411  -32.964 0.7777777910
90136  -26.737  0.662  -33.925 0.6666666865
88709  -21.252  -0.618  -29.016 0.7777777910
90066  -21.586  -0.161  -30.167 0.7777777910
90067  -21.863  -0.555  -30.278 0.8888888955
88757  -22.488  -0.894  -31.849 0.8888888955
90083  -22.194  -0.299  -30.981 1.0000000000
88772  -21.901  -1.021  -32.535 1.0000000000
156852  -22.410  -1.994  -33.181 1.0000000000
86191  -23.004  -1.722  -33.998 0.8888888955
156892  -23.765  -0.266  -32.533 0.8888888955
156866  -24.679  0.659  -32.916 0.8888888955
94245  -25.378  0.754  -33.209 0.7777777910
92844  -23.703  0.947  -32.472 0.8888888955
94244  -24.614  1.700  -33.662 0.7777777910
156896  -25.476  1.683  -33.909 0.7777777910
156887  -26.176  0.783  -33.734 0.7777777910
90137  -27.186  0.831  -34.060 0.6666666865
90082  -21.946  -0.109  -30.779 0.8888888955
91433  -22.086  0.085  -30.971 0.8888888955
91441  -22.321  0.919  -31.568 1.0000000000
90096  -22.449  -0.196  -31.877 1.0000000000
91461  -22.897  0.570  -32.104 1.0000000000
156888  -23.265  -0.371  -32.471 0.8888888955
156897  -25.256  1.937  -34.056 0.7777777910
156876  -24.729  1.710  -36.289 0.7777777910
88816  -26.517  1.077  -36.017 0.6666666865
88807  -26.832  2.125  -34.847 0.5555555820
90149  -27.524  1.593  -34.731 0.5555555820
91422  -21.818  0.011  -30.446 0.7777777910
92793  -21.002  0.944  -31.034 0.6666666865
91432  -21.901  0.520  -31.093 0.8888888955
91440  -22.023  1.325  -31.528 1.0000000000
91449  -22.519  1.544  -31.905 1.0000000000
94241  -22.791  2.247  -32.997 0.8888888955
92843  -23.344  1.383  -32.482 0.8888888955
156903  -23.443  2.971  -33.932 0.8888888955
92869  -24.380  2.398  -36.486 0.7777777910
92870  -25.072  2.442  -36.854 0.7777777910
91511  -24.992  2.010  -37.224 0.7777777910
156919  -27.209  2.367  -35.555 0.5555555820
156895  -24.215  4.066  -35.471 0.7777777910
92871  -26.124  2.863  -36.616 0.5555555820
92872  -28.074  3.280  -35.569 0.5555555820
94267  -26.367  3.659  -36.352 0.6666666865
92792  -21.562  0.956  -31.108 0.5555555820
94188  -21.379  2.263  -31.393 0.7777777910
92819  -22.027  1.962  -31.779 1.0000000000
92818  -21.914  1.884  -31.624 0.8888888955
94202  -22.051  2.845  -32.006 1.0000000000
94215  -22.326  2.796  -32.398 0.8888888955
95588  -22.608  3.006  -33.011 0.8888888955
94216  -22.547  2.651  -32.733 0.8888888955
96996  -22.778  3.564  -33.564 0.8888888955
156894  -24.022  3.206  -34.512 0.8888888955
94266  -25.289  3.554  -36.473 0.6666666865
92908  -27.400  3.535  -36.128 0.5555555820
96958  -21.063  4.945  -31.729 0.6666666865
95571  -21.888  3.930  -32.014 0.7777777910
95572  -22.237  3.325  -32.329 0.8888888955
95586  -22.126  4.421  -32.480 0.7777777910
95587  -22.416  3.652  -32.861 0.8888888955
96977  -22.021  4.878  -32.935 0.7777777910
95603  -22.642  3.716  -33.411 0.8888888955
156904  -23.746  4.951  -34.603 0.7777777910
96995  -22.783  4.397  -33.792 0.7777777910
156905  -23.775  6.289  -34.688 0.6666666865
156901  -24.530  5.165  -35.156 0.6666666865
156907  -25.066  4.869  -35.434 0.6666666865
156902  -24.715  4.355  -35.981 0.5555555820
156909  -24.970  6.573  -35.662 0.6666666865
97024  -25.499  5.525  -35.377 0.5555555820
95633  -27.160  4.891  -35.465 0.5555555820
94280  -27.253  3.728  -36.220 0.4444444478
97025  -26.905  5.466  -35.502 0.5555555820
96976  -21.703  5.044  -32.217 0.7777777910
98402  -21.862  5.837  -33.429 0.7777777910
156913  -21.949  6.855  -34.140 0.6666666865
98428  -22.787  6.367  -34.453 0.6666666865
98427  -22.965  6.744  -34.806 0.6666666865
99695  -24.196  7.275  -35.410 0.6666666865
99696  -25.018  7.048  -36.044 0.6666666865
98430  -26.763  6.209  -35.864 0.5555555820
98456  -27.708  6.942  -37.024 0.5555555820
98443  -26.796  6.861  -36.743 0.6666666865
99654  -21.531  6.864  -32.950 0.6666666865
98381  -21.456  5.934  -32.564 0.6666666865
99677  -21.824  6.849  -33.863 0.6666666865
99694  -22.683  6.835  -34.763 0.6666666865
99705  -22.668  7.115  -34.940 0.6666666865
156910  -23.358  7.717  -35.413 0.6666666865
99709  -26.488  7.545  -36.613 0.6666666865
99720  -27.662  7.307  -36.872 0.5555555820
100793  -21.893  7.388  -33.594 0.6666666865
100813  -22.080  7.489  -34.135 0.6666666865
100814  -22.616  7.785  -34.853 0.6666666865
100847  -25.162  7.831  -36.411 0.6666666865
79132  -21.939  -7.275  -26.402 0.8888888955
80553  -21.638  -6.856  -25.430 1.0000000000
80578  -21.794  -6.586  -26.765 1.0000000000
80579  -22.441  -6.593  -27.303 1.0000000000
81981  -23.850  -5.649  -28.544 1.0000000000
156862  -23.474  -0.952  -33.651 0.8888888955
92808  -21.391  0.982  -31.164 0.7777777910
92825  -22.303  2.036  -31.973 1.0000000000
95642  -26.880  4.285  -35.806 0.4444444478
75233  -21.776  -10.251  -24.945 0.5555555820
76574  -22.263  -9.157  -25.853 0.5555555820
77844  -24.127  -8.016  -27.355 0.7777777910
76575  -23.022  -9.076  -26.481 0.6666666865
76588  -23.187  -8.600  -26.758 0.6666666865
80597  -25.420  -6.599  -28.840 0.7777777910
81983  -25.390  -5.904  -29.191 0.8888888955
82006  -24.959  -5.307  -29.345 1.0000000000
83480  -25.327  -4.033  -29.905 0.8888888955
83504  -25.716  -3.608  -30.406 0.6666666865
84870  -25.379  -2.379  -30.935 0.7777777910
84871  -25.952  -2.056  -31.328 0.6666666865
86144  -26.624  -1.655  -31.340 0.6666666865
87450  -27.200  -0.903  -31.552 0.5555555820
88775  -27.810  0.182  -32.048 0.5555555820
88789  -27.573  0.358  -32.712 0.5555555820
90138  -27.854  1.047  -33.943 0.5555555820
92775  -21.838  0.959  -30.841 0.4444444478
94298  -28.444  4.101  -36.230 0.4444444478
97027  -28.328  5.364  -35.651 0.4444444478
100815  -23.236  8.710  -35.537 0.6666666865
101952  -23.646  8.824  -35.803 0.6666666865
101954  -24.801  8.786  -36.367 0.6666666865
100835  -25.110  8.625  -36.456 0.6666666865
100848  -25.704  8.259  -36.605 0.6666666865
99711  -28.025  7.846  -36.678 0.6666666865
76568  -21.754  -9.370  -25.219 0.6666666865
79121  -22.265  -7.862  -26.369 0.8888888955
79156  -23.673  -7.171  -27.816 1.0000000000
80580  -23.227  -6.579  -27.659 1.0000000000
81968  -23.399  -5.922  -27.894 1.0000000000
82005  -24.275  -5.310  -29.187 1.0000000000
80566  -21.538  -6.663  -26.112 1.0000000000
83442  -23.718  -4.754  -29.164 1.0000000000
83456  -25.098  -4.545  -29.665 0.8888888955
84800  -23.234  -3.644  -29.144 1.0000000000
84812  -24.217  -3.727  -29.915 1.0000000000
83503  -25.274  -3.629  -30.277 0.8888888955
84848  -24.762  -2.735  -30.623 0.7777777910
83409  -21.185  -4.007  -26.473 1.0000000000
84742  -21.362  -3.817  -26.322 0.5555555820
84785  -21.417  -3.272  -27.475 1.0000000000
86069  -21.409  -2.680  -28.012 1.0000000000
86120  -23.551  -2.121  -30.904 1.0000000000
86164  -24.790  -1.676  -31.328 0.8888888955
87485  -25.671  -1.356  -31.512 0.7777777910
87468  -26.111  -1.200  -31.554 0.6666666865
87399  -21.524  -1.596  -28.684 0.8888888955
87424  -22.592  -1.751  -29.834 1.0000000000
86140  -22.577  -2.067  -32.198 1.0000000000
156864  -25.162  -0.610  -31.734 0.8888888955
86178  -24.933  -1.322  -31.562 0.7777777910
87467  -25.831  -0.752  -31.615 0.7777777910
156872  -25.951  0.134  -32.183 0.6666666865
88760  -27.554  -0.315  -31.739 0.5555555820
88795  -27.117  0.237  -33.140 0.6666666865
88744  -22.605  -1.327  -30.622 1.0000000000
156863  -24.016  -0.462  -32.629 0.7777777910
88796  -27.297  0.397  -33.438 0.5555555820
156869  -22.624  0.173  -32.044 1.0000000000
156874  -25.785  1.868  -35.230 0.7777777910
156875  -26.030  1.654  -35.027 0.7777777910
90147  -26.413  1.732  -34.732 0.6666666865
91442  -22.594  0.635  -31.778 1.0000000000
91460  -22.982  1.147  -32.103 0.8888888955
156891  -24.510  2.410  -34.393 0.7777777910
90160  -26.263  1.637  -36.264 0.6666666865
92857  -28.081  2.578  -35.112 0.5555555820
91421  -21.868  0.604  -30.943 0.5555555820
92826  -22.533  1.997  -32.249 1.0000000000
94243  -23.802  2.007  -33.240 0.8888888955
156889  -24.171  3.104  -35.680 0.8888888955
91496  -26.220  2.220  -36.598 0.6666666865
91513  -27.275  2.892  -36.105 0.5555555820
94201  -21.539  2.813  -31.539 0.7777777910
99680  -24.162  6.738  -35.112 0.6666666865
156906  -24.457  5.984  -35.126 0.6666666865
95631  -25.816  4.893  -35.184 0.5555555820
95641  -25.681  4.497  -35.577 0.5555555820
95652  -28.246  4.218  -35.983 0.4444444478
98444  -27.719  6.499  -36.335 0.5555555820
99707  -24.896  7.538  -36.129 0.6666666865
98442  -26.104  7.079  -36.601 0.6666666865
156912  -22.939  7.643  -35.312 0.6666666865
100833  -23.594  8.208  -35.641 0.6666666865
100834  -24.662  8.187  -36.217 0.6666666865
82007  -25.815  -5.488  -29.500 0.7777777910
84849  -25.555  -2.944  -30.835 0.6666666865
100851  -28.303  8.424  -36.929 0.6666666865
73907  -21.848  -10.764  -24.365 0.4444444478
73908  -22.238  -10.891  -24.833 0.4444444478
75234  -22.491  -10.307  -25.367 0.4444444478
75236  -24.252  -10.345  -25.733 0.4444444478
75246  -23.668  -9.702  -26.069 0.4444444478
75247  -24.587  -9.898  -26.247 0.4444444478
76576  -24.068  -9.300  -26.585 0.4444444478
80598  -26.401  -6.699  -28.767 0.5555555820
80620  -25.922  -6.212  -29.242 0.6666666865
83457  -25.916  -4.740  -29.710 0.6666666865
83482  -26.615  -4.302  -29.992 0.5555555820
83481  -25.920  -4.148  -29.902 0.5555555820
101934  -22.913  9.439  -35.287 0.5555555820
101953  -24.146  9.079  -36.208 0.5555555820
101970  -25.332  9.262  -36.568 0.5555555820
101991  -27.349  9.578  -36.918 0.5555555820
73901  -24.379  -11.646  -24.873 0.4444444478
80621  -26.581  -6.138  -29.378 0.6666666865
103207  -23.042  9.808  -36.131 0.5555555820
103220  -22.787  10.765  -35.984 0.5555555820
75245  -22.809  -9.680  -25.823 0.4444444478
101972  -27.564  8.899  -36.673 0.5555555820
103206  -22.647  10.397  -35.582 0.5555555820
103222  -23.477  9.418  -36.383 0.5555555820
103236  -24.970  9.981  -36.526 0.5555555820
103246  -27.791  9.922  -37.347 0.5555555820
103219  -21.635  10.731  -35.998 0.5555555820
75227  -21.617  -10.471  -24.140 0.4444444478
76589  -23.711  -8.670  -26.831 0.5555555820
83505  -26.216  -3.545  -30.516 0.5555555820
75244  -22.134  -9.777  -25.548 0.4444444478
73910  -23.893  -11.025  -25.318 0.4444444478
75237  -24.999  -10.469  -25.959 0.4444444478
73909  -22.972  -11.004  -25.184 0.4444444478
73899  -22.673  -11.582  -24.591 0.4444444478
75235  -23.345  -10.275  -25.559 0.4444444478
83458  -26.445  -4.751  -29.771 0.5555555820
101935  -23.524  9.299  -35.926 0.5555555820
101969  -24.644  9.595  -36.440 0.5555555820
73900  -23.508  -11.679  -24.769 0.4444444478
104500  -21.801  11.005  -36.214 0.5555555820
101933  -21.938  10.354  -35.048 0.4444444478
103221  -23.284  9.924  -36.479 0.4444444478
103234  -23.552  10.880  -36.551 0.4444444478
104514  -23.054  11.390  -36.730 0.4444444478
104526  -23.256  11.390  -37.212 0.4444444478
157132  -25.007  10.390  -36.980 0.4444444478
104527  -25.697  10.629  -37.375 0.4444444478
103244  -26.372  10.393  -37.049 0.4444444478
103254  -28.239  10.421  -38.060 0.4444444478
103253  -27.579  10.667  -37.622 0.4444444478
104579  -29.339  10.844  -39.977 0.4444444478
156740  -21.086  10.652  -35.604 0.4444444478
103242  -23.607  11.009  -37.156 0.4444444478
103231  -20.418  10.678  -35.846 0.4444444478
79135  -23.837  -7.538  -27.665 0.8888888955
84825  -24.680  -3.393  -30.280 0.8888888955
86121  -23.927  -3.064  -30.330 1.0000000000
86142  -24.084  -2.237  -30.890 1.0000000000
84869  -25.076  -1.840  -30.980 0.7777777910
84881  -25.454  -1.803  -31.317 0.7777777910
86165  -26.037  -1.639  -31.454 0.7777777910
86180  -25.888  -1.773  -31.789 0.7777777910
86179  -25.569  -1.692  -31.461 0.7777777910
87423  -21.824  -1.370  -29.437 0.8888888955
87447  -23.007  -1.900  -31.508 1.0000000000
86161  -22.061  -2.306  -33.041 1.0000000000
86176  -22.663  -2.103  -33.506 0.8888888955
87466  -25.485  -0.628  -31.629 0.7777777910
88773  -26.356  -0.221  -31.786 0.6666666865
87449  -26.419  -0.824  -31.581 0.6666666865
88758  -26.345  -0.533  -31.641 0.6666666865
90109  -26.941  0.113  -32.464 0.6666666865
90124  -26.697  0.195  -33.094 0.6666666865
156879  -26.037  0.301  -32.963 0.7777777910
88728  -22.587  -1.453  -30.376 1.0000000000
87435  -22.751  -1.438  -31.170 1.0000000000
87446  -22.649  -1.552  -31.622 1.0000000000
87483  -21.549  -1.680  -33.338 1.0000000000
156871  -23.279  -1.390  -34.054 0.8888888955
156861  -23.615  -1.016  -33.222 0.8888888955
156865  -24.049  -0.208  -32.449 0.7777777910
156900  -24.090  0.616  -32.603 0.8888888955
156880  -24.406  0.628  -32.793 0.8888888955
156867  -25.640  0.229  -32.683 0.7777777910
88788  -27.220  0.193  -32.503 0.6666666865
156893  -26.295  1.617  -34.452 0.7777777910
88787  -21.680  -1.193  -32.964 1.0000000000
90107  -22.292  -0.674  -32.260 1.0000000000
156846  -22.045  -2.055  -34.100 1.0000000000
87495  -21.636  -1.765  -33.639 1.0000000000
156847  -22.388  -1.849  -34.152 1.0000000000
156850  -22.633  -1.778  -33.959 1.0000000000
156855  -22.903  -1.558  -33.764 0.8888888955
156851  -21.737  -1.809  -33.411 1.0000000000
88786  -21.624  -1.591  -33.214 1.0000000000
156858  -22.991  -1.636  -33.124 0.8888888955
156881  -22.739  -0.355  -32.283 0.8888888955
156878  -22.063  -1.011  -32.541 1.0000000000
86190  -22.208  -2.056  -34.304 0.8888888955
87497  -22.375  -1.735  -34.502 0.8888888955
156853  -22.602  -1.628  -34.449 0.8888888955
156860  -23.355  -1.013  -33.299 0.8888888955
156899  -25.852  1.807  -34.165 0.7777777910
94255  -25.209  1.545  -33.740 0.7777777910
94242  -23.436  2.035  -33.120 0.8888888955
156882  -25.047  2.388  -34.836 0.7777777910
156898  -24.168  2.489  -34.081 0.8888888955
156890  -25.481  2.010  -34.234 0.7777777910
90125  -27.783  0.591  -33.227 0.5555555820
90148  -26.999  1.526  -34.663 0.5555555820
91450  -22.800  1.005  -31.867 1.0000000000
90097  -22.678  0.462  -31.936 1.0000000000
92833  -23.179  0.905  -32.193 1.0000000000
156873  -22.570  -0.029  -32.122 1.0000000000
156877  -25.350  1.408  -35.903 0.7777777910
156886  -24.195  1.856  -36.960 0.7777777910
92906  -24.431  1.543  -37.179 0.7777777910
156884  -25.374  1.403  -36.253 0.6666666865
91523  -25.225  1.642  -36.766 0.6666666865
88805  -26.236  1.016  -35.647 0.6666666865
88815  -26.177  0.790  -36.046 0.6666666865
88806  -26.150  2.088  -35.123 0.6666666865
88817  -26.718  1.857  -35.457 0.6666666865
90159  -26.091  1.050  -36.152 0.6666666865
88808  -27.208  2.225  -34.981 0.5555555820
156917  -26.932  2.266  -35.177 0.5555555820
91487  -27.843  2.000  -35.182 0.5555555820
92842  -23.023  1.838  -32.688 0.8888888955
94229  -22.756  2.487  -32.996 0.8888888955
95604  -22.714  3.110  -33.292 0.8888888955
95620  -23.048  2.888  -33.604 0.8888888955
92888  -24.489  2.075  -37.332 0.7777777910
94265  -24.470  3.335  -36.346 0.6666666865
92889  -24.804  2.197  -37.261 0.7777777910
156885  -25.568  1.961  -36.837 0.7777777910
92907  -24.744  1.779  -37.256 0.7777777910
156916  -27.156  2.367  -35.184 0.5555555820
156918  -26.784  2.059  -35.590 0.5555555820
91486  -27.693  2.373  -35.187 0.5555555820
91497  -27.392  2.355  -35.092 0.5555555820
91512  -26.866  2.551  -36.499 0.5555555820
92890  -27.036  3.107  -36.457 0.5555555820
92891  -27.634  3.277  -35.927 0.5555555820
94256  -28.522  3.022  -35.325 0.5555555820
94268  -29.114  2.963  -36.136 0.4444444478
92873  -28.445  3.437  -35.994 0.5555555820
92774  -21.026  0.979  -31.038 0.5555555820
92832  -22.839  1.775  -32.456 0.8888888955
92909  -27.814  3.723  -36.200 0.5555555820
94296  -27.619  3.863  -36.289 0.4444444478
98416  -22.187  6.080  -33.959 0.6666666865
97038  -23.426  6.898  -34.987 0.6666666865
99679  -23.969  6.771  -34.933 0.6666666865
156911  -24.164  6.467  -34.974 0.6666666865
97023  -23.310  6.739  -34.806 0.6666666865
97039  -25.354  4.887  -35.241 0.5555555820
156908  -24.504  6.407  -35.302 0.6666666865
98429  -25.791  6.686  -36.126 0.6666666865
95632  -26.339  4.869  -35.255 0.5555555820
95643  -27.705  4.587  -35.711 0.4444444478
97026  -27.822  5.309  -35.558 0.4444444478
95651  -27.616  4.058  -36.035 0.4444444478
94281  -27.843  3.954  -36.225 0.4444444478
98431  -27.742  6.008  -35.590 0.4444444478
99678  -22.075  7.246  -34.300 0.6666666865
156915  -22.545  7.051  -34.797 0.6666666865
97037  -23.128  6.848  -34.950 0.6666666865
98440  -22.904  6.908  -34.974 0.6666666865
99706  -23.215  7.295  -35.196 0.6666666865
99708  -25.552  7.405  -36.439 0.6666666865
98455  -27.250  7.056  -37.045 0.6666666865
99721  -28.463  7.629  -37.301 0.5555555820
99719  -27.098  7.240  -36.820 0.5555555820
156914  -22.806  7.353  -35.108 0.6666666865
100832  -23.056  8.050  -35.489 0.6666666865
100849  -26.942  8.301  -36.547 0.6666666865
99710  -27.372  7.752  -36.573 0.6666666865
156856  -23.326  -1.293  -33.734 0.8888888955
88761  -28.210  -0.274  -31.807 0.4444444478
94246  -28.428  2.686  -35.032 0.5555555820
94282  -28.774  3.854  -36.234 0.5555555820
92892  -28.180  3.762  -36.010 0.5555555820
92910  -28.054  3.987  -36.126 0.4444444478
94297  -28.064  4.201  -36.270 0.4444444478
95660  -28.747  4.242  -36.216 0.4444444478
97040  -28.341  4.945  -35.738 0.4444444478
98432  -28.287  5.692  -35.612 0.4444444478
101971  -26.566  9.006  -36.758 0.5555555820
100850  -27.785  8.333  -36.557 0.6666666865
100863  -28.815  8.667  -37.731 0.5555555820
84824  -24.364  -3.318  -30.239 1.0000000000
87486  -26.001  -1.706  -31.753 0.7777777910
87448  -26.174  -0.717  -31.590 0.6666666865
90146  -25.788  0.946  -35.798 0.6666666865
156883  -25.745  1.365  -36.230 0.6666666865
92858  -28.055  2.014  -35.047 0.5555555820
92845  -28.243  2.353  -34.878 0.5555555820
101973  -28.083  8.768  -36.696 0.6666666865
101992  -28.266  9.326  -37.202 0.5555555820
73919  -25.566  -10.821  -25.891 0.4444444478
101936  -23.541  9.249  -36.335 0.5555555820
103235  -24.170  10.019  -36.570 0.5555555820
101990  -26.442  9.806  -36.850 0.5555555820
101989  -25.653  10.169  -36.785 0.5555555820
103245  -27.281  10.351  -37.188 0.4444444478
103208  -23.234  9.442  -36.465 0.5555555820
103233  -22.908  11.149  -36.127 0.4444444478
103209  -23.288  9.258  -36.298 0.5555555820
104499  -21.411  10.936  -36.249 0.4444444478
103232  -20.938  10.778  -36.030 0.4444444478
156722  -21.511  10.308  -34.815 0.4444444478
104528  -26.704  10.878  -37.150 0.4444444478
103255  -28.959  10.194  -38.593 0.4444444478
103266  -28.542  10.850  -38.844 0.4444444478
104547  -27.333  10.849  -37.299 0.4444444478
86175  -21.837  -2.104  -33.884 0.8888888955
87496  -21.696  -1.814  -34.013 1.0000000000
87482  -21.556  -1.460  -33.421 1.0000000000
86189  -21.857  -1.941  -34.234 1.0000000000
156849  -22.263  -1.628  -34.604 0.8888888955
156848  -22.140  -1.845  -34.538 0.8888888955
156857  -23.022  -1.579  -33.517 0.8888888955
156854  -22.304  -1.668  -34.714 0.8888888955
88804  -26.007  0.526  -35.905 0.6666666865
98441  -23.108  6.849  -35.115 0.6666666865
98454  -22.974  6.977  -35.135 0.6666666865
98453  -22.918  7.146  -35.134 0.6666666865
