#!ascii label  , from subject S2_Demo vox2ras=TkReg
1228
65168  -23.834  -17.576  -21.126 0.4285714328
66600  -24.491  -16.355  -22.221 0.2857142985
66585  -24.576  -16.829  -21.555 0.4285714328
66601  -25.057  -16.256  -21.679 0.4285714328
68040  -25.679  -15.936  -21.256 0.4285714328
68056  -24.399  -15.788  -22.720 0.2857142985
68057  -25.402  -15.577  -22.153 0.4285714328
68058  -26.204  -15.071  -22.167 0.4285714328
69463  -24.809  -14.259  -23.306 0.4285714328
69464  -25.678  -14.377  -23.118 0.4285714328
70909  -25.506  -13.041  -24.290 0.4285714328
72362  -26.334  -12.598  -24.693 0.4285714328
72371  -25.640  -11.553  -25.165 0.5714285970
72379  -27.943  -12.150  -25.641 0.2857142985
73913  -26.597  -11.561  -25.650 0.7142857313
72378  -27.703  -11.975  -25.905 0.7142857313
75251  -28.536  -10.785  -26.801 0.7142857313
73923  -29.094  -11.059  -26.243 0.4285714328
73921  -27.233  -11.435  -26.055 0.7142857313
73922  -28.271  -11.647  -26.194 0.5714285970
75268  -29.358  -9.705  -27.104 0.5714285970
75266  -27.794  -10.124  -27.094 0.5714285970
75267  -28.726  -10.001  -27.198 0.5714285970
76594  -28.959  -9.300  -27.473 0.5714285970
76595  -29.660  -9.172  -27.140 0.4285714328
79138  -28.847  -7.833  -27.669 0.5714285970
79163  -30.268  -7.399  -28.211 0.5714285970
79136  -27.675  -8.077  -27.787 0.7142857313
79162  -29.172  -7.198  -28.091 0.7142857313
80601  -29.453  -6.548  -28.397 0.7142857313
80602  -30.453  -6.666  -28.627 0.5714285970
77868  -26.519  -8.036  -28.110 0.5714285970
79161  -28.117  -7.137  -28.065 0.8571428657
81985  -29.561  -5.898  -28.661 0.7142857313
81986  -30.493  -5.934  -28.977 0.5714285970
79160  -27.135  -7.572  -28.172 0.5714285970
83461  -29.670  -4.698  -29.546 0.7142857313
81987  -31.232  -5.908  -29.271 0.5714285970
80600  -28.291  -6.314  -28.702 0.7142857313
82011  -29.554  -5.338  -29.164 0.7142857313
83462  -30.734  -4.685  -29.665 0.5714285970
82010  -28.484  -5.592  -29.228 0.7142857313
83486  -30.921  -4.161  -30.271 0.5714285970
80623  -27.856  -5.818  -29.336 0.5714285970
84829  -30.159  -3.430  -30.532 0.7142857313
83484  -28.732  -4.179  -29.991 0.7142857313
84828  -29.024  -3.336  -30.360 0.7142857313
86147  -29.840  -2.100  -31.430 0.7142857313
86125  -30.487  -2.795  -30.921 0.5714285970
82009  -27.477  -5.363  -29.746 0.5714285970
87454  -31.273  -1.380  -31.485 0.5714285970
88763  -31.104  -0.682  -31.587 0.5714285970
86123  -28.325  -2.478  -30.768 0.8571428657
84827  -27.728  -3.330  -30.341 0.8571428657
88762  -30.557  -0.885  -31.670 0.7142857313
87470  -29.359  -0.700  -31.877 0.7142857313
86146  -28.793  -1.761  -31.199 0.7142857313
90112  -29.942  0.155  -32.517 0.8571428657
90113  -30.901  0.352  -32.327 0.5714285970
87469  -28.727  -0.601  -31.817 0.8571428657
87452  -29.179  -1.200  -31.610 0.8571428657
91463  -28.962  1.166  -33.568 0.8571428657
91477  -29.827  2.005  -34.072 0.8571428657
92847  -29.252  2.543  -34.363 0.8571428657
88776  -28.689  -0.186  -32.137 0.8571428657
91462  -28.428  1.079  -33.670 0.8571428657
90149  -27.524  1.593  -34.731 1.0000000000
91475  -28.345  1.518  -34.266 1.0000000000
90126  -28.535  0.673  -33.176 0.8571428657
92846  -28.520  2.214  -34.892 1.0000000000
90138  -27.854  1.047  -33.943 1.0000000000
92872  -28.074  3.280  -35.569 1.0000000000
94267  -26.367  3.659  -36.352 0.7142857313
92857  -28.081  2.578  -35.112 1.0000000000
156919  -27.209  2.367  -35.555 1.0000000000
91513  -27.275  2.892  -36.105 1.0000000000
98444  -27.719  6.499  -36.335 1.0000000000
98430  -26.763  6.209  -35.864 0.8571428657
99720  -27.662  7.307  -36.872 0.8571428657
98456  -27.708  6.942  -37.024 1.0000000000
102043  -29.710  9.672  -40.535 0.8571428657
100876  -29.372  9.011  -38.394 0.8571428657
99733  -29.236  8.271  -38.108 1.0000000000
103256  -29.674  11.358  -39.577 0.8571428657
103269  -30.402  10.705  -39.691 0.8571428657
103257  -30.400  11.503  -38.669 0.7142857313
104548  -27.602  11.038  -37.771 0.5714285970
157161  -30.351  11.991  -38.524 0.7142857313
157144  -27.022  12.240  -37.084 0.5714285970
157139  -26.649  11.523  -37.123 0.5714285970
157138  -26.522  12.299  -36.467 0.4285714328
157145  -29.829  12.699  -38.372 0.4285714328
157154  -29.875  12.555  -39.352 0.4285714328
157142  -27.374  12.983  -36.436 0.2857142985
157172  -28.669  13.459  -36.420 0.2857142985
77848  -28.323  -8.491  -27.583 0.5714285970
82012  -30.565  -5.301  -29.310 0.5714285970
88779  -31.563  -0.291  -31.997 0.5714285970
87453  -30.157  -1.377  -31.705 0.7142857313
88777  -29.541  -0.312  -32.182 0.8571428657
90128  -30.407  0.738  -33.012 0.8571428657
91464  -29.908  1.292  -33.680 0.8571428657
91476  -29.095  1.868  -33.974 0.8571428657
94280  -27.253  3.728  -36.220 0.8571428657
157179  -29.074  13.817  -34.946 0.1428571492
68055  -23.544  -15.722  -22.577 0.2857142985
69441  -24.107  -14.915  -22.929 0.2857142985
69442  -25.050  -15.010  -22.879 0.2857142985
70894  -26.483  -13.828  -23.168 0.4285714328
70911  -26.981  -13.303  -23.707 0.4285714328
70908  -24.892  -12.771  -24.309 0.5714285970
72372  -26.209  -11.859  -25.159 0.5714285970
73920  -26.275  -10.991  -26.016 0.2857142985
75250  -27.565  -10.862  -26.671 0.7142857313
75265  -26.803  -10.073  -26.877 0.5714285970
79140  -31.029  -8.228  -27.871 0.4285714328
76592  -26.980  -9.306  -27.243 0.7142857313
77847  -27.229  -8.449  -27.783 0.7142857313
77849  -29.397  -8.616  -27.469 0.7142857313
79139  -29.907  -7.951  -27.634 0.5714285970
81984  -28.916  -6.025  -28.662 0.7142857313
80599  -27.305  -6.619  -28.774 0.5714285970
83463  -31.712  -4.647  -29.702 0.5714285970
83460  -28.653  -4.983  -29.701 0.7142857313
84830  -31.186  -3.435  -30.686 0.5714285970
86124  -29.447  -2.603  -30.800 0.7142857313
94247  -28.671  2.989  -34.825 1.0000000000
90137  -27.186  0.831  -34.060 1.0000000000
92871  -26.124  2.863  -36.616 0.8571428657
95641  -25.681  4.497  -35.577 0.7142857313
95642  -26.880  4.285  -35.806 1.0000000000
95652  -28.246  4.218  -35.983 1.0000000000
97025  -26.905  5.466  -35.502 0.7142857313
97027  -28.328  5.364  -35.651 1.0000000000
95631  -25.816  4.893  -35.184 0.7142857313
102009  -29.051  9.620  -38.326 0.8571428657
99722  -29.349  7.474  -37.667 1.0000000000
104566  -29.014  11.110  -39.297 0.7142857313
157160  -27.857  12.480  -37.118 0.7142857313
105846  -26.834  11.338  -37.105 0.5714285970
157158  -27.468  11.724  -37.402 0.7142857313
157159  -29.045  11.979  -37.978 0.7142857313
157151  -24.450  13.911  -36.986 0.4285714328
157146  -29.902  13.114  -39.496 0.4285714328
157182  -30.226  12.210  -39.363 0.4285714328
157147  -30.017  13.259  -39.088 0.4285714328
75264  -26.034  -10.121  -26.839 0.4285714328
157148  -27.237  12.640  -36.777 0.4285714328
157149  -27.455  12.182  -37.216 0.7142857313
65183  -24.146  -17.229  -21.546 0.4285714328
66599  -23.982  -16.408  -22.670 0.2857142985
66584  -23.611  -16.708  -21.851 0.2857142985
69443  -25.917  -14.846  -22.603 0.4285714328
70892  -24.559  -13.310  -23.781 0.2857142985
70893  -25.566  -13.728  -23.674 0.4285714328
70910  -26.358  -13.279  -24.051 0.4285714328
72361  -25.303  -12.081  -24.692 0.4285714328
73912  -25.910  -11.300  -25.548 0.2857142985
72373  -27.195  -12.183  -25.374 0.4285714328
75249  -26.606  -10.620  -26.475 0.5714285970
76593  -28.027  -9.298  -27.358 0.5714285970
77869  -26.960  -8.069  -28.120 0.7142857313
77846  -26.194  -8.598  -27.637 0.7142857313
83485  -29.866  -4.053  -30.001 0.7142857313
80622  -27.355  -5.991  -29.401 0.7142857313
83459  -28.023  -5.200  -29.783 0.8571428657
83483  -27.619  -4.559  -29.985 0.8571428657
88778  -30.475  -0.319  -31.951 0.8571428657
90111  -29.041  0.113  -32.629 0.8571428657
90127  -29.463  0.598  -33.117 0.8571428657
87451  -28.194  -0.911  -31.612 0.8571428657
91496  -26.220  2.220  -36.598 1.0000000000
103280  -29.538  10.324  -40.339 0.8571428657
104579  -29.339  10.844  -39.977 0.8571428657
157167  -28.878  11.520  -38.402 0.7142857313
157150  -28.327  11.921  -37.709 0.5714285970
157153  -26.210  11.816  -36.718 0.5714285970
157140  -25.523  12.697  -36.175 0.4285714328
157136  -26.741  12.613  -36.596 0.4285714328
157152  -29.885  12.412  -39.040 0.4285714328
157143  -27.040  12.785  -36.553 0.2857142985
105817  -27.739  13.329  -34.878 0.2857142985
69462  -23.904  -13.956  -23.131 0.2857142985
75248  -25.572  -10.310  -26.430 0.2857142985
95633  -27.160  4.891  -35.465 1.0000000000
157224  -27.636  17.720  -43.424 0.2857142985
157218  -27.240  19.425  -41.875 0.1428571492
157189  -28.659  14.575  -41.823 0.2857142985
157214  -27.665  18.337  -42.043 0.1428571492
115257  -28.007  20.368  -41.704 0.1428571492
157187  -29.283  15.441  -40.899 0.1428571492
157166  -29.882  13.933  -41.087 0.2857142985
157175  -28.796  16.120  -41.429 0.1428571492
108533  -29.213  15.182  -42.734 0.2857142985
109762  -28.784  15.062  -42.488 0.2857142985
109753  -31.686  14.825  -41.421 0.2857142985
108534  -30.510  14.246  -42.408 0.2857142985
157219  -27.820  18.942  -41.516 0.1428571492
157156  -30.062  12.631  -40.481 0.2857142985
107220  -31.359  12.786  -39.796 0.2857142985
157190  -29.839  12.376  -42.087 0.2857142985
157188  -29.509  13.109  -41.784 0.2857142985
107211  -32.400  12.899  -38.845 0.1428571492
107230  -31.097  12.885  -40.413 0.2857142985
107236  -30.264  12.892  -41.089 0.2857142985
157213  -28.466  17.669  -42.034 0.1428571492
105890  -30.423  12.556  -40.794 0.2857142985
107224  -34.839  13.931  -38.973 0.1428571492
108510  -34.269  14.238  -39.541 0.1428571492
107231  -31.715  13.649  -39.927 0.4285714328
157178  -30.715  12.078  -39.592 0.2857142985
104531  -33.166  11.373  -37.303 0.2857142985
103247  -31.242  11.164  -37.870 0.4285714328
157171  -30.771  12.121  -38.391 0.2857142985
104515  -33.674  11.055  -36.759 0.1428571492
104550  -33.048  12.129  -38.009 0.2857142985
157185  -31.184  11.992  -37.923 0.4285714328
101993  -31.558  10.156  -38.090 0.5714285970
157205  -31.144  11.647  -37.817 0.7142857313
101974  -32.692  9.379  -36.690 0.1428571492
103249  -32.857  10.436  -37.108 0.1428571492
100879  -31.310  9.220  -38.537 0.4285714328
100853  -33.226  8.930  -35.775 0.2857142985
99725  -32.062  8.292  -36.803 0.7142857313
100897  -30.834  9.531  -39.954 0.7142857313
99723  -30.314  7.674  -37.677 0.8571428657
100878  -30.864  8.856  -38.835 0.5714285970
100836  -32.973  8.187  -35.578 0.2857142985
99735  -30.464  8.473  -38.300 0.7142857313
101991  -27.349  9.578  -36.918 0.5714285970
99734  -29.913  8.347  -38.321 0.8571428657
99698  -33.321  8.046  -34.831 0.1428571492
98460  -31.033  6.947  -36.759 0.7142857313
99697  -32.622  7.405  -34.932 0.1428571492
94245  -25.378  0.754  -33.209 0.5714285970
88816  -26.517  1.077  -36.017 0.8571428657
90160  -26.263  1.637  -36.264 0.8571428657
156874  -25.785  1.868  -35.230 0.4285714328
91511  -24.992  2.010  -37.224 0.5714285970
98445  -28.471  6.060  -35.964 0.8571428657
95646  -30.196  4.924  -35.882 0.8571428657
98458  -29.706  6.721  -37.133 0.8571428657
98420  -32.369  6.553  -34.528 0.2857142985
98446  -30.838  6.390  -36.678 0.8571428657
98459  -30.536  6.914  -37.002 0.8571428657
99663  -32.990  6.730  -33.593 0.4285714328
98433  -31.709  6.387  -36.043 0.7142857313
98447  -31.518  6.841  -36.483 0.7142857313
86177  -24.086  -0.653  -32.471 0.2857142985
156887  -26.176  0.783  -33.734 0.5714285970
88807  -26.832  2.125  -34.847 0.8571428657
95644  -29.097  3.882  -36.186 0.8571428657
94298  -28.444  4.101  -36.230 0.8571428657
95654  -29.224  5.007  -36.214 0.8571428657
97059  -28.777  5.432  -36.626 0.8571428657
97015  -31.993  5.328  -34.945 0.4285714328
95636  -31.262  5.166  -35.222 0.8571428657
97043  -31.223  6.024  -36.268 0.8571428657
95626  -32.437  4.995  -34.422 0.4285714328
83481  -25.920  -4.148  -29.902 0.7142857313
84848  -24.762  -2.735  -30.623 0.4285714328
83482  -26.615  -4.302  -29.992 0.7142857313
86144  -26.624  -1.655  -31.340 0.8571428657
84882  -25.754  -1.799  -31.604 0.5714285970
86178  -24.933  -1.322  -31.562 0.5714285970
86163  -24.219  -1.955  -31.678 0.4285714328
87450  -27.200  -0.903  -31.552 0.8571428657
87467  -25.831  -0.752  -31.615 0.5714285970
87484  -25.276  0.078  -32.062 0.5714285970
88775  -27.810  0.182  -32.048 0.8571428657
88795  -27.117  0.237  -33.140 0.7142857313
156872  -25.951  0.134  -32.183 0.5714285970
92848  -30.189  2.666  -34.101 0.7142857313
94249  -30.308  3.432  -34.319 0.7142857313
95634  -29.801  4.155  -34.955 0.7142857313
94259  -29.597  4.201  -35.449 0.8571428657
95593  -32.520  4.200  -33.067 0.2857142985
95611  -32.406  4.452  -33.838 0.4285714328
80621  -26.581  -6.138  -29.378 0.4285714328
82008  -26.652  -5.398  -29.692 0.4285714328
83480  -25.327  -4.033  -29.905 0.4285714328
84851  -27.333  -2.351  -30.876 0.7142857313
86145  -27.729  -1.676  -31.315 0.7142857313
88760  -27.554  -0.315  -31.739 0.8571428657
91465  -30.841  1.516  -33.368 0.7142857313
94222  -32.330  3.330  -32.918 0.2857142985
92836  -31.805  2.844  -33.266 0.5714285970
92835  -31.107  2.415  -33.696 0.5714285970
80598  -26.401  -6.699  -28.767 0.4285714328
80597  -25.420  -6.599  -28.840 0.5714285970
83458  -26.445  -4.751  -29.771 0.5714285970
90114  -31.849  0.437  -32.465 0.4285714328
91466  -31.691  1.866  -33.074 0.4285714328
92827  -32.191  2.507  -32.875 0.4285714328
82013  -31.612  -5.405  -29.407 0.4285714328
83487  -31.878  -4.020  -30.193 0.4285714328
87455  -32.275  -1.388  -31.482 0.4285714328
86148  -31.077  -2.362  -31.260 0.4285714328
88765  -33.048  -0.203  -31.525 0.4285714328
72364  -28.021  -12.585  -24.071 0.1428571492
84831  -32.065  -3.455  -30.684 0.4285714328
84853  -32.053  -2.857  -31.020 0.4285714328
86150  -32.732  -2.165  -31.245 0.4285714328
73914  -28.422  -11.818  -25.236 0.1428571492
73915  -29.014  -11.247  -25.482 0.1428571492
76580  -30.334  -9.197  -26.571 0.2857142985
80604  -32.564  -6.571  -28.897 0.2857142985
82016  -33.921  -4.886  -29.377 0.2857142985
80626  -32.968  -5.725  -29.215 0.2857142985
79164  -31.367  -7.521  -28.442 0.4285714328
83489  -33.539  -3.849  -30.376 0.2857142985
83464  -32.596  -4.553  -29.670 0.2857142985
80624  -31.916  -6.090  -29.160 0.2857142985
84833  -33.431  -3.137  -30.554 0.2857142985
83488  -32.719  -3.886  -30.184 0.4285714328
73902  -28.456  -11.950  -24.318 0.1428571492
73903  -28.963  -11.332  -24.556 0.1428571492
72374  -27.910  -12.344  -24.910 0.1428571492
75238  -29.667  -10.639  -25.660 0.2857142985
75239  -30.206  -9.938  -25.787 0.2857142985
77833  -32.038  -8.401  -26.776 0.2857142985
79142  -33.238  -7.260  -27.530 0.2857142985
79141  -32.238  -7.995  -27.422 0.2857142985
77851  -31.588  -8.459  -27.201 0.2857142985
79165  -32.437  -7.261  -28.383 0.2857142985
76562  -31.220  -8.819  -24.642 0.2857142985
75221  -30.009  -10.199  -23.829 0.2857142985
77822  -30.878  -8.876  -25.899 0.2857142985
77832  -31.416  -8.650  -26.488 0.2857142985
70895  -27.228  -13.377  -23.043 0.1428571492
72348  -28.101  -12.640  -23.313 0.1428571492
65169  -24.568  -17.448  -20.289 0.2857142985
63840  -23.980  -17.917  -20.463 0.2857142985
69444  -26.830  -14.401  -22.216 0.2857142985
65170  -25.222  -17.203  -19.580 0.1428571492
63839  -23.470  -18.192  -20.596 0.2857142985
63827  -23.216  -18.808  -20.140 0.1428571492
75228  -29.543  -10.728  -24.727 0.1428571492
76551  -30.608  -9.418  -24.198 0.2857142985
77824  -32.057  -8.458  -25.803 0.2857142985
79166  -33.357  -6.938  -28.357 0.2857142985
80605  -33.461  -6.273  -28.897 0.2857142985
86128  -33.458  -2.399  -30.722 0.2857142985
84849  -25.555  -2.944  -30.835 0.7142857313
90108  -26.593  0.111  -32.419 0.5714285970
90129  -31.301  1.002  -32.809 0.4285714328
92828  -32.659  2.804  -32.364 0.2857142985
94223  -32.735  3.929  -32.442 0.2857142985
94235  -32.039  3.697  -33.438 0.5714285970
99711  -28.025  7.846  -36.678 0.7142857313
95624  -30.448  4.074  -34.598 0.7142857313
98457  -28.672  6.485  -36.952 0.8571428657
103253  -27.579  10.667  -37.622 0.4285714328
103254  -28.239  10.421  -38.060 0.5714285970
100888  -29.922  9.239  -39.503 0.7142857313
97003  -32.733  5.370  -33.572 0.2857142985
99739  -29.760  8.887  -38.634 0.8571428657
99713  -32.253  7.427  -36.276 0.5714285970
157168  -30.548  12.062  -39.937 0.2857142985
103248  -32.175  10.703  -37.555 0.4285714328
112034  -29.101  17.792  -41.563 0.1428571492
108508  -32.419  13.812  -39.550 0.2857142985
107212  -32.834  12.988  -38.742 0.1428571492
107249  -29.879  13.937  -42.684 0.2857142985
66566  -25.491  -16.704  -20.260 0.1428571492
66564  -23.326  -17.206  -21.233 0.2857142985
68041  -26.512  -15.205  -21.472 0.1428571492
70875  -27.053  -13.794  -22.668 0.1428571492
69465  -26.231  -14.383  -22.802 0.2857142985
73888  -28.483  -12.168  -23.515 0.1428571492
73889  -29.103  -11.518  -23.521 0.1428571492
75252  -29.542  -10.289  -26.609 0.2857142985
76569  -30.631  -9.180  -25.871 0.2857142985
77850  -30.495  -8.729  -27.093 0.2857142985
79167  -33.977  -6.780  -28.424 0.2857142985
80620  -25.922  -6.212  -29.242 0.5714285970
83456  -25.098  -4.545  -29.665 0.2857142985
84834  -33.918  -2.992  -30.402 0.2857142985
87437  -33.436  -1.511  -30.443 0.2857142985
83505  -26.216  -3.545  -30.516 0.7142857313
84826  -26.888  -3.729  -30.265 0.5714285970
84868  -24.415  -2.141  -30.890 0.4285714328
84870  -25.379  -2.379  -30.935 0.5714285970
86151  -33.131  -2.255  -31.133 0.4285714328
156863  -24.016  -0.462  -32.629 0.2857142985
156864  -25.162  -0.610  -31.734 0.5714285970
87456  -33.123  -1.470  -31.258 0.2857142985
84852  -31.539  -3.013  -30.914 0.4285714328
87468  -26.111  -1.200  -31.554 0.7142857313
156866  -24.679  0.659  -32.916 0.2857142985
90116  -32.826  1.098  -31.897 0.4285714328
90115  -32.489  0.891  -32.337 0.4285714328
92822  -33.064  2.666  -31.598 0.1428571492
94269  -29.090  3.220  -36.141 0.8571428657
94207  -33.065  3.708  -31.772 0.1428571492
94234  -31.446  3.283  -33.720 0.5714285970
95612  -32.782  4.888  -33.121 0.2857142985
97029  -31.639  5.811  -35.599 0.7142857313
100801  -33.773  7.848  -33.507 0.2857142985
100820  -33.763  8.512  -34.161 0.1428571492
157203  -30.028  14.313  -40.490 0.2857142985
98434  -32.057  6.638  -35.503 0.4285714328
99686  -33.319  7.595  -34.125 0.4285714328
100837  -33.379  8.825  -35.036 0.1428571492
100866  -32.207  9.019  -36.825 0.5714285970
101955  -33.471  9.579  -35.417 0.1428571492
101975  -33.207  9.584  -36.246 0.1428571492
103237  -33.482  10.562  -36.576 0.1428571492
157197  -29.333  16.493  -40.988 0.1428571492
101994  -32.351  9.738  -37.270 0.5714285970
103238  -33.944  10.636  -36.118 0.1428571492
105881  -31.727  12.599  -38.980 0.2857142985
105866  -32.432  12.558  -38.593 0.2857142985
105848  -33.725  12.212  -37.719 0.1428571492
107223  -34.053  13.763  -38.944 0.1428571492
108526  -32.148  14.690  -40.949 0.2857142985
109754  -32.443  15.446  -41.146 0.2857142985
109745  -32.780  14.855  -40.576 0.1428571492
109746  -33.532  15.200  -40.586 0.1428571492
68012  -27.167  -15.734  -19.482 0.1428571492
73876  -28.438  -12.377  -23.047 0.1428571492
81988  -34.058  -5.964  -28.989 0.2857142985
95594  -32.853  4.779  -32.504 0.2857142985
109747  -34.493  15.413  -40.744 0.1428571492
109766  -32.167  15.858  -41.718 0.2857142985
66565  -24.872  -16.974  -20.882 0.2857142985
66586  -25.239  -16.514  -21.083 0.1428571492
68025  -26.302  -15.893  -20.399 0.1428571492
69427  -27.025  -14.661  -21.560 0.1428571492
72363  -27.226  -12.847  -24.420 0.1428571492
76579  -29.845  -9.547  -26.804 0.2857142985
80603  -31.512  -6.623  -28.945 0.4285714328
82030  -27.138  -4.893  -29.953 0.5714285970
87473  -32.171  -0.729  -31.825 0.4285714328
95623  -29.793  3.761  -34.680 0.7142857313
90147  -26.413  1.732  -34.732 0.8571428657
88789  -27.573  0.358  -32.712 0.8571428657
88796  -27.297  0.397  -33.438 0.8571428657
94257  -29.036  3.036  -35.588 0.8571428657
92908  -27.400  3.535  -36.128 0.8571428657
102010  -29.200  10.037  -38.880 0.5714285970
103282  -30.404  10.315  -40.395 0.7142857313
157202  -30.688  11.713  -37.975 0.5714285970
157177  -30.893  12.164  -39.153 0.2857142985
72347  -27.592  -13.030  -23.631 0.1428571492
90136  -26.737  0.662  -33.925 0.5714285970
97049  -28.820  5.737  -36.297 0.8571428657
157181  -30.137  13.589  -40.221 0.2857142985
157169  -30.194  12.127  -39.992 0.2857142985
157173  -29.859  14.436  -40.871 0.2857142985
157221  -28.517  16.372  -42.509 0.2857142985
115288  -26.818  19.419  -43.289 0.1428571492
157220  -27.840  17.668  -42.652 0.2857142985
157215  -27.282  18.864  -41.543 0.1428571492
157208  -28.525  16.738  -42.069 0.2857142985
157210  -28.661  16.860  -43.087 0.2857142985
157217  -28.393  17.415  -42.389 0.1428571492
157194  -29.120  15.353  -41.153 0.1428571492
157174  -28.806  14.387  -42.412 0.2857142985
108525  -31.386  14.211  -41.157 0.2857142985
108542  -30.031  14.523  -42.757 0.2857142985
107237  -30.691  13.487  -41.186 0.2857142985
157216  -28.134  18.396  -41.734 0.1428571492
108516  -31.351  13.754  -40.548 0.2857142985
157164  -30.153  12.355  -41.347 0.2857142985
107242  -29.992  13.167  -42.207 0.2857142985
108509  -33.281  14.091  -39.555 0.1428571492
105879  -30.724  12.238  -40.317 0.2857142985
108519  -34.444  14.820  -40.080 0.1428571492
105867  -33.365  12.618  -38.302 0.1428571492
108518  -33.476  14.546  -40.130 0.1428571492
108517  -32.310  14.239  -40.291 0.1428571492
102011  -31.071  10.143  -39.082 0.5714285970
104530  -31.847  11.520  -37.888 0.4285714328
104532  -34.104  11.873  -37.191 0.1428571492
101995  -33.002  9.892  -36.853 0.1428571492
104549  -32.415  11.971  -38.031 0.2857142985
107213  -33.762  13.202  -38.515 0.2857142985
100890  -31.046  9.414  -39.394 0.7142857313
100865  -31.713  8.865  -37.502 0.5714285970
100852  -32.722  8.650  -36.358 0.5714285970
99724  -31.323  7.629  -36.993 0.7142857313
100864  -30.972  8.464  -37.938 0.7142857313
98448  -31.941  6.781  -36.133 0.5714285970
97051  -30.135  6.107  -36.806 0.8571428657
156870  -25.709  0.411  -32.964 0.5714285970
156875  -26.030  1.654  -35.027 0.5714285970
156876  -24.729  1.710  -36.289 0.4285714328
156896  -25.476  1.683  -33.909 0.4285714328
94271  -29.624  4.481  -35.710 0.8571428657
97028  -30.853  5.361  -35.856 0.8571428657
97030  -32.161  5.992  -35.035 0.4285714328
97016  -32.403  5.735  -34.363 0.5714285970
95635  -30.341  4.679  -35.232 0.7142857313
83457  -25.916  -4.740  -29.710 0.5714285970
83504  -25.716  -3.608  -30.406 0.4285714328
84850  -26.435  -2.808  -30.883 0.7142857313
84871  -25.952  -2.056  -31.328 0.7142857313
84880  -25.019  -1.754  -31.148 0.4285714328
87485  -25.671  -1.356  -31.512 0.5714285970
156868  -25.687  -0.365  -31.734 0.5714285970
86164  -24.790  -1.676  -31.328 0.4285714328
88759  -26.824  -0.435  -31.692 0.7142857313
88774  -27.068  0.045  -31.976 0.8571428657
94250  -31.080  3.718  -34.176 0.5714285970
82007  -25.815  -5.488  -29.500 0.5714285970
90130  -32.000  1.141  -32.746 0.4285714328
82014  -32.473  -5.254  -29.385 0.2857142985
86149  -32.026  -2.168  -31.265 0.4285714328
88781  -32.814  0.452  -31.942 0.4285714328
84832  -32.787  -3.224  -30.679 0.4285714328
75253  -30.142  -9.669  -26.365 0.2857142985
77831  -30.836  -8.881  -26.264 0.2857142985
80625  -32.516  -5.909  -29.184 0.2857142985
83465  -33.429  -4.472  -29.776 0.2857142985
86127  -33.042  -2.699  -30.956 0.4285714328
73877  -28.919  -12.119  -22.834 0.1428571492
75229  -30.148  -10.073  -24.895 0.2857142985
75220  -29.412  -10.863  -23.952 0.1428571492
76570  -30.876  -8.933  -25.288 0.2857142985
77823  -31.273  -8.714  -25.532 0.2857142985
65149  -24.760  -17.582  -19.054 0.1428571492
63828  -23.947  -18.307  -19.727 0.1428571492
66548  -25.749  -16.791  -19.215 0.1428571492
91452  -32.753  1.794  -32.083 0.2857142985
68026  -27.352  -15.037  -20.559 0.1428571492
109744  -29.350  16.161  -40.438 0.1428571492
100835  -25.110  8.625  -36.456 0.5714285970
99707  -24.896  7.538  -36.129 0.4285714328
100847  -25.162  7.831  -36.411 0.4285714328
100848  -25.704  8.259  -36.605 0.5714285970
99696  -25.018  7.048  -36.044 0.4285714328
99709  -26.488  7.545  -36.613 0.5714285970
100851  -28.303  8.424  -36.929 0.4285714328
156907  -25.066  4.869  -35.434 0.4285714328
97024  -25.499  5.525  -35.377 0.4285714328
156906  -24.457  5.984  -35.126 0.4285714328
156909  -24.970  6.573  -35.662 0.5714285970
98443  -26.796  6.861  -36.743 0.5714285970
98442  -26.104  7.079  -36.601 0.5714285970
92870  -25.072  2.442  -36.854 0.5714285970
84802  -34.993  -3.706  -28.717 0.1428571492
83490  -34.059  -3.612  -30.388 0.1428571492
86113  -34.089  -2.588  -29.890 0.1428571492
73901  -24.379  -11.646  -24.873 0.2857142985
82015  -33.422  -5.335  -29.275 0.1428571492
84788  -36.298  -4.057  -27.657 0.1428571492
83443  -34.994  -4.726  -28.654 0.1428571492
86098  -36.561  -2.696  -27.912 0.1428571492
87412  -37.245  -1.639  -27.876 0.1428571492
79143  -34.276  -7.087  -27.795 0.1428571492
80607  -35.640  -6.011  -28.397 0.1428571492
81990  -35.578  -5.414  -28.337 0.1428571492
84790  -37.795  -3.405  -27.090 0.1428571492
81991  -36.264  -5.318  -27.896 0.1428571492
88659  -38.396  -0.251  -24.878 0.1428571492
87392  -38.185  -1.675  -26.855 0.1428571492
90029  -38.172  -0.044  -26.353 0.1428571492
72360  -24.181  -12.351  -24.146 0.2857142985
79114  -33.201  -7.594  -25.348 0.1428571492
79115  -33.959  -7.206  -25.623 0.1428571492
79123  -33.177  -7.458  -26.470 0.1428571492
79122  -32.549  -7.957  -26.165 0.1428571492
80569  -36.569  -6.052  -26.958 0.1428571492
80567  -34.887  -6.714  -26.835 0.1428571492
80584  -37.043  -5.451  -27.184 0.1428571492
80582  -35.786  -6.363  -27.788 0.1428571492
83433  -38.242  -3.900  -26.843 0.1428571492
86037  -38.710  -2.223  -25.212 0.1428571492
87333  -38.481  -1.152  -24.415 0.1428571492
87374  -38.495  -1.488  -25.982 0.1428571492
72346  -23.979  -12.844  -23.657 0.2857142985
70907  -23.022  -12.981  -23.861 0.2857142985
70890  -22.716  -13.395  -23.317 0.2857142985
77815  -32.184  -8.596  -24.505 0.1428571492
79105  -33.191  -7.914  -24.214 0.1428571492
80558  -36.277  -5.978  -26.121 0.1428571492
80556  -34.691  -6.698  -25.826 0.1428571492
81958  -37.600  -5.311  -26.595 0.1428571492
84754  -39.069  -3.029  -25.876 0.1428571492
81959  -38.301  -4.878  -26.513 0.1428571492
88642  -38.540  0.038  -23.670 0.1428571492
76552  -31.387  -9.121  -23.744 0.1428571492
77806  -32.490  -8.682  -23.798 0.1428571492
76553  -32.228  -8.931  -23.526 0.1428571492
79096  -34.160  -7.611  -23.453 0.1428571492
79095  -33.542  -8.071  -23.507 0.1428571492
80545  -36.120  -5.902  -25.170 0.1428571492
79106  -33.877  -7.252  -24.541 0.1428571492
81931  -36.764  -5.701  -25.453 0.1428571492
80544  -35.363  -6.362  -24.960 0.1428571492
81948  -37.751  -5.482  -25.949 0.1428571492
86016  -39.283  -2.968  -24.541 0.1428571492
83398  -39.427  -4.286  -25.789 0.1428571492
87320  -38.626  -1.172  -23.450 0.1428571492
86015  -38.585  -2.122  -24.010 0.1428571492
75223  -31.786  -9.526  -23.034 0.1428571492
79073  -34.437  -8.183  -22.776 0.1428571492
77796  -33.946  -8.777  -22.362 0.1428571492
76554  -32.661  -8.931  -22.984 0.1428571492
80513  -34.521  -6.943  -23.970 0.1428571492
77816  -32.776  -8.347  -24.144 0.1428571492
81898  -38.021  -5.587  -24.372 0.1428571492
80515  -36.140  -5.997  -24.006 0.1428571492
81933  -38.461  -5.414  -25.130 0.1428571492
81934  -39.513  -5.170  -24.930 0.1428571492
81932  -37.507  -5.568  -25.275 0.1428571492
86038  -39.343  -3.094  -25.307 0.1428571492
76531  -35.051  -9.358  -21.310 0.1428571492
76545  -33.703  -9.294  -22.132 0.1428571492
76544  -33.097  -9.213  -22.475 0.1428571492
79075  -36.043  -7.236  -22.562 0.1428571492
77798  -35.780  -8.092  -22.179 0.1428571492
80516  -37.379  -5.772  -23.583 0.1428571492
80479  -36.716  -6.328  -22.913 0.1428571492
83362  -39.996  -4.604  -25.048 0.1428571492
81899  -39.139  -5.638  -24.261 0.1428571492
79074  -35.114  -7.800  -22.760 0.1428571492
80514  -35.230  -6.591  -24.037 0.1428571492
80557  -35.487  -6.298  -25.978 0.1428571492
88624  -38.770  -0.550  -22.962 0.1428571492
89982  -39.458  0.777  -22.993 0.1428571492
83432  -37.557  -4.184  -27.168 0.1428571492
86061  -38.614  -2.442  -26.229 0.1428571492
86096  -34.648  -2.590  -28.998 0.1428571492
84723  -39.784  -3.763  -25.051 0.1428571492
86003  -39.011  -2.843  -23.484 0.1428571492
88643  -38.942  0.006  -22.932 0.1428571492
156902  -24.715  4.355  -35.981 0.4285714328
89981  -38.783  1.358  -23.801 0.1428571492
88672  -38.374  -0.573  -25.757 0.1428571492
90001  -38.540  0.877  -24.587 0.1428571492
88701  -37.907  -0.907  -27.442 0.1428571492
90018  -38.366  0.397  -25.501 0.1428571492
86112  -33.679  -2.109  -30.113 0.1428571492
101970  -25.332  9.262  -36.568 0.4285714328
103246  -27.791  9.922  -37.347 0.4285714328
110939  -33.245  16.517  -42.783 0.1428571492
101972  -27.564  8.899  -36.673 0.4285714328
70891  -23.543  -13.293  -23.513 0.2857142985
110938  -32.152  16.232  -42.384 0.1428571492
83466  -34.316  -4.314  -29.634 0.1428571492
75222  -30.901  -9.768  -23.329 0.1428571492
88745  -33.271  -0.515  -30.629 0.1428571492
81989  -34.544  -5.421  -28.842 0.1428571492
84814  -34.387  -3.358  -29.799 0.1428571492
83444  -35.869  -4.584  -27.982 0.1428571492
84803  -35.874  -3.530  -27.985 0.1428571492
84789  -37.005  -3.490  -27.563 0.1428571492
83431  -36.651  -4.643  -27.584 0.1428571492
86080  -37.094  -2.783  -27.725 0.1428571492
86097  -35.379  -2.558  -28.228 0.1428571492
87411  -36.204  -1.652  -28.116 0.1428571492
87391  -37.741  -1.671  -27.421 0.1428571492
80581  -35.102  -6.667  -27.616 0.1428571492
80606  -34.665  -6.451  -28.446 0.1428571492
80608  -36.100  -5.761  -28.235 0.1428571492
86082  -38.174  -2.822  -26.793 0.1428571492
84791  -38.233  -3.415  -26.786 0.1428571492
80583  -36.499  -5.866  -27.743 0.1428571492
88689  -38.370  -0.893  -26.405 0.1428571492
79113  -32.555  -8.004  -25.067 0.1428571492
79124  -34.097  -7.210  -26.714 0.1428571492
80568  -35.705  -6.362  -26.926 0.1428571492
80570  -36.962  -5.666  -27.019 0.1428571492
81970  -37.473  -4.956  -27.090 0.1428571492
83416  -39.183  -3.838  -26.188 0.1428571492
80543  -34.566  -6.771  -24.809 0.1428571492
81947  -37.013  -5.717  -26.083 0.1428571492
81949  -38.644  -5.195  -25.890 0.1428571492
84755  -39.375  -3.592  -25.740 0.1428571492
76543  -32.413  -9.281  -22.833 0.1428571492
77795  -33.328  -8.808  -22.689 0.1428571492
81897  -36.951  -5.618  -24.602 0.1428571492
77797  -35.004  -8.441  -22.214 0.1428571492
79097  -35.168  -7.161  -23.371 0.1428571492
81935  -40.374  -4.991  -24.424 0.1428571492
79098  -35.782  -6.561  -23.292 0.1428571492
65148  -21.637  -18.018  -20.219 0.1428571492
63838  -22.698  -18.337  -20.570 0.1428571492
65147  -20.861  -17.534  -20.061 0.1428571492
65166  -22.021  -17.515  -20.584 0.1428571492
65167  -22.986  -17.732  -21.047 0.1428571492
66583  -22.545  -16.184  -21.529 0.1428571492
68039  -22.931  -15.898  -22.061 0.1428571492
68038  -22.242  -15.410  -21.831 0.1428571492
69426  -22.341  -14.760  -22.276 0.1428571492
68054  -22.812  -15.270  -22.324 0.1428571492
69440  -23.007  -14.447  -22.802 0.1428571492
68037  -21.553  -15.387  -21.354 0.1428571492
70859  -21.709  -13.810  -22.290 0.1428571492
70874  -22.428  -13.838  -22.865 0.1428571492
72331  -21.718  -12.667  -22.642 0.1428571492
70889  -22.174  -12.672  -23.422 0.1428571492
72359  -23.083  -12.348  -24.216 0.1428571492
70906  -22.557  -12.692  -23.837 0.1428571492
73899  -22.673  -11.582  -24.591 0.2857142985
73900  -23.508  -11.679  -24.769 0.1428571492
73911  -24.999  -11.144  -25.415 0.1428571492
73909  -22.972  -11.004  -25.184 0.2857142985
77866  -24.815  -7.799  -27.846 0.4285714328
79159  -26.008  -7.328  -28.347 0.4285714328
92869  -24.380  2.398  -36.486 0.2857142985
156895  -24.215  4.066  -35.471 0.2857142985
94266  -25.289  3.554  -36.473 0.2857142985
156912  -22.939  7.643  -35.312 0.2857142985
100833  -23.594  8.208  -35.641 0.2857142985
100834  -24.662  8.187  -36.217 0.2857142985
101954  -24.801  8.786  -36.367 0.4285714328
72345  -23.523  -12.733  -23.820 0.1428571492
73908  -22.238  -10.891  -24.833 0.1428571492
75237  -24.999  -10.469  -25.959 0.1428571492
66582  -21.997  -15.839  -21.428 0.1428571492
69425  -21.621  -14.454  -21.844 0.1428571492
70872  -21.655  -12.847  -22.405 0.1428571492
72357  -21.917  -11.833  -23.591 0.1428571492
72358  -22.401  -12.033  -24.029 0.1428571492
73898  -22.118  -11.318  -24.160 0.1428571492
75234  -22.491  -10.307  -25.367 0.2857142985
75236  -24.252  -10.345  -25.733 0.2857142985
75235  -23.345  -10.275  -25.559 0.2857142985
75246  -23.668  -9.702  -26.069 0.2857142985
75247  -24.587  -9.898  -26.247 0.2857142985
76591  -25.770  -9.386  -27.091 0.4285714328
77845  -25.165  -8.424  -27.464 0.4285714328
156897  -25.256  1.937  -34.056 0.2857142985
156894  -24.022  3.206  -34.512 0.2857142985
156889  -24.171  3.104  -35.680 0.2857142985
156901  -24.530  5.165  -35.156 0.2857142985
98427  -22.965  6.744  -34.806 0.2857142985
99694  -22.683  6.835  -34.763 0.2857142985
156910  -23.358  7.717  -35.413 0.2857142985
156891  -24.510  2.410  -34.393 0.2857142985
94243  -23.802  2.007  -33.240 0.2857142985
96995  -22.783  4.397  -33.792 0.2857142985
156905  -23.775  6.289  -34.688 0.2857142985
156904  -23.746  4.951  -34.603 0.2857142985
98428  -22.787  6.367  -34.453 0.2857142985
99680  -24.162  6.738  -35.112 0.2857142985
95603  -22.642  3.716  -33.411 0.2857142985
77867  -25.596  -7.922  -27.988 0.4285714328
69461  -23.268  -13.765  -23.149 0.1428571492
76578  -25.570  -9.889  -26.828 0.4285714328
66563  -22.733  -16.924  -21.146 0.1428571492
99695  -24.196  7.275  -35.410 0.2857142985
73910  -23.893  -11.025  -25.318 0.1428571492
63837  -22.088  -18.324  -20.293 0.1428571492
66562  -21.709  -16.351  -20.999 0.1428571492
69439  -22.119  -14.128  -22.516 0.1428571492
99705  -22.668  7.115  -34.940 0.2857142985
76590  -24.626  -8.877  -26.968 0.4285714328
96977  -22.021  4.878  -32.935 0.2857142985
80596  -24.495  -6.628  -28.539 0.2857142985
112060  -30.423  18.218  -45.653 0.1428571492
112052  -31.252  17.646  -44.953 0.1428571492
112045  -30.277  17.317  -43.915 0.1428571492
110937  -30.867  16.001  -42.617 0.1428571492
112061  -31.333  18.229  -45.831 0.1428571492
110946  -30.055  16.318  -43.220 0.1428571492
112043  -28.896  17.295  -43.568 0.1428571492
115289  -27.163  20.449  -44.900 0.1428571492
81983  -25.390  -5.904  -29.191 0.2857142985
82006  -24.959  -5.307  -29.345 0.2857142985
110948  -32.259  16.660  -43.515 0.1428571492
109765  -31.397  15.309  -41.996 0.1428571492
110947  -31.163  16.704  -43.435 0.1428571492
108535  -31.116  14.463  -41.817 0.1428571492
110945  -29.202  16.581  -43.286 0.1428571492
112058  -28.976  17.796  -45.361 0.1428571492
114205  -28.002  19.163  -46.499 0.1428571492
113128  -28.413  17.881  -45.402 0.1428571492
157223  -27.523  18.077  -44.350 0.1428571492
112048  -28.341  17.517  -43.816 0.1428571492
110936  -30.280  15.675  -42.786 0.1428571492
109774  -29.902  15.252  -42.841 0.1428571492
79158  -25.033  -7.374  -28.434 0.2857142985
112051  -30.364  17.773  -44.815 0.1428571492
113140  -29.562  18.313  -46.577 0.1428571492
112046  -30.949  17.400  -44.188 0.1428571492
112044  -29.471  17.277  -43.729 0.1428571492
112050  -29.566  17.710  -44.625 0.1428571492
113141  -30.328  18.719  -46.185 0.1428571492
110954  -31.574  17.120  -44.113 0.1428571492
94216  -22.547  2.651  -32.733 0.1428571492
156903  -23.443  2.971  -33.932 0.1428571492
96996  -22.778  3.564  -33.564 0.1428571492
98381  -21.456  5.934  -32.564 0.1428571492
94244  -24.614  1.700  -33.662 0.1428571492
98402  -21.862  5.837  -33.429 0.1428571492
100793  -21.893  7.388  -33.594 0.1428571492
100794  -22.275  8.098  -33.880 0.2857142985
84847  -24.349  -2.350  -30.759 0.2857142985
86143  -24.328  -2.594  -30.606 0.1428571492
156862  -23.474  -0.952  -33.651 0.1428571492
156892  -23.765  -0.266  -32.533 0.1428571492
92843  -23.344  1.383  -32.482 0.1428571492
98411  -33.022  6.361  -33.080 0.1428571492
95588  -22.608  3.006  -33.011 0.1428571492
156913  -21.949  6.855  -34.140 0.1428571492
100815  -23.236  8.710  -35.537 0.1428571492
101934  -22.913  9.439  -35.287 0.2857142985
103207  -23.042  9.808  -36.131 0.2857142985
107199  -22.338  13.819  -37.322 0.2857142985
108474  -21.559  14.311  -36.387 0.2857142985
108489  -23.440  15.086  -37.419 0.2857142985
108506  -30.587  14.098  -39.407 0.1428571492
107165  -26.851  12.935  -34.162 0.1428571492
101953  -24.146  9.079  -36.208 0.2857142985
103221  -23.284  9.924  -36.479 0.2857142985
104527  -25.697  10.629  -37.375 0.2857142985
104514  -23.054  11.390  -36.730 0.2857142985
105826  -21.491  12.300  -36.485 0.2857142985
157134  -24.757  11.491  -36.873 0.2857142985
105844  -22.850  12.768  -37.647 0.2857142985
107183  -21.964  13.277  -36.519 0.2857142985
157165  -23.373  13.596  -37.031 0.2857142985
108458  -24.930  13.950  -35.955 0.1428571492
109693  -22.317  15.024  -36.267 0.2857142985
108498  -30.092  13.954  -37.543 0.1428571492
157180  -29.720  14.012  -36.747 0.1428571492
107181  -20.034  13.071  -35.830 0.1428571492
105824  -19.598  12.014  -35.646 0.1428571492
156680  -22.424  9.288  -34.381 0.2857142985
109708  -21.767  15.055  -36.677 0.2857142985
109696  -24.496  14.621  -36.161 0.1428571492
109695  -23.927  14.954  -36.128 0.2857142985
107164  -25.990  12.912  -35.516 0.1428571492
107163  -24.512  13.419  -34.909 0.1428571492
99655  -21.958  7.529  -33.035 0.2857142985
107161  -22.983  13.534  -34.365 0.1428571492
107151  -26.885  13.140  -33.181 0.1428571492
107148  -24.057  13.387  -34.123 0.1428571492
156715  -21.749  6.860  -30.385 0.1428571492
95575  -33.091  4.642  -31.911 0.1428571492
156859  -23.577  -1.183  -33.511 0.1428571492
91461  -22.897  0.570  -32.104 0.1428571492
99665  -33.987  7.661  -32.883 0.1428571492
91460  -22.982  1.147  -32.103 0.1428571492
95572  -22.237  3.325  -32.329 0.1428571492
95586  -22.126  4.421  -32.480 0.1428571492
96976  -21.703  5.044  -32.217 0.1428571492
99636  -21.484  7.248  -32.106 0.1428571492
100814  -22.616  7.785  -34.853 0.1428571492
103206  -22.647  10.397  -35.582 0.1428571492
103219  -21.635  10.731  -35.998 0.1428571492
104500  -21.801  11.005  -36.214 0.2857142985
104512  -21.013  11.130  -36.348 0.1428571492
104513  -22.338  11.528  -36.448 0.1428571492
105807  -23.410  13.093  -33.916 0.1428571492
108433  -22.395  13.850  -35.169 0.2857142985
107162  -23.790  13.642  -34.625 0.1428571492
107149  -24.907  13.191  -34.028 0.1428571492
107150  -25.814  12.905  -33.435 0.1428571492
96984  -32.972  5.423  -32.529 0.1428571492
96983  -32.858  5.616  -32.895 0.1428571492
99638  -33.461  6.769  -32.579 0.1428571492
103243  -24.597  11.044  -36.916 0.2857142985
157135  -24.273  12.190  -36.482 0.2857142985
109711  -24.124  15.186  -36.670 0.2857142985
157141  -25.157  13.760  -36.503 0.2857142985
101969  -24.644  9.595  -36.440 0.2857142985
86162  -23.103  -2.183  -32.529 0.1428571492
103244  -26.372  10.393  -37.049 0.2857142985
103236  -24.970  9.981  -36.526 0.2857142985
101952  -23.646  8.824  -35.803 0.1428571492
94241  -22.791  2.247  -32.997 0.1428571492
95587  -22.416  3.652  -32.861 0.1428571492
94215  -22.326  2.796  -32.398 0.1428571492
92826  -22.533  1.997  -32.249 0.1428571492
99654  -21.531  6.864  -32.950 0.1428571492
99677  -21.824  6.849  -33.863 0.1428571492
92844  -23.703  0.947  -32.472 0.1428571492
100813  -22.080  7.489  -34.135 0.1428571492
156888  -23.265  -0.371  -32.471 0.1428571492
103220  -22.787  10.765  -35.984 0.2857142985
103222  -23.477  9.418  -36.383 0.2857142985
101935  -23.524  9.299  -35.926 0.2857142985
108488  -22.650  14.789  -37.682 0.2857142985
157155  -23.107  12.820  -37.431 0.2857142985
109691  -20.934  14.471  -35.779 0.1428571492
109722  -22.965  15.186  -37.167 0.2857142985
103234  -23.552  10.880  -36.551 0.2857142985
157132  -25.007  10.390  -36.980 0.2857142985
103242  -23.607  11.009  -37.156 0.2857142985
104525  -22.805  11.835  -37.305 0.2857142985
104526  -23.256  11.390  -37.212 0.2857142985
105825  -20.416  12.113  -36.077 0.1428571492
104545  -23.257  11.897  -37.788 0.2857142985
108436  -24.644  13.994  -35.636 0.1428571492
108434  -23.386  13.927  -35.134 0.2857142985
110916  -29.771  16.263  -39.614 0.1428571492
108435  -24.124  14.003  -35.322 0.2857142985
101933  -21.938  10.354  -35.048 0.1428571492
75233  -21.776  -10.251  -24.945 0.1428571492
75245  -22.809  -9.680  -25.823 0.1428571492
77821  -21.524  -8.681  -24.776 0.1428571492
77829  -21.796  -8.510  -25.537 0.1428571492
77830  -22.280  -8.456  -26.163 0.1428571492
76574  -22.263  -9.157  -25.853 0.1428571492
79121  -22.265  -7.862  -26.369 0.1428571492
76575  -23.022  -9.076  -26.481 0.1428571492
76576  -24.068  -9.300  -26.585 0.1428571492
79133  -22.497  -7.515  -26.882 0.1428571492
77843  -23.256  -8.145  -27.008 0.1428571492
77844  -24.127  -8.016  -27.355 0.1428571492
79132  -21.939  -7.275  -26.402 0.1428571492
79134  -23.253  -7.452  -27.472 0.1428571492
79157  -24.224  -7.376  -28.043 0.1428571492
83455  -24.349  -4.657  -29.488 0.1428571492
84813  -24.859  -3.920  -29.942 0.1428571492
76577  -25.012  -9.595  -26.700 0.1428571492
75227  -21.617  -10.471  -24.140 0.1428571492
76568  -21.754  -9.370  -25.219 0.1428571492
109672  -21.324  14.582  -35.619 0.1428571492
83503  -25.274  -3.629  -30.277 0.1428571492
75244  -22.134  -9.777  -25.548 0.1428571492
79112  -21.529  -7.761  -25.159 0.1428571492
77842  -22.753  -8.327  -26.631 0.1428571492
76588  -23.187  -8.600  -26.758 0.1428571492
76589  -23.711  -8.670  -26.831 0.1428571492
76560  -21.531  -9.777  -24.274 0.1428571492
62538  -23.478  -18.976  -19.663 0.1428571492
65184  -24.394  -17.226  -21.105 0.2857142985
68024  -25.671  -16.255  -20.751 0.4285714328
70858  -21.392  -13.300  -21.929 0.1428571492
70873  -21.958  -13.244  -22.725 0.1428571492
70905  -22.246  -12.329  -23.721 0.1428571492
72344  -21.806  -12.371  -23.000 0.1428571492
73919  -25.566  -10.821  -25.891 0.1428571492
76529  -33.551  -9.668  -22.026 0.1428571492
76561  -30.615  -9.370  -25.113 0.2857142985
76563  -31.791  -8.858  -24.104 0.1428571492
76596  -30.044  -9.122  -26.881 0.2857142985
77807  -33.035  -8.594  -23.383 0.1428571492
77808  -33.835  -8.248  -23.086 0.1428571492
77814  -31.561  -8.665  -24.901 0.2857142985
77852  -32.007  -8.359  -27.196 0.2857142985
79104  -32.680  -8.223  -24.484 0.1428571492
79135  -23.837  -7.538  -27.665 0.1428571492
79137  -28.017  -7.781  -27.741 0.7142857313
81950  -39.376  -4.856  -25.592 0.1428571492
81957  -37.156  -5.613  -26.546 0.1428571492
81969  -36.783  -5.317  -27.485 0.1428571492
81971  -38.074  -4.469  -26.785 0.1428571492
82029  -26.885  -5.003  -29.856 0.5714285970
83397  -39.032  -4.811  -26.168 0.1428571492
83415  -38.823  -4.291  -26.511 0.1428571492
83430  -36.259  -4.473  -27.705 0.1428571492
83445  -36.249  -4.914  -27.797 0.1428571492
84777  -38.713  -3.429  -26.431 0.1428571492
84778  -39.141  -3.484  -26.098 0.1428571492
84804  -36.420  -3.464  -27.756 0.1428571492
84825  -24.680  -3.393  -30.280 0.1428571492
84854  -32.566  -2.676  -31.078 0.4285714328
84869  -25.076  -1.840  -30.980 0.4285714328
84881  -25.454  -1.803  -31.317 0.5714285970
86081  -37.563  -2.490  -27.410 0.1428571492
86099  -37.163  -2.414  -27.824 0.1428571492
86126  -31.106  -2.903  -30.931 0.5714285970
86129  -33.755  -2.588  -30.334 0.1428571492
86142  -24.084  -2.237  -30.890 0.4285714328
86165  -26.037  -1.639  -31.454 0.5714285970
86179  -25.569  -1.692  -31.461 0.5714285970
86180  -25.888  -1.773  -31.789 0.5714285970
87354  -38.395  -1.153  -25.266 0.1428571492
87448  -26.174  -0.717  -31.590 0.7142857313
87449  -26.419  -0.824  -31.581 0.7142857313
87466  -25.485  -0.628  -31.629 0.5714285970
87471  -29.973  -0.728  -31.893 0.8571428657
87472  -31.695  -0.889  -31.646 0.5714285970
87486  -26.001  -1.706  -31.753 0.5714285970
88625  -39.455  -0.400  -22.412 0.1428571492
88702  -38.207  -0.729  -26.873 0.1428571492
88758  -26.345  -0.533  -31.641 0.7142857313
88761  -28.210  -0.274  -31.807 1.0000000000
88764  -32.648  -0.794  -31.647 0.4285714328
88773  -26.356  -0.221  -31.786 0.5714285970
88780  -32.468  -0.111  -32.106 0.4285714328
88788  -27.220  0.193  -32.503 0.7142857313
88804  -26.007  0.526  -35.905 0.8571428657
88805  -26.236  1.016  -35.647 0.8571428657
88806  -26.150  2.088  -35.123 0.8571428657
88808  -27.208  2.225  -34.981 0.8571428657
88815  -26.177  0.790  -36.046 0.8571428657
88817  -26.718  1.857  -35.457 0.8571428657
90109  -26.941  0.113  -32.464 0.7142857313
90110  -28.234  0.344  -32.534 0.8571428657
90124  -26.697  0.195  -33.094 0.7142857313
90125  -27.783  0.591  -33.227 0.8571428657
90146  -25.788  0.946  -35.798 0.8571428657
90148  -26.999  1.526  -34.663 1.0000000000
90159  -26.091  1.050  -36.152 0.8571428657
91451  -32.323  1.797  -32.615 0.4285714328
91486  -27.693  2.373  -35.187 1.0000000000
91487  -27.843  2.000  -35.182 1.0000000000
91497  -27.392  2.355  -35.092 0.8571428657
91512  -26.866  2.551  -36.499 0.8571428657
91523  -25.225  1.642  -36.766 0.8571428657
92832  -22.839  1.775  -32.456 0.1428571492
92833  -23.179  0.905  -32.193 0.1428571492
92834  -30.442  1.914  -33.888 0.5714285970
92842  -23.023  1.838  -32.688 0.1428571492
92845  -28.243  2.353  -34.878 1.0000000000
92849  -30.903  3.054  -34.078 0.7142857313
92858  -28.055  2.014  -35.047 1.0000000000
92873  -28.445  3.437  -35.994 0.8571428657
92888  -24.489  2.075  -37.332 0.5714285970
92889  -24.804  2.197  -37.261 0.5714285970
92890  -27.036  3.107  -36.457 0.8571428657
92891  -27.634  3.277  -35.927 0.8571428657
92892  -28.180  3.762  -36.010 0.8571428657
92906  -24.431  1.543  -37.179 0.4285714328
92907  -24.744  1.779  -37.256 0.5714285970
92909  -27.814  3.723  -36.200 0.8571428657
92910  -28.054  3.987  -36.126 0.8571428657
94229  -22.756  2.487  -32.996 0.1428571492
94242  -23.436  2.035  -33.120 0.2857142985
94246  -28.428  2.686  -35.032 1.0000000000
94248  -29.381  3.268  -34.618 0.7142857313
94255  -25.209  1.545  -33.740 0.4285714328
94256  -28.522  3.022  -35.325 1.0000000000
94258  -29.293  3.634  -35.393 0.7142857313
94265  -24.470  3.335  -36.346 0.2857142985
94268  -29.114  2.963  -36.136 0.8571428657
94270  -29.335  3.893  -35.926 0.8571428657
94281  -27.843  3.954  -36.225 0.8571428657
94282  -28.774  3.854  -36.234 0.8571428657
94296  -27.619  3.863  -36.289 0.8571428657
94297  -28.064  4.201  -36.270 0.8571428657
95604  -22.714  3.110  -33.292 0.1428571492
95610  -31.713  3.954  -33.922 0.5714285970
95620  -23.048  2.888  -33.604 0.1428571492
95625  -31.503  4.546  -34.549 0.5714285970
95632  -26.339  4.869  -35.255 1.0000000000
95643  -27.705  4.587  -35.711 1.0000000000
95645  -29.268  4.429  -36.024 0.8571428657
95651  -27.616  4.058  -36.035 0.8571428657
95653  -29.007  4.316  -36.260 0.8571428657
95655  -29.838  5.488  -36.473 0.8571428657
95660  -28.747  4.242  -36.216 1.0000000000
95661  -28.854  4.565  -36.427 0.8571428657
95662  -29.034  5.081  -36.576 0.8571428657
96937  -33.434  5.209  -31.491 0.1428571492
96962  -33.311  5.444  -31.918 0.1428571492
97004  -32.825  5.270  -33.010 0.2857142985
97023  -23.310  6.739  -34.806 0.2857142985
97026  -27.822  5.309  -35.558 1.0000000000
97037  -23.128  6.848  -34.950 0.2857142985
97038  -23.426  6.898  -34.987 0.2857142985
97039  -25.354  4.887  -35.241 0.7142857313
97040  -28.341  4.945  -35.738 1.0000000000
97041  -28.693  5.439  -35.762 1.0000000000
97042  -30.502  5.690  -36.438 0.8571428657
97048  -28.986  4.762  -35.920 1.0000000000
97050  -29.332  5.714  -36.464 0.8571428657
97057  -28.837  4.872  -36.440 1.0000000000
97058  -29.011  5.153  -36.388 0.8571428657
98385  -32.818  5.976  -33.080 0.1428571492
98386  -33.212  6.259  -32.552 0.1428571492
98410  -32.745  6.336  -33.627 0.1428571492
98416  -22.187  6.080  -33.959 0.1428571492
98429  -25.791  6.686  -36.126 0.5714285970
98431  -27.742  6.008  -35.590 0.8571428657
98432  -28.287  5.692  -35.612 0.8571428657
98440  -22.904  6.908  -34.974 0.2857142985
98441  -23.108  6.849  -35.115 0.2857142985
98453  -22.918  7.146  -35.134 0.2857142985
98454  -22.974  6.977  -35.135 0.2857142985
98455  -27.250  7.056  -37.045 1.0000000000
99664  -33.310  6.964  -33.178 0.1428571492
99678  -22.075  7.246  -34.300 0.1428571492
99679  -23.969  6.771  -34.933 0.2857142985
99685  -32.859  6.943  -33.979 0.4285714328
99706  -23.215  7.295  -35.196 0.2857142985
99708  -25.552  7.405  -36.439 0.4285714328
99710  -27.372  7.752  -36.573 0.7142857313
99712  -31.716  7.277  -36.596 0.7142857313
99719  -27.098  7.240  -36.820 0.8571428657
99721  -28.463  7.629  -37.301 0.8571428657
99740  -30.011  8.875  -38.826 0.8571428657
100832  -23.056  8.050  -35.489 0.2857142985
100849  -26.942  8.301  -36.547 0.5714285970
100850  -27.785  8.333  -36.557 0.4285714328
100863  -28.815  8.667  -37.731 0.8571428657
100877  -30.320  8.860  -38.889 0.8571428657
100887  -29.646  9.250  -38.944 0.7142857313
100889  -30.624  9.203  -39.537 0.7142857313
100895  -30.077  9.447  -40.725 0.8571428657
100896  -30.446  9.463  -40.319 0.7142857313
100900  -30.142  9.543  -41.073 0.8571428657
100901  -30.241  9.619  -40.875 0.8571428657
101936  -23.541  9.249  -36.335 0.2857142985
101971  -26.566  9.006  -36.758 0.4285714328
101973  -28.083  8.768  -36.696 0.4285714328
101989  -25.653  10.169  -36.785 0.2857142985
101990  -26.442  9.806  -36.850 0.4285714328
101992  -28.266  9.326  -37.202 0.4285714328
102026  -29.424  9.403  -38.762 0.8571428657
102027  -29.452  9.740  -39.381 0.8571428657
102028  -30.961  10.027  -39.909 0.7142857313
102044  -30.309  9.907  -40.819 0.7142857313
102045  -30.687  9.801  -40.331 0.7142857313
102058  -29.958  9.692  -41.162 0.8571428657
102059  -30.162  9.780  -41.084 0.8571428657
103208  -23.234  9.442  -36.465 0.2857142985
103209  -23.288  9.258  -36.298 0.2857142985
103232  -20.938  10.778  -36.030 0.2857142985
103233  -22.908  11.149  -36.127 0.2857142985
103235  -24.170  10.019  -36.570 0.2857142985
103245  -27.281  10.351  -37.188 0.2857142985
103255  -28.959  10.194  -38.593 0.5714285970
103266  -28.542  10.850  -38.844 0.8571428657
103267  -29.060  10.512  -39.213 0.8571428657
103268  -30.009  11.084  -40.428 0.8571428657
103281  -29.967  10.450  -40.854 0.8571428657
103295  -29.818  10.037  -41.004 0.8571428657
103296  -30.051  9.987  -41.167 0.7142857313
104499  -21.411  10.936  -36.249 0.2857142985
104528  -26.704  10.878  -37.150 0.5714285970
104529  -27.244  11.193  -37.233 0.5714285970
104546  -23.747  11.563  -36.695 0.2857142985
104547  -27.333  10.849  -37.299 0.5714285970
104565  -28.240  11.152  -38.361 0.7142857313
104567  -29.551  11.119  -40.055 0.8571428657
104580  -29.705  10.826  -40.416 0.8571428657
105827  -22.416  12.637  -36.792 0.2857142985
105845  -25.968  11.249  -37.435 0.5714285970
105847  -31.557  12.257  -38.515 0.4285714328
105849  -34.458  12.406  -37.558 0.1428571492
105868  -34.186  12.783  -38.009 0.1428571492
105880  -31.160  12.387  -39.701 0.2857142985
105891  -30.932  12.448  -40.412 0.2857142985
107147  -23.565  13.510  -34.182 0.1428571492
107182  -21.183  13.321  -36.146 0.2857142985
107198  -21.835  14.001  -36.757 0.2857142985
107210  -22.997  13.749  -38.023 0.2857142985
107221  -31.900  13.118  -39.231 0.2857142985
107222  -33.020  13.601  -38.981 0.1428571492
107229  -30.626  12.775  -40.810 0.2857142985
107243  -30.708  13.862  -41.855 0.2857142985
108432  -21.235  13.794  -35.344 0.1428571492
108454  -20.326  14.162  -35.425 0.1428571492
108455  -20.985  14.555  -35.573 0.1428571492
108456  -22.560  14.972  -36.277 0.2857142985
108457  -22.752  14.941  -36.392 0.2857142985
108473  -20.570  14.080  -35.999 0.1428571492
108475  -22.608  15.101  -36.496 0.2857142985
108476  -22.911  15.056  -36.544 0.2857142985
108477  -24.946  14.148  -36.359 0.1428571492
108487  -21.822  14.701  -37.281 0.2857142985
108497  -23.607  14.493  -37.705 0.2857142985
108532  -28.979  15.169  -42.662 0.2857142985
108541  -29.327  14.591  -42.662 0.2857142985
109673  -21.893  14.412  -35.735 0.2857142985
109674  -22.838  14.209  -35.837 0.2857142985
109675  -23.764  14.351  -35.767 0.2857142985
109676  -24.275  14.554  -35.726 0.2857142985
109692  -21.398  14.936  -35.942 0.1428571492
109694  -23.142  14.607  -36.397 0.2857142985
109707  -21.266  14.626  -36.129 0.1428571492
109709  -22.558  15.205  -36.770 0.2857142985
109710  -23.350  15.150  -36.700 0.2857142985
109712  -24.548  14.785  -36.720 0.2857142985
109721  -22.241  15.170  -37.257 0.2857142985
109723  -23.667  15.261  -37.062 0.2857142985
109724  -24.240  14.979  -37.243 0.2857142985
109725  -24.720  14.434  -36.872 0.2857142985
109737  -29.908  15.504  -39.780 0.1428571492
109743  -29.381  16.384  -40.680 0.1428571492
109752  -29.258  16.223  -40.766 0.1428571492
109763  -29.063  15.411  -42.787 0.2857142985
109764  -30.485  15.123  -42.618 0.1428571492
109772  -28.911  16.152  -43.128 0.2857142985
109773  -29.300  15.638  -42.921 0.2857142985
112049  -28.750  17.689  -44.437 0.1428571492
113139  -28.768  17.996  -46.317 0.1428571492
115292  -27.473  19.721  -45.702 0.1428571492
115293  -27.760  20.148  -46.031 0.1428571492
156855  -22.903  -1.558  -33.764 0.1428571492
156856  -23.326  -1.293  -33.734 0.1428571492
156857  -23.022  -1.579  -33.517 0.1428571492
156858  -22.991  -1.636  -33.124 0.1428571492
156860  -23.355  -1.013  -33.299 0.1428571492
156861  -23.615  -1.016  -33.222 0.1428571492
156865  -24.049  -0.208  -32.449 0.2857142985
156867  -25.640  0.229  -32.683 0.5714285970
156871  -23.279  -1.390  -34.054 0.1428571492
156877  -25.350  1.408  -35.903 0.4285714328
156879  -26.037  0.301  -32.963 0.5714285970
156880  -24.406  0.628  -32.793 0.2857142985
156881  -22.739  -0.355  -32.283 0.1428571492
156882  -25.047  2.388  -34.836 0.4285714328
156883  -25.745  1.365  -36.230 0.8571428657
156884  -25.374  1.403  -36.253 0.8571428657
156885  -25.568  1.961  -36.837 0.5714285970
156886  -24.195  1.856  -36.960 0.4285714328
156890  -25.481  2.010  -34.234 0.4285714328
156893  -26.295  1.617  -34.452 0.5714285970
156898  -24.168  2.489  -34.081 0.2857142985
156899  -25.852  1.807  -34.165 0.4285714328
156900  -24.090  0.616  -32.603 0.1428571492
156908  -24.504  6.407  -35.302 0.2857142985
156911  -24.164  6.467  -34.974 0.2857142985
156914  -22.806  7.353  -35.108 0.2857142985
156915  -22.545  7.051  -34.797 0.2857142985
156916  -27.156  2.367  -35.184 1.0000000000
156917  -26.932  2.266  -35.177 0.8571428657
156918  -26.784  2.059  -35.590 1.0000000000
157133  -25.170  11.481  -37.114 0.2857142985
157137  -26.911  11.999  -37.165 0.5714285970
157162  -29.989  12.221  -39.938 0.2857142985
157163  -29.762  12.227  -41.714 0.2857142985
157170  -30.374  12.246  -40.321 0.2857142985
157176  -30.349  12.520  -41.465 0.2857142985
157183  -30.913  11.914  -37.702 0.4285714328
157184  -30.822  12.031  -37.944 0.5714285970
157191  -29.549  13.784  -42.529 0.2857142985
157192  -30.203  12.222  -41.770 0.2857142985
157193  -29.885  11.939  -42.129 0.2857142985
157198  -29.503  14.707  -41.069 0.2857142985
157199  -28.960  15.675  -41.177 0.1428571492
157200  -29.103  13.779  -42.373 0.2857142985
157201  -28.810  15.762  -42.846 0.2857142985
157204  -29.606  15.134  -40.519 0.1428571492
157209  -28.890  15.893  -41.190 0.1428571492
157211  -28.608  17.140  -41.900 0.1428571492
157212  -29.748  14.666  -40.725 0.1428571492
157222  -28.203  17.398  -42.836 0.2857142985
