#!ascii label  , from subject S2_Demo vox2ras=TkReg
1054
121139  39.110  32.562  6.282 0.0000000000
120135  48.227  31.384  -0.717 0.0000000000
122325  48.207  34.146  -5.292 0.0000000000
116882  51.352  28.600  -11.462 0.0000000000
115442  41.159  27.488  3.477 0.0000000000
125262  48.029  36.420  0.245 0.0000000000
116809  49.468  28.841  -7.670 0.0000000000
116839  35.576  28.880  -9.486 0.0000000000
127317  48.834  38.895  4.904 0.0000000000
123224  43.599  34.445  3.565 0.0000000000
114174  46.772  26.139  1.078 0.0000000000
120215  41.457  31.392  -6.621 0.0000000000
121349  43.085  32.141  -12.550 0.0000000000
122300  50.716  33.833  -3.114 0.0000000000
122369  49.012  34.002  -9.614 0.0000000000
119158  34.589  30.771  -10.399 0.0000000000
124157  43.242  35.698  7.482 0.0000000000
122216  41.087  33.821  4.946 0.0000000000
115465  43.711  27.401  1.458 0.0000000000
122293  45.904  33.184  -2.974 0.0000000000
120166  43.042  31.637  -3.665 0.0000000000
121287  45.591  32.386  -6.035 0.0000000000
120256  43.094  31.584  -9.407 0.0000000000
122360  46.500  33.437  -9.049 0.0000000000
124219  47.940  35.324  1.642 0.0000000000
124216  50.441  36.239  0.753 0.0000000000
121200  49.359  32.730  -1.338 0.0000000000
118017  51.681  29.681  -10.576 0.0000000000
119132  49.028  30.844  -9.775 0.0000000000
120284  49.546  31.308  -11.043 0.0000000000
120286  47.776  31.693  -11.316 0.0000000000
116864  48.392  28.578  -10.992 0.0000000000
114308  47.406  26.160  -7.480 0.0000000000
116640  37.075  28.765  5.059 0.0000000000
119020  39.697  30.394  3.161 0.0000000000
124266  48.789  35.577  -1.755 0.0000000000
115521  48.734  27.447  -2.485 0.0000000000
117970  47.674  29.542  -4.365 0.0000000000
115576  50.485  27.780  -5.853 0.0000000000
116806  53.228  28.453  -8.101 0.0000000000
129225  46.585  40.867  4.162 0.0000000000
127292  45.116  38.465  7.452 0.0000000000
125212  45.325  36.736  4.846 0.0000000000
121185  46.278  32.730  1.007 0.0000000000
119017  41.726  30.968  2.275 0.0000000000
119036  44.064  30.335  0.899 0.0000000000
116705  47.348  28.793  -0.558 0.0000000000
112955  49.649  25.176  -0.385 0.0000000000
115397  34.400  27.911  6.913 0.0000000000
120171  38.394  31.736  -4.021 0.0000000000
119112  36.679  30.910  -7.611 0.0000000000
119134  38.913  30.560  -10.123 0.0000000000
119187  38.673  30.118  -12.971 0.0000000000
118061  41.463  29.640  -11.811 0.0000000000
128340  50.640  39.593  2.170 0.0000000000
125272  52.490  37.056  -1.073 0.0000000000
124299  51.755  35.941  -4.482 0.0000000000
120209  48.230  31.651  -5.770 0.0000000000
122337  49.962  33.857  -6.550 0.0000000000
124334  49.724  35.285  -7.708 0.0000000000
122381  47.524  33.972  -10.852 0.0000000000
119167  44.931  31.291  -11.735 0.0000000000
120262  33.889  31.563  -10.159 0.0000000000
121329  34.353  32.431  -10.413 0.0000000000
122187  41.065  33.990  7.121 0.0000000000
122207  40.302  33.426  5.947 0.0000000000
122302  47.392  33.866  -3.413 0.0000000000
121262  46.116  32.800  -4.642 0.0000000000
122327  46.953  33.225  -6.126 0.0000000000
121296  46.274  32.858  -7.626 0.0000000000
122338  47.608  33.811  -6.738 0.0000000000
121191  47.759  32.380  0.265 0.0000000000
122242  49.157  33.810  0.165 0.0000000000
121201  48.806  32.277  -0.783 0.0000000000
118032  52.148  29.128  -11.392 0.0000000000
118034  50.981  30.132  -10.848 0.0000000000
119144  50.942  29.839  -11.390 0.0000000000
118055  49.825  29.564  -11.501 0.0000000000
116884  49.964  28.747  -11.397 0.0000000000
115629  49.095  27.546  -10.767 0.0000000000
115627  51.159  27.343  -10.873 0.0000000000
115436  37.996  28.150  4.593 0.0000000000
123281  47.344  34.725  -1.517 0.0000000000
125277  48.285  35.968  -0.586 0.0000000000
114245  49.960  26.656  -3.366 0.0000000000
115549  48.996  27.642  -4.405 0.0000000000
115547  50.751  27.151  -4.683 0.0000000000
116784  53.695  28.198  -7.454 0.0000000000
116804  54.643  27.940  -8.330 0.0000000000
116845  53.613  28.448  -10.016 0.0000000000
124187  43.582  35.665  4.795 0.0000000000
125206  44.595  36.678  6.236 0.0000000000
124186  44.488  35.887  4.356 0.0000000000
124206  45.950  35.195  2.774 0.0000000000
123232  45.033  34.145  2.816 0.0000000000
116668  40.270  29.073  3.105 0.0000000000
119018  41.133  30.471  2.459 0.0000000000
117909  41.616  29.421  2.067 0.0000000000
114177  44.871  26.735  1.703 0.0000000000
116694  44.039  28.319  0.619 0.0000000000
115480  45.610  27.469  0.660 0.0000000000
119053  45.687  29.793  0.110 0.0000000000
115478  46.810  27.162  0.192 0.0000000000
114205  48.243  26.612  -0.478 0.0000000000
112940  48.335  25.653  0.397 0.0000000000
112922  52.231  25.378  1.526 0.0000000000
120196  42.605  31.462  -5.503 0.0000000000
120169  40.082  31.554  -3.762 0.0000000000
120199  39.623  31.446  -5.745 0.0000000000
120201  37.594  31.454  -5.691 0.0000000000
120217  39.343  31.145  -6.757 0.0000000000
119122  37.834  30.570  -8.915 0.0000000000
120233  40.153  30.935  -8.073 0.0000000000
121327  43.757  32.053  -10.656 0.0000000000
120275  41.446  31.563  -11.183 0.0000000000
120305  40.520  31.009  -13.237 0.0000000000
118063  39.288  29.352  -12.251 0.0000000000
119194  41.280  30.873  -13.427 0.0000000000
129207  47.855  40.076  5.257 0.0000000000
129240  48.554  40.654  3.521 0.0000000000
128307  50.154  39.819  3.591 0.0000000000
123266  50.677  34.643  -0.796 0.0000000000
124232  51.587  36.495  -0.130 0.0000000000
123265  51.528  35.364  -1.223 0.0000000000
124275  52.441  36.577  -2.094 0.0000000000
123290  51.751  35.293  -3.124 0.0000000000
117976  48.111  29.000  -6.028 0.0000000000
120192  47.867  31.072  -5.012 0.0000000000
119108  47.781  30.391  -6.783 0.0000000000
121304  48.784  32.856  -9.034 0.0000000000
121295  48.839  32.854  -7.773 0.0000000000
122348  49.403  33.700  -8.040 0.0000000000
122346  50.394  34.567  -6.880 0.0000000000
123354  49.413  34.858  -8.788 0.0000000000
123366  47.979  34.693  -9.412 0.0000000000
123375  48.352  34.446  -10.192 0.0000000000
119148  47.148  30.682  -10.945 0.0000000000
120287  46.691  32.011  -11.415 0.0000000000
119150  45.381  30.691  -11.160 0.0000000000
118058  44.205  30.100  -11.449 0.0000000000
126332  47.639  37.590  1.569 0.0000000000
118028  33.756  30.085  -9.098 0.0000000000
118026  35.026  29.456  -10.441 0.0000000000
125188  42.832  36.072  8.165 0.0000000000
123174  42.070  34.907  7.684 0.0000000000
123208  41.973  34.796  5.811 0.0000000000
123216  42.298  34.524  4.573 0.0000000000
115451  42.420  27.381  2.517 0.0000000000
121249  45.452  32.666  -3.497 0.0000000000
120194  44.613  31.882  -5.195 0.0000000000
120213  43.413  31.490  -6.320 0.0000000000
120246  42.256  31.431  -8.590 0.0000000000
120244  44.098  31.663  -8.144 0.0000000000
121315  44.761  32.209  -8.960 0.0000000000
121325  45.264  32.952  -10.248 0.0000000000
125219  48.324  37.343  3.393 0.0000000000
126312  50.167  37.655  2.599 0.0000000000
124218  48.816  35.823  1.448 0.0000000000
123267  50.091  34.271  -0.347 0.0000000000
122278  49.886  33.279  -1.637 0.0000000000
118003  50.656  29.446  -9.367 0.0000000000
118005  48.918  29.933  -8.974 0.0000000000
118019  50.130  30.007  -10.048 0.0000000000
119147  49.474  31.063  -10.541 0.0000000000
121324  48.623  32.837  -10.975 0.0000000000
121335  48.163  32.727  -11.335 0.0000000000
120285  48.818  31.743  -11.159 0.0000000000
118057  48.071  30.071  -11.164 0.0000000000
116865  47.487  28.660  -10.574 0.0000000000
114326  48.753  26.466  -8.661 0.0000000000
118995  37.662  30.945  5.385 0.0000000000
121164  39.297  32.177  4.321 0.0000000000
117887  38.111  29.614  4.408 0.0000000000
116649  38.982  28.469  3.955 0.0000000000
115433  39.960  27.476  4.146 0.0000000000
122279  46.421  33.941  -1.899 0.0000000000
122291  47.346  34.082  -2.840 0.0000000000
123304  48.573  34.635  -3.414 0.0000000000
116717  48.040  28.916  -1.562 0.0000000000
119069  48.472  30.510  -2.217 0.0000000000
116743  47.881  29.023  -3.599 0.0000000000
116769  48.703  28.351  -5.516 0.0000000000
116788  50.187  28.280  -6.471 0.0000000000
115560  51.687  27.353  -5.531 0.0000000000
116787  51.382  28.243  -6.771 0.0000000000
116808  50.744  28.596  -7.644 0.0000000000
116827  52.684  28.955  -9.228 0.0000000000
116846  52.918  28.859  -10.447 0.0000000000
116863  52.616  28.484  -11.113 0.0000000000
115607  52.518  26.977  -10.683 0.0000000000
128275  45.878  39.773  5.709 0.0000000000
128255  46.855  38.856  6.842 0.0000000000
126253  44.125  36.915  8.688 0.0000000000
126261  46.054  37.712  7.434 0.0000000000
126285  47.505  38.027  5.423 0.0000000000
125230  46.664  36.104  3.083 0.0000000000
123238  46.877  34.230  1.710 0.0000000000
120123  47.180  31.900  0.272 0.0000000000
121173  40.513  32.375  3.380 0.0000000000
121172  41.420  32.758  3.139 0.0000000000
121181  42.620  32.476  2.540 0.0000000000
117908  42.312  29.446  1.677 0.0000000000
119025  43.065  30.356  1.461 0.0000000000
121188  43.995  32.156  1.732 0.0000000000
120114  44.941  32.041  1.085 0.0000000000
119052  46.269  30.324  -0.084 0.0000000000
119062  47.832  29.950  -0.720 0.0000000000
115506  48.273  27.740  -1.302 0.0000000000
114219  49.317  26.300  -1.658 0.0000000000
112983  50.949  25.598  -2.130 0.0000000000
111729  50.446  24.712  1.525 0.0000000000
112953  51.461  24.979  -0.283 0.0000000000
117879  36.267  29.584  5.551 0.0000000000
115408  35.485  28.024  6.112 0.0000000000
114074  34.434  26.728  8.072 0.0000000000
121240  38.403  32.440  -2.459 0.0000000000
122329  35.769  33.100  -5.544 0.0000000000
119137  36.162  30.481  -9.622 0.0000000000
119156  36.366  30.313  -10.616 0.0000000000
118067  36.224  29.693  -11.346 0.0000000000
120248  40.567  30.948  -9.526 0.0000000000
119153  39.079  30.583  -11.195 0.0000000000
116887  37.252  29.021  -11.747 0.0000000000
127360  49.183  38.521  1.390 0.0000000000
126329  51.413  37.962  1.633 0.0000000000
127372  51.913  38.438  0.953 0.0000000000
126359  50.367  37.742  -0.092 0.0000000000
125289  51.251  37.215  -1.706 0.0000000000
125302  50.721  36.439  -2.823 0.0000000000
124300  50.454  36.045  -4.347 0.0000000000
120163  48.736  31.398  -2.924 0.0000000000
121247  48.981  32.142  -3.446 0.0000000000
122301  50.045  33.365  -3.559 0.0000000000
120226  48.114  31.417  -6.893 0.0000000000
121272  49.297  33.138  -6.005 0.0000000000
122311  50.748  33.962  -4.129 0.0000000000
123312  51.317  34.669  -4.668 0.0000000000
123322  51.181  35.512  -5.739 0.0000000000
124313  49.374  35.439  -6.622 0.0000000000
123356  48.108  34.625  -8.408 0.0000000000
122371  46.231  33.478  -10.076 0.0000000000
122395  45.262  33.088  -11.498 0.0000000000
121336  47.324  32.749  -11.513 0.0000000000
121337  46.308  32.745  -11.659 0.0000000000
121347  44.608  32.334  -12.126 0.0000000000
119169  42.993  30.401  -12.445 0.0000000000
113048  45.658  25.274  -6.353 0.0000000000
121317  33.992  32.608  -10.138 0.0000000000
122386  34.713  32.937  -10.331 0.0000000000
122189  39.836  33.013  6.708 0.0000000000
122208  39.657  32.859  5.721 0.0000000000
122314  47.769  33.810  -4.527 0.0000000000
122315  46.915  33.222  -5.055 0.0000000000
122326  47.734  33.769  -5.678 0.0000000000
121202  48.182  31.979  -0.291 0.0000000000
121190  48.431  32.554  -0.156 0.0000000000
118052  51.703  29.118  -11.500 0.0000000000
118033  51.498  29.655  -11.205 0.0000000000
118053  51.093  29.331  -11.468 0.0000000000
118054  50.485  29.368  -11.482 0.0000000000
116883  50.631  28.669  -11.427 0.0000000000
115643  50.837  27.960  -11.238 0.0000000000
125263  47.124  36.098  0.443 0.0000000000
124236  47.246  35.706  0.072 0.0000000000
124253  46.743  35.218  -0.303 0.0000000000
114230  51.029  25.925  -2.780 0.0000000000
114259  50.277  26.708  -3.749 0.0000000000
114257  51.540  26.521  -4.256 0.0000000000
115583  54.815  27.833  -7.573 0.0000000000
115594  55.119  27.709  -8.628 0.0000000000
115605  55.069  27.558  -9.537 0.0000000000
116854  36.521  28.712  -10.366 0.0000000000
123215  43.139  34.932  4.231 0.0000000000
124198  43.965  35.183  3.881 0.0000000000
123223  44.396  34.505  3.210 0.0000000000
116656  40.803  28.203  3.182 0.0000000000
116667  40.775  28.900  2.957 0.0000000000
116666  41.345  28.481  2.628 0.0000000000
114175  46.225  26.285  1.397 0.0000000000
115463  45.055  27.155  1.100 0.0000000000
114192  46.023  26.867  0.840 0.0000000000
115479  46.339  27.467  0.374 0.0000000000
114191  46.542  26.692  0.674 0.0000000000
114190  47.213  26.484  0.405 0.0000000000
112941  47.714  25.824  0.701 0.0000000000
120197  41.623  31.461  -5.615 0.0000000000
120182  40.847  31.497  -4.722 0.0000000000
120198  40.631  31.492  -5.702 0.0000000000
120216  40.427  31.293  -6.750 0.0000000000
120234  38.998  30.819  -7.607 0.0000000000
121340  43.579  32.187  -11.515 0.0000000000
120291  42.120  31.902  -11.698 0.0000000000
121350  42.299  32.028  -12.734 0.0000000000
120315  40.972  31.010  -13.453 0.0000000000
129206  48.482  39.820  5.342 0.0000000000
129223  48.951  40.387  4.606 0.0000000000
127316  49.516  39.169  4.540 0.0000000000
123279  51.043  34.521  -1.661 0.0000000000
123291  51.245  34.480  -2.631 0.0000000000
123278  51.691  35.269  -2.139 0.0000000000
116810  48.776  28.908  -7.264 0.0000000000
117984  47.912  29.599  -6.357 0.0000000000
117991  48.548  29.571  -7.860 0.0000000000
121313  48.714  32.939  -10.134 0.0000000000
122358  49.223  33.703  -8.708 0.0000000000
122357  49.491  34.342  -8.397 0.0000000000
123365  48.614  34.656  -9.583 0.0000000000
122380  48.387  33.953  -10.602 0.0000000000
118038  46.045  29.746  -10.264 0.0000000000
119149  46.477  30.629  -10.740 0.0000000000
118039  45.113  29.581  -10.621 0.0000000000
120261  34.278  31.215  -10.377 0.0000000000
119140  33.733  30.763  -9.542 0.0000000000
118027  34.278  30.049  -9.996 0.0000000000
118048  34.859  30.129  -10.718 0.0000000000
124159  41.989  35.246  7.854 0.0000000000
123175  41.313  34.541  7.394 0.0000000000
123209  41.402  34.278  5.779 0.0000000000
123194  41.454  34.395  6.651 0.0000000000
123217  41.655  34.375  5.097 0.0000000000
122215  41.753  34.139  4.511 0.0000000000
121233  45.160  32.779  -2.610 0.0000000000
121274  46.241  32.741  -5.596 0.0000000000
121275  45.444  32.411  -5.141 0.0000000000
120193  45.163  32.167  -5.633 0.0000000000
120212  44.301  31.652  -6.144 0.0000000000
120228  44.808  31.801  -6.737 0.0000000000
120229  44.249  31.670  -7.104 0.0000000000
121298  44.883  31.844  -7.202 0.0000000000
121305  46.315  33.099  -8.313 0.0000000000
121306  45.702  32.665  -8.499 0.0000000000
122361  45.867  33.126  -9.459 0.0000000000
121314  45.314  32.754  -9.618 0.0000000000
124203  48.273  36.098  1.934 0.0000000000
125245  48.772  36.398  1.979 0.0000000000
122261  49.488  33.466  -0.546 0.0000000000
123247  49.640  34.425  0.214 0.0000000000
122260  50.162  34.028  -0.693 0.0000000000
118002  51.656  29.462  -9.707 0.0000000000
118018  50.950  29.791  -10.238 0.0000000000
119145  50.690  30.217  -11.233 0.0000000000
119146  50.169  30.762  -10.842 0.0000000000
120268  49.069  31.780  -10.613 0.0000000000
118056  48.860  29.702  -11.359 0.0000000000
118036  48.003  29.355  -10.958 0.0000000000
115630  47.915  27.786  -10.371 0.0000000000
114344  50.189  26.720  -9.675 0.0000000000
114345  49.064  26.688  -9.828 0.0000000000
119005  37.296  30.060  5.089 0.0000000000
119004  37.857  30.489  4.910 0.0000000000
115435  38.590  27.984  4.421 0.0000000000
115434  39.341  27.875  4.170 0.0000000000
114138  39.474  27.207  4.662 0.0000000000
123280  47.959  34.913  -1.913 0.0000000000
123294  46.879  34.222  -1.944 0.0000000000
123293  47.474  34.393  -2.333 0.0000000000
123305  47.836  34.315  -3.037 0.0000000000
123292  48.285  34.792  -2.534 0.0000000000
116729  48.155  28.711  -2.588 0.0000000000
116742  48.345  28.349  -3.518 0.0000000000
115563  49.332  27.694  -4.922 0.0000000000
115562  49.909  27.708  -5.423 0.0000000000
116768  49.437  28.232  -6.006 0.0000000000
115559  52.653  27.211  -5.421 0.0000000000
116786  52.273  28.134  -6.798 0.0000000000
116807  52.090  28.569  -7.737 0.0000000000
116828  51.322  28.948  -8.703 0.0000000000
116861  54.065  27.826  -10.412 0.0000000000
116862  53.387  28.021  -10.690 0.0000000000
115625  53.012  27.338  -10.970 0.0000000000
127293  44.146  38.439  7.251 0.0000000000
128257  44.969  39.075  6.447 0.0000000000
128256  45.995  39.088  6.778 0.0000000000
127291  45.956  38.364  7.497 0.0000000000
125180  43.685  36.585  8.418 0.0000000000
125187  43.728  36.121  8.144 0.0000000000
125205  45.153  37.059  5.836 0.0000000000
126277  45.038  36.818  6.874 0.0000000000
126287  45.754  37.404  5.979 0.0000000000
126275  46.603  37.714  6.784 0.0000000000
126294  46.147  37.359  5.131 0.0000000000
126293  46.923  37.426  4.758 0.0000000000
125221  46.440  36.679  3.741 0.0000000000
122229  45.932  34.030  2.185 0.0000000000
123230  46.357  34.559  2.179 0.0000000000
122236  46.252  33.510  1.576 0.0000000000
122245  46.675  33.013  1.012 0.0000000000
120097  39.594  31.322  3.480 0.0000000000
121174  39.877  32.083  3.637 0.0000000000
120096  40.146  31.789  3.361 0.0000000000
120106  41.454  31.434  2.535 0.0000000000
121183  41.125  32.068  2.821 0.0000000000
121182  41.833  32.212  2.620 0.0000000000
121171  42.123  32.823  2.949 0.0000000000
120105  42.288  31.535  2.133 0.0000000000
115450  43.158  27.118  2.205 0.0000000000
116678  42.507  28.404  1.754 0.0000000000
115466  43.001  27.714  1.811 0.0000000000
117921  43.644  29.277  0.799 0.0000000000
119037  43.469  29.819  1.144 0.0000000000
119024  43.661  30.958  1.250 0.0000000000
120116  43.278  31.536  1.679 0.0000000000
120115  44.340  31.497  1.196 0.0000000000
121187  44.679  32.423  1.609 0.0000000000
120126  44.731  30.944  0.737 0.0000000000
117937  46.004  29.169  -0.043 0.0000000000
117936  46.855  29.444  -0.338 0.0000000000
120137  46.901  30.918  -0.174 0.0000000000
117935  47.501  29.607  -0.620 0.0000000000
117947  47.965  29.396  -0.909 0.0000000000
116718  47.846  28.367  -0.869 0.0000000000
112956  48.834  25.768  -0.463 0.0000000000
114220  48.810  26.633  -1.356 0.0000000000
112971  49.238  25.844  -1.096 0.0000000000
112984  50.230  25.768  -2.070 0.0000000000
112969  50.737  25.294  -1.347 0.0000000000
112924  51.036  24.927  1.883 0.0000000000
112937  52.308  25.257  0.529 0.0000000000
112936  53.035  25.595  0.466 0.0000000000
118997  36.041  30.162  5.946 0.0000000000
116631  34.546  28.772  6.492 0.0000000000
116630  35.242  28.783  6.156 0.0000000000
115409  34.911  28.198  6.443 0.0000000000
114102  35.476  27.210  6.506 0.0000000000
114089  34.686  27.085  7.053 0.0000000000
120170  39.209  31.598  -3.986 0.0000000000
121252  39.389  31.712  -3.403 0.0000000000
121253  38.713  31.922  -3.309 0.0000000000
122306  36.617  33.372  -3.431 0.0000000000
121255  36.665  32.798  -3.932 0.0000000000
122316  36.295  33.306  -4.395 0.0000000000
121266  36.701  32.428  -4.637 0.0000000000
120219  37.130  31.315  -6.514 0.0000000000
119113  35.826  31.110  -7.837 0.0000000000
119138  35.489  30.992  -9.456 0.0000000000
119124  36.014  30.717  -8.574 0.0000000000
119121  38.713  30.608  -9.124 0.0000000000
119136  37.076  30.335  -9.753 0.0000000000
119155  37.226  30.276  -10.717 0.0000000000
119175  36.603  30.070  -11.237 0.0000000000
120247  41.328  31.304  -8.928 0.0000000000
120257  42.237  31.481  -9.708 0.0000000000
119172  39.450  30.713  -12.329 0.0000000000
119152  39.960  31.030  -11.357 0.0000000000
119173  38.280  30.118  -11.930 0.0000000000
118065  37.395  29.529  -11.728 0.0000000000
116872  37.258  28.673  -11.091 0.0000000000
118064  38.414  29.577  -12.191 0.0000000000
118062  40.374  29.400  -11.988 0.0000000000
129255  49.163  40.514  3.057 0.0000000000
128325  48.729  40.175  2.686 0.0000000000
127342  49.455  39.556  2.039 0.0000000000
127359  50.357  39.377  1.713 0.0000000000
125244  49.596  36.820  1.931 0.0000000000
126330  50.641  37.519  1.983 0.0000000000
125243  50.756  36.977  1.255 0.0000000000
125273  52.125  37.213  -0.257 0.0000000000
126344  52.170  37.986  0.399 0.0000000000
127387  51.783  38.305  0.068 0.0000000000
126357  52.083  37.792  -0.522 0.0000000000
125274  51.138  37.543  -0.925 0.0000000000
126356  52.324  37.333  -1.405 0.0000000000
124288  52.092  36.061  -3.453 0.0000000000
125314  52.073  36.640  -2.952 0.0000000000
125315  51.599  36.362  -3.729 0.0000000000
125316  50.877  36.293  -3.830 0.0000000000
119079  48.057  30.169  -3.100 0.0000000000
120152  48.834  31.455  -2.131 0.0000000000
119078  48.374  30.803  -3.378 0.0000000000
120191  48.367  31.685  -4.819 0.0000000000
120176  48.523  31.491  -3.897 0.0000000000
121261  48.836  32.283  -4.416 0.0000000000
121231  49.525  32.691  -3.029 0.0000000000
121246  49.436  32.826  -3.991 0.0000000000
119119  48.572  30.708  -8.673 0.0000000000
120243  48.490  31.690  -8.250 0.0000000000
121284  49.318  33.329  -7.006 0.0000000000
122312  49.992  33.543  -4.552 0.0000000000
122324  49.960  33.714  -5.559 0.0000000000
122323  50.696  34.185  -5.132 0.0000000000
122336  50.583  34.406  -6.085 0.0000000000
123343  50.290  35.022  -7.402 0.0000000000
123335  50.769  35.187  -6.440 0.0000000000
124333  50.294  35.403  -6.982 0.0000000000
124323  50.560  35.619  -6.205 0.0000000000
124324  49.917  35.639  -6.904 0.0000000000
123346  48.196  34.488  -7.375 0.0000000000
123345  48.669  35.192  -7.939 0.0000000000
122370  47.205  34.054  -9.986 0.0000000000
122382  46.588  33.653  -10.854 0.0000000000
122392  47.829  33.474  -11.312 0.0000000000
120288  45.559  31.868  -11.761 0.0000000000
121338  45.309  32.678  -11.866 0.0000000000
120300  44.907  32.134  -12.201 0.0000000000
119182  43.754  31.416  -12.531 0.0000000000
119168  44.161  30.850  -11.981 0.0000000000
118021  43.477  29.202  -9.701 0.0000000000
118042  43.013  29.574  -10.673 0.0000000000
114328  46.632  25.965  -8.408 0.0000000000
113059  46.819  25.866  -7.527 0.0000000000
120250  33.366  31.529  -8.928 0.0000000000
120279  34.132  31.960  -10.537 0.0000000000
120278  34.598  31.612  -10.419 0.0000000000
122164  41.053  34.121  7.378 0.0000000000
122188  40.519  33.565  6.931 0.0000000000
122303  46.588  33.294  -3.839 0.0000000000
121286  46.268  32.732  -6.600 0.0000000000
122339  46.888  33.334  -7.150 0.0000000000
122350  46.794  33.468  -8.113 0.0000000000
123249  48.094  34.035  0.763 0.0000000000
123236  48.399  34.807  1.077 0.0000000000
122243  48.517  33.311  0.241 0.0000000000
122262  48.789  32.912  -0.331 0.0000000000
121216  49.096  32.044  -1.685 0.0000000000
118016  52.358  29.375  -10.959 0.0000000000
119164  49.730  30.618  -11.355 0.0000000000
119163  50.473  29.960  -11.493 0.0000000000
116885  49.253  28.689  -11.349 0.0000000000
115645  49.553  28.187  -11.303 0.0000000000
115628  50.226  27.400  -10.879 0.0000000000
114361  50.587  26.966  -10.381 0.0000000000
115423  36.606  28.076  5.407 0.0000000000
115422  37.320  27.894  5.046 0.0000000000
123269  46.232  34.610  -0.652 0.0000000000
123268  46.901  34.851  -0.921 0.0000000000
124252  47.742  35.464  -0.784 0.0000000000
125291  49.207  36.007  -1.457 0.0000000000
115520  49.068  27.209  -3.024 0.0000000000
115534  48.767  27.649  -3.581 0.0000000000
115533  49.355  27.178  -3.516 0.0000000000
115548  49.905  27.217  -4.242 0.0000000000
115572  54.044  27.960  -6.615 0.0000000000
115584  54.152  28.075  -7.420 0.0000000000
116805  54.110  28.143  -8.119 0.0000000000
116826  53.776  28.380  -9.051 0.0000000000
116825  54.564  28.042  -8.954 0.0000000000
116844  54.402  28.033  -9.821 0.0000000000
127277  44.318  37.823  8.017 0.0000000000
124167  43.199  35.764  6.670 0.0000000000
125197  43.800  36.214  7.098 0.0000000000
125207  43.698  36.211  6.034 0.0000000000
125213  44.183  36.257  5.233 0.0000000000
124185  45.141  36.035  3.995 0.0000000000
125222  45.591  36.349  3.939 0.0000000000
124197  44.802  35.375  3.627 0.0000000000
123222  45.214  34.916  3.016 0.0000000000
122230  45.407  33.732  2.322 0.0000000000
117902  39.952  29.641  3.043 0.0000000000
119019  40.324  30.401  2.853 0.0000000000
117901  40.583  29.650  2.747 0.0000000000
119027  41.398  29.964  2.149 0.0000000000
114178  44.245  26.788  1.818 0.0000000000
115482  44.215  27.630  0.878 0.0000000000
115481  44.808  27.809  0.672 0.0000000000
117920  44.509  29.380  0.540 0.0000000000
117919  45.309  29.303  0.306 0.0000000000
116692  45.532  28.430  0.332 0.0000000000
116707  46.047  28.510  0.140 0.0000000000
116706  46.554  28.327  -0.117 0.0000000000
115493  47.900  27.334  -0.581 0.0000000000
114206  47.675  26.846  -0.206 0.0000000000
114189  47.845  26.285  0.171 0.0000000000
112939  49.179  25.139  0.472 0.0000000000
112904  51.857  25.441  2.067 0.0000000000
114172  53.443  26.299  1.510 0.0000000000
120180  42.809  31.509  -4.559 0.0000000000
120167  42.098  31.524  -3.769 0.0000000000
120181  41.834  31.480  -4.666 0.0000000000
120183  39.872  31.512  -4.775 0.0000000000
120184  38.913  31.518  -4.802 0.0000000000
120185  37.886  31.709  -4.704 0.0000000000
120200  38.582  31.371  -5.732 0.0000000000
120218  38.152  31.009  -6.821 0.0000000000
120235  38.371  30.784  -7.595 0.0000000000
119111  37.708  30.750  -7.833 0.0000000000
119110  38.509  30.685  -8.224 0.0000000000
119109  39.239  30.694  -8.416 0.0000000000
119120  39.620  30.658  -9.234 0.0000000000
120273  43.068  31.768  -10.515 0.0000000000
120274  42.182  31.653  -10.771 0.0000000000
120292  41.524  31.680  -12.207 0.0000000000
120294  39.979  30.814  -12.945 0.0000000000
118077  38.808  29.935  -13.451 0.0000000000
119197  39.256  30.135  -13.671 0.0000000000
118083  40.409  30.145  -13.134 0.0000000000
118074  41.003  29.964  -12.748 0.0000000000
129208  46.815  40.297  5.003 0.0000000000
129224  47.728  40.627  4.350 0.0000000000
129239  49.555  40.482  3.602 0.0000000000
128323  50.764  39.466  2.724 0.0000000000
123246  50.351  35.092  -0.130 0.0000000000
125259  50.913  36.586  0.742 0.0000000000
124250  51.188  35.635  -0.454 0.0000000000
124249  52.062  36.328  -0.827 0.0000000000
124263  52.490  36.686  -1.557 0.0000000000
124264  52.251  36.061  -1.642 0.0000000000
123301  51.698  35.348  -4.126 0.0000000000
117977  47.749  29.199  -5.391 0.0000000000
119087  47.856  30.482  -4.092 0.0000000000
119094  47.627  30.248  -5.139 0.0000000000
120210  47.735  30.923  -5.894 0.0000000000
120254  48.700  31.817  -9.453 0.0000000000
121294  49.355  33.504  -7.608 0.0000000000
122347  49.801  34.170  -7.539 0.0000000000
123344  49.715  34.900  -8.114 0.0000000000
124344  49.354  35.178  -8.547 0.0000000000
124335  49.138  35.397  -8.333 0.0000000000
124345  49.039  35.269  -9.036 0.0000000000
123376  48.024  34.566  -10.282 0.0000000000
120269  47.406  31.076  -11.139 0.0000000000
120270  46.944  31.243  -11.109 0.0000000000
120271  46.182  31.362  -11.104 0.0000000000
119151  44.641  30.155  -11.248 0.0000000000
116869  44.256  29.200  -10.332 0.0000000000
125246  47.625  36.946  0.952 0.0000000000
120251  32.945  31.095  -8.368 0.0000000000
118010  34.774  29.346  -9.638 0.0000000000
124158  42.654  35.463  7.743 0.0000000000
123193  42.178  34.850  7.087 0.0000000000
124168  42.788  35.363  7.149 0.0000000000
124188  42.726  35.264  5.180 0.0000000000
123225  42.937  34.206  3.886 0.0000000000
115452  41.717  27.673  2.785 0.0000000000
114149  42.425  26.694  3.601 0.0000000000
114161  42.993  26.750  2.847 0.0000000000
114160  43.727  26.614  2.488 0.0000000000
114159  44.585  26.433  2.461 0.0000000000
114158  45.346  26.287  2.305 0.0000000000
112910  46.263  25.859  2.288 0.0000000000
112928  46.693  25.844  1.681 0.0000000000
112926  48.116  25.450  1.418 0.0000000000
121234  44.377  32.540  -2.486 0.0000000000
120164  44.469  32.195  -3.721 0.0000000000
121248  45.931  32.830  -3.964 0.0000000000
121263  45.483  32.525  -4.286 0.0000000000
120178  44.445  32.032  -4.215 0.0000000000
120195  43.587  31.539  -5.355 0.0000000000
120214  42.447  31.415  -6.479 0.0000000000
120232  41.325  31.338  -7.728 0.0000000000
120230  43.297  31.460  -7.317 0.0000000000
120245  43.194  31.482  -8.362 0.0000000000
120255  43.952  31.785  -9.240 0.0000000000
121307  44.889  31.982  -7.841 0.0000000000
120272  43.719  31.879  -10.061 0.0000000000
121326  44.567  32.487  -10.437 0.0000000000
122384  44.940  33.053  -11.181 0.0000000000
126291  48.633  38.182  4.274 0.0000000000
127328  49.154  38.474  4.250 0.0000000000
126313  49.432  37.567  2.924 0.0000000000
124217  49.757  36.108  1.050 0.0000000000
123248  48.840  34.236  0.536 0.0000000000
124235  49.264  35.095  0.845 0.0000000000
124234  50.061  35.453  0.544 0.0000000000
122277  50.328  33.911  -1.212 0.0000000000
122289  50.572  33.825  -2.124 0.0000000000
116829  50.218  29.034  -8.468 0.0000000000
117990  49.189  29.386  -8.383 0.0000000000
118004  49.711  29.583  -9.019 0.0000000000
118020  49.456  30.176  -9.614 0.0000000000
118035  50.590  30.199  -10.592 0.0000000000
119131  49.618  30.559  -10.237 0.0000000000
122391  48.277  33.324  -11.142 0.0000000000
119165  48.571  30.811  -11.284 0.0000000000
119166  47.711  30.693  -11.125 0.0000000000
118037  47.190  29.814  -10.725 0.0000000000
115631  46.870  27.809  -10.201 0.0000000000
114327  47.697  26.284  -8.482 0.0000000000
115610  48.338  27.059  -10.101 0.0000000000
114346  47.988  26.586  -9.390 0.0000000000
120085  38.104  31.403  5.312 0.0000000000
121165  38.610  31.979  5.000 0.0000000000
120091  38.550  31.343  4.444 0.0000000000
119011  38.507  30.446  4.138 0.0000000000
119010  39.068  30.431  3.565 0.0000000000
116650  38.416  28.789  4.166 0.0000000000
116659  38.961  29.035  3.674 0.0000000000
117893  39.309  29.644  3.393 0.0000000000
116658  39.622  28.754  3.492 0.0000000000
116657  40.317  28.452  3.341 0.0000000000
115432  40.521  27.261  4.099 0.0000000000
122280  45.605  33.529  -1.698 0.0000000000
123282  46.450  34.298  -1.384 0.0000000000
122292  46.715  33.780  -2.602 0.0000000000
123315  48.035  34.177  -3.741 0.0000000000
123314  48.583  34.474  -4.401 0.0000000000
119061  48.227  30.420  -0.989 0.0000000000
117956  48.166  29.562  -2.196 0.0000000000
117957  47.991  29.549  -2.850 0.0000000000
117964  47.788  29.661  -3.524 0.0000000000
116755  48.460  28.241  -4.409 0.0000000000
116770  48.121  28.594  -4.955 0.0000000000
116789  49.095  28.542  -6.636 0.0000000000
115546  51.561  27.040  -4.942 0.0000000000
115561  50.893  27.477  -5.404 0.0000000000
115573  52.948  27.741  -6.283 0.0000000000
115574  51.975  27.648  -6.201 0.0000000000
115575  51.075  27.765  -6.057 0.0000000000
118001  52.333  29.378  -10.216 0.0000000000
115641  52.313  27.937  -11.271 0.0000000000
115626  52.073  27.404  -11.021 0.0000000000
115606  52.906  26.902  -10.796 0.0000000000
128274  46.910  39.569  5.973 0.0000000000
128273  47.735  39.296  5.973 0.0000000000
127308  47.839  38.694  5.788 0.0000000000
126265  43.450  37.109  8.406 0.0000000000
126264  44.422  37.269  8.467 0.0000000000
125196  44.652  36.644  7.529 0.0000000000
126263  44.982  37.301  8.327 0.0000000000
127275  45.665  37.836  7.817 0.0000000000
127290  46.617  38.114  7.363 0.0000000000
127289  47.255  38.201  6.683 0.0000000000
127318  47.983  38.490  5.166 0.0000000000
126303  47.429  37.311  4.104 0.0000000000
125220  47.664  37.030  3.439 0.0000000000
124204  47.608  35.879  2.249 0.0000000000
124195  46.254  35.884  3.079 0.0000000000
124205  46.722  35.576  2.570 0.0000000000
123237  47.535  34.365  1.337 0.0000000000
122244  47.326  33.371  0.876 0.0000000000
120136  47.492  31.429  -0.217 0.0000000000
122218  39.518  32.654  5.015 0.0000000000
122217  40.096  33.001  4.673 0.0000000000
122225  40.849  33.215  3.824 0.0000000000
120107  40.549  31.347  2.969 0.0000000000
122224  42.137  33.594  3.632 0.0000000000
122233  42.512  33.015  2.972 0.0000000000
122232  43.091  33.121  2.886 0.0000000000
116665  41.923  28.085  2.264 0.0000000000
116679  41.885  28.744  1.998 0.0000000000
119026  41.989  30.417  1.934 0.0000000000
117907  43.035  29.290  1.325 0.0000000000
120117  42.622  30.994  1.726 0.0000000000
120104  42.912  32.044  2.110 0.0000000000
121180  43.500  32.491  2.244 0.0000000000
122231  44.289  33.421  2.626 0.0000000000
122238  44.617  32.864  2.111 0.0000000000
122237  45.159  33.039  1.960 0.0000000000
121186  45.526  32.513  1.191 0.0000000000
119035  45.248  30.314  0.475 0.0000000000
119034  45.867  30.898  0.355 0.0000000000
121193  46.067  32.191  0.639 0.0000000000
120124  46.504  31.455  0.252 0.0000000000
119050  47.836  30.920  -0.630 0.0000000000
115507  47.875  27.773  -0.733 0.0000000000
114233  49.121  26.770  -1.977 0.0000000000
114232  49.534  26.564  -2.474 0.0000000000
114231  50.368  26.152  -2.700 0.0000000000
112982  51.787  25.509  -2.348 0.0000000000
112925  48.881  25.146  1.384 0.0000000000
111752  50.308  24.697  0.061 0.0000000000
112923  51.506  25.064  1.550 0.0000000000
111750  51.354  24.781  0.323 0.0000000000
112954  50.466  24.981  -0.586 0.0000000000
112968  51.635  25.267  -1.348 0.0000000000
120072  38.083  31.640  5.989 0.0000000000
120086  37.665  31.257  5.704 0.0000000000
118996  37.048  30.584  5.627 0.0000000000
117878  36.891  29.577  5.172 0.0000000000
117880  35.635  29.467  5.907 0.0000000000
116641  36.431  28.824  5.380 0.0000000000
115407  36.107  27.579  5.913 0.0000000000
115389  34.017  27.384  7.580 0.0000000000
114088  35.415  26.607  7.210 0.0000000000
123339  35.545  33.943  -6.761 0.0000000000
120202  36.702  31.797  -5.623 0.0000000000
121278  35.754  32.473  -6.123 0.0000000000
122351  35.412  33.286  -7.383 0.0000000000
120277  35.180  31.703  -10.156 0.0000000000
119157  35.378  30.645  -10.542 0.0000000000
119123  36.897  30.518  -8.685 0.0000000000
119176  35.987  30.127  -11.104 0.0000000000
118047  35.565  29.755  -11.074 0.0000000000
116855  35.769  29.034  -10.856 0.0000000000
120259  40.659  31.223  -10.670 0.0000000000
119133  39.843  30.744  -10.329 0.0000000000
119154  38.119  30.347  -10.942 0.0000000000
119174  37.328  30.039  -11.442 0.0000000000
116888  36.671  29.239  -11.602 0.0000000000
116873  36.501  28.859  -11.352 0.0000000000
118046  38.599  29.046  -11.660 0.0000000000
129241  47.333  40.643  3.643 0.0000000000
127343  48.111  38.918  2.124 0.0000000000
126331  48.434  37.767  1.291 0.0000000000
126347  48.892  37.545  0.716 0.0000000000
126300  50.002  38.174  3.249 0.0000000000
127340  51.026  38.863  2.808 0.0000000000
127358  51.260  38.871  1.830 0.0000000000
125242  51.476  37.572  1.157 0.0000000000
127357  51.730  38.359  1.325 0.0000000000
127373  51.301  38.586  0.702 0.0000000000
126346  49.819  37.796  0.361 0.0000000000
125261  49.317  37.065  -0.030 0.0000000000
125275  50.279  37.172  -0.707 0.0000000000
125276  48.988  36.292  -0.890 0.0000000000
125290  49.870  36.263  -1.810 0.0000000000
126370  52.312  37.282  -1.904 0.0000000000
125301  51.884  37.101  -2.559 0.0000000000
125303  50.139  36.197  -2.430 0.0000000000
124289  50.313  36.066  -3.424 0.0000000000
124290  49.626  35.495  -3.803 0.0000000000
123313  49.324  35.057  -4.678 0.0000000000
120145  48.636  31.336  -1.398 0.0000000000
119086  48.249  30.971  -3.944 0.0000000000
121232  49.114  32.052  -2.536 0.0000000000
121215  49.504  32.660  -2.121 0.0000000000
122290  50.038  33.256  -2.590 0.0000000000
119107  48.129  30.581  -7.628 0.0000000000
121285  48.690  32.473  -6.487 0.0000000000
121273  48.735  32.393  -5.413 0.0000000000
121260  49.354  32.976  -4.989 0.0000000000
123302  51.326  34.540  -3.652 0.0000000000
123323  51.195  34.866  -5.615 0.0000000000
123311  51.506  35.408  -5.042 0.0000000000
124310  51.376  35.929  -5.239 0.0000000000
123324  49.520  35.355  -5.318 0.0000000000
123325  48.850  34.834  -5.624 0.0000000000
123337  48.246  34.353  -6.345 0.0000000000
122349  47.508  33.952  -7.772 0.0000000000
122359  47.372  34.060  -8.823 0.0000000000
122383  45.529  33.268  -10.799 0.0000000000
121339  44.595  32.702  -11.676 0.0000000000
122393  46.948  33.404  -11.381 0.0000000000
122394  45.993  33.239  -11.460 0.0000000000
121348  43.940  32.173  -12.211 0.0000000000
120302  43.447  31.767  -12.683 0.0000000000
119184  41.882  30.643  -13.157 0.0000000000
118073  41.836  30.145  -12.432 0.0000000000
118059  43.610  29.902  -11.477 0.0000000000
118060  42.493  29.895  -11.786 0.0000000000
115608  51.697  27.031  -10.489 0.0000000000
114360  51.132  26.980  -10.429 0.0000000000
111728  51.011  24.700  1.299 0.0000000000
111739  51.231  24.698  0.783 0.0000000000
111740  50.648  24.631  0.716 0.0000000000
111741  49.940  24.700  0.609 0.0000000000
111751  50.930  24.656  0.132 0.0000000000
112906  50.706  25.020  2.370 0.0000000000
112909  47.016  25.610  2.339 0.0000000000
112911  45.801  26.039  2.418 0.0000000000
112927  47.295  25.710  1.381 0.0000000000
112938  51.723  24.958  0.728 0.0000000000
112970  49.821  25.607  -1.433 0.0000000000
113060  46.325  25.568  -7.709 0.0000000000
114103  34.968  27.633  6.588 0.0000000000
114157  45.834  26.208  1.958 0.0000000000
114173  52.821  25.878  1.900 0.0000000000
114176  45.538  26.655  1.377 0.0000000000
114244  50.626  26.375  -3.316 0.0000000000
114258  50.726  26.628  -3.969 0.0000000000
114309  46.768  25.858  -7.814 0.0000000000
114362  49.801  26.973  -10.356 0.0000000000
115421  38.030  27.483  4.987 0.0000000000
115424  36.083  28.238  5.695 0.0000000000
115441  41.879  27.181  3.244 0.0000000000
115443  40.446  27.792  3.637 0.0000000000
115444  39.930  28.042  3.722 0.0000000000
115464  44.472  27.214  1.229 0.0000000000
115494  47.275  27.599  -0.369 0.0000000000
115495  46.726  27.630  -0.010 0.0000000000
115545  52.086  27.032  -5.153 0.0000000000
115609  48.809  27.062  -10.239 0.0000000000
115642  51.654  27.937  -11.313 0.0000000000
115644  50.028  28.006  -11.292 0.0000000000
116642  35.799  28.806  5.712 0.0000000000
116651  37.708  28.771  4.622 0.0000000000
116677  43.271  28.383  1.222 0.0000000000
116691  46.036  28.060  0.302 0.0000000000
116693  44.844  28.652  0.438 0.0000000000
116730  47.917  29.224  -3.153 0.0000000000
116756  47.936  28.796  -4.386 0.0000000000
116785  53.039  28.243  -7.137 0.0000000000
116830  49.620  29.200  -8.361 0.0000000000
116849  44.169  28.824  -9.794 0.0000000000
116868  44.719  28.918  -10.185 0.0000000000
116874  36.150  29.284  -11.382 0.0000000000
116881  52.040  28.557  -11.486 0.0000000000
116886  37.870  28.886  -11.640 0.0000000000
116889  36.411  29.428  -11.495 0.0000000000
117888  37.478  29.547  4.840 0.0000000000
117894  38.704  29.656  3.844 0.0000000000
117900  41.118  29.478  2.480 0.0000000000
117946  48.221  29.757  -1.538 0.0000000000
117983  48.399  29.076  -6.703 0.0000000000
117992  48.036  29.810  -7.108 0.0000000000
118040  44.334  29.650  -10.815 0.0000000000
118041  43.814  29.418  -10.468 0.0000000000
118066  36.727  29.647  -11.507 0.0000000000
118075  39.963  29.736  -12.887 0.0000000000
118076  39.139  29.701  -13.167 0.0000000000
118084  39.741  29.998  -13.432 0.0000000000
118085  39.134  29.905  -13.733 0.0000000000
118086  38.913  29.978  -13.804 0.0000000000
119051  47.377  30.390  -0.496 0.0000000000
119070  48.157  29.954  -2.580 0.0000000000
119100  47.684  30.184  -6.017 0.0000000000
119101  37.363  31.044  -7.162 0.0000000000
119102  36.998  31.200  -7.072 0.0000000000
119125  35.572  31.264  -8.563 0.0000000000
119135  37.979  30.542  -9.947 0.0000000000
119139  34.125  30.865  -10.152 0.0000000000
119162  50.778  29.678  -11.468 0.0000000000
119170  42.327  30.310  -12.519 0.0000000000
119171  40.120  31.211  -11.991 0.0000000000
119183  43.175  31.114  -12.837 0.0000000000
119185  40.949  30.388  -13.079 0.0000000000
119186  39.295  30.375  -13.233 0.0000000000
119195  40.596  30.551  -13.280 0.0000000000
119196  39.632  30.209  -13.510 0.0000000000
119198  38.889  30.094  -13.629 0.0000000000
120090  39.047  31.504  3.979 0.0000000000
120098  38.888  31.045  3.846 0.0000000000
120108  40.051  30.870  3.087 0.0000000000
120125  45.375  31.519  0.665 0.0000000000
120165  43.924  31.993  -3.490 0.0000000000
120168  41.136  31.502  -3.824 0.0000000000
120177  48.170  31.139  -4.363 0.0000000000
120179  43.748  31.679  -4.404 0.0000000000
120186  37.216  31.891  -4.997 0.0000000000
120203  36.100  31.962  -6.002 0.0000000000
120211  45.019  31.954  -6.137 0.0000000000
120227  47.737  30.740  -6.421 0.0000000000
120231  42.329  31.412  -7.506 0.0000000000
120258  41.410  31.373  -10.111 0.0000000000
120267  49.587  31.259  -10.803 0.0000000000
120276  40.705  31.391  -11.661 0.0000000000
120289  44.739  31.636  -12.045 0.0000000000
120290  42.739  31.905  -11.373 0.0000000000
120293  40.542  31.256  -12.549 0.0000000000
120301  44.230  31.812  -12.349 0.0000000000
120303  42.481  31.574  -13.111 0.0000000000
120304  41.514  31.526  -13.046 0.0000000000
120306  39.856  30.479  -13.300 0.0000000000
120314  41.623  31.150  -13.362 0.0000000000
120316  40.216  30.573  -13.292 0.0000000000
120317  39.723  30.302  -13.405 0.0000000000
121156  39.098  32.423  5.376 0.0000000000
121157  38.542  32.049  5.802 0.0000000000
121163  40.000  32.538  3.942 0.0000000000
121179  44.229  32.672  2.079 0.0000000000
121192  46.836  32.434  0.616 0.0000000000
121250  44.625  32.380  -3.231 0.0000000000
121254  37.468  32.403  -3.553 0.0000000000
121264  44.917  32.321  -3.918 0.0000000000
121265  37.287  32.096  -4.446 0.0000000000
121276  44.972  32.251  -4.560 0.0000000000
121277  36.160  32.426  -5.458 0.0000000000
121297  45.444  32.247  -7.086 0.0000000000
121328  34.918  32.425  -10.414 0.0000000000
121330  33.909  32.208  -10.351 0.0000000000
121341  42.657  32.137  -12.112 0.0000000000
121342  42.107  32.059  -12.340 0.0000000000
121351  41.896  31.927  -12.652 0.0000000000
122165  40.771  33.946  7.389 0.0000000000
122206  40.974  33.895  6.299 0.0000000000
122222  43.898  34.041  3.137 0.0000000000
122223  43.348  33.774  3.304 0.0000000000
122226  40.336  32.838  3.906 0.0000000000
122235  47.008  33.853  1.394 0.0000000000
122304  45.957  33.004  -3.575 0.0000000000
122313  48.372  34.267  -4.951 0.0000000000
122317  36.011  33.417  -5.052 0.0000000000
122328  36.152  32.925  -4.989 0.0000000000
122340  35.536  33.189  -6.399 0.0000000000
122368  49.289  34.400  -9.005 0.0000000000
122372  45.615  33.183  -10.048 0.0000000000
123229  47.155  34.987  1.929 0.0000000000
123231  45.643  34.421  2.541 0.0000000000
123303  49.066  34.874  -3.943 0.0000000000
123326  48.248  34.264  -5.725 0.0000000000
123334  50.944  35.573  -6.051 0.0000000000
123336  48.772  35.042  -6.925 0.0000000000
123355  48.631  35.099  -8.842 0.0000000000
123364  49.150  34.775  -9.270 0.0000000000
124178  43.170  35.805  5.694 0.0000000000
124179  42.593  35.389  6.288 0.0000000000
124196  45.602  35.793  3.408 0.0000000000
124233  50.868  36.068  0.291 0.0000000000
124248  52.391  36.539  -1.263 0.0000000000
124251  48.443  35.792  -0.981 0.0000000000
124265  49.512  35.847  -2.042 0.0000000000
124267  47.936  35.173  -1.491 0.0000000000
124276  52.247  35.961  -2.561 0.0000000000
124277  50.301  36.131  -2.982 0.0000000000
124278  49.830  35.874  -2.650 0.0000000000
124279  49.040  35.189  -2.915 0.0000000000
124287  52.256  36.492  -2.677 0.0000000000
124291  49.081  35.019  -3.499 0.0000000000
124301  49.956  35.675  -4.937 0.0000000000
124311  50.808  36.056  -5.302 0.0000000000
124312  49.857  35.719  -5.912 0.0000000000
124322  51.043  35.805  -5.769 0.0000000000
124325  49.306  35.409  -7.468 0.0000000000
124353  49.227  35.090  -9.039 0.0000000000
124354  49.052  35.063  -9.285 0.0000000000
125178  44.292  36.818  8.665 0.0000000000
125179  44.107  36.699  8.610 0.0000000000
125185  45.069  37.088  8.277 0.0000000000
125186  44.567  36.796  8.423 0.0000000000
125195  45.126  36.965  7.991 0.0000000000
125211  46.161  37.137  4.545 0.0000000000
125214  43.626  36.028  5.395 0.0000000000
125227  49.421  37.232  2.524 0.0000000000
125228  48.518  36.856  2.681 0.0000000000
125229  47.258  36.341  2.955 0.0000000000
125258  51.552  37.152  0.585 0.0000000000
125260  49.895  37.480  -0.146 0.0000000000
125287  52.547  37.053  -1.739 0.0000000000
125288  51.896  37.422  -2.021 0.0000000000
125300  52.370  37.011  -2.353 0.0000000000
125326  51.441  36.152  -4.746 0.0000000000
125327  51.113  36.247  -4.551 0.0000000000
125339  51.267  36.114  -5.148 0.0000000000
125340  51.183  36.203  -4.960 0.0000000000
126252  44.428  36.936  8.595 0.0000000000
126254  43.900  36.848  8.624 0.0000000000
126262  45.429  37.483  7.859 0.0000000000
126274  47.260  38.062  6.177 0.0000000000
126276  45.494  37.239  7.166 0.0000000000
126286  46.728  37.699  5.735 0.0000000000
126288  45.198  37.053  6.422 0.0000000000
126292  47.941  37.976  4.665 0.0000000000
126299  50.613  38.340  2.876 0.0000000000
126301  49.005  37.917  3.571 0.0000000000
126302  48.165  37.605  3.911 0.0000000000
126311  50.993  38.219  2.343 0.0000000000
126328  51.968  37.990  1.102 0.0000000000
126345  50.612  38.184  0.305 0.0000000000
126348  48.084  37.251  0.939 0.0000000000
126358  51.239  37.977  -0.277 0.0000000000
126371  52.055  37.570  -1.570 0.0000000000
126372  51.615  37.672  -1.018 0.0000000000
126382  52.219  37.218  -2.232 0.0000000000
126383  52.125  37.381  -2.054 0.0000000000
127274  45.959  37.824  7.675 0.0000000000
127276  45.128  37.864  8.095 0.0000000000
127307  48.389  38.953  5.398 0.0000000000
127326  50.509  38.727  3.274 0.0000000000
127327  49.877  38.898  4.032 0.0000000000
127341  50.016  39.751  2.042 0.0000000000
127361  48.348  38.165  1.630 0.0000000000
127374  50.162  38.537  0.835 0.0000000000
127375  49.497  38.126  0.797 0.0000000000
127386  51.951  38.342  0.306 0.0000000000
128254  47.315  38.607  6.616 0.0000000000
128272  48.407  39.271  5.432 0.0000000000
128292  49.566  39.673  4.517 0.0000000000
128293  49.010  39.721  5.142 0.0000000000
128306  50.592  39.197  3.306 0.0000000000
128308  48.553  40.519  3.088 0.0000000000
128309  47.973  40.402  3.155 0.0000000000
128324  50.031  40.010  2.519 0.0000000000
128341  50.383  39.728  2.121 0.0000000000
129222  49.703  40.247  4.150 0.0000000000
129256  48.796  40.561  3.066 0.0000000000
