#!ascii label  , from subject S2_Demo vox2ras=TkReg
521
55811  35.480  -15.151  54.994 0.0000000000
72551  46.909  -3.423  42.235 0.0000000000
78504  50.543  0.561  38.385 0.0000000000
69335  44.470  -5.658  49.844 0.0000000000
55944  39.653  -15.804  47.970 0.0000000000
51951  39.403  -17.888  52.267 0.0000000000
75505  48.620  -1.557  40.642 0.0000000000
72528  49.320  -3.317  43.901 0.0000000000
72346  40.556  -4.382  52.344 0.0000000000
59709  39.351  -11.872  48.452 0.0000000000
77165  51.153  -0.281  26.357 0.0000000000
81375  48.875  2.769  33.920 0.0000000000
75357  42.611  -1.132  49.632 0.0000000000
72437  47.550  -3.570  47.405 0.0000000000
54564  38.272  -16.296  52.788 0.0000000000
53187  38.067  -16.948  53.942 0.0000000000
74052  47.589  -2.445  40.735 0.0000000000
75469  49.021  -1.746  42.234 0.0000000000
73999  48.537  -2.802  43.418 0.0000000000
66223  39.155  -6.964  51.352 0.0000000000
54648  42.976  -16.291  48.832 0.0000000000
55989  40.450  -15.012  46.553 0.0000000000
55986  43.236  -15.192  46.671 0.0000000000
77146  50.192  -0.650  27.700 0.0000000000
77130  52.012  -0.305  29.235 0.0000000000
77093  51.147  -0.461  30.672 0.0000000000
77000  49.623  -0.277  37.005 0.0000000000
80013  47.756  1.775  35.014 0.0000000000
79988  49.924  1.839  36.131 0.0000000000
82686  49.539  3.194  35.418 0.0000000000
81316  51.162  2.549  37.465 0.0000000000
70812  42.679  -4.856  51.110 0.0000000000
75333  41.794  -1.213  50.431 0.0000000000
73849  44.121  -2.672  50.096 0.0000000000
75377  45.708  -1.917  49.135 0.0000000000
70844  46.070  -4.134  48.778 0.0000000000
69378  47.312  -5.444  47.445 0.0000000000
64812  46.305  -7.690  47.882 0.0000000000
54584  41.028  -16.750  51.084 0.0000000000
75545  48.294  -1.674  37.903 0.0000000000
76961  49.840  -0.339  39.420 0.0000000000
76895  49.833  -0.838  42.077 0.0000000000
74019  50.003  -2.133  42.567 0.0000000000
66212  37.536  -7.420  52.948 0.0000000000
67723  39.173  -6.426  53.486 0.0000000000
69292  40.730  -5.640  52.207 0.0000000000
69313  42.803  -5.729  50.443 0.0000000000
67849  44.366  -6.890  48.122 0.0000000000
64789  34.911  -9.127  51.356 0.0000000000
60934  39.502  -10.844  50.292 0.0000000000
77200  51.240  -0.456  24.182 0.0000000000
78607  49.097  0.904  31.731 0.0000000000
80048  50.247  1.908  32.195 0.0000000000
81373  51.192  2.973  33.249 0.0000000000
72485  47.864  -3.422  45.384 0.0000000000
72483  48.966  -3.852  46.114 0.0000000000
69418  48.828  -5.340  44.817 0.0000000000
55830  35.115  -15.357  54.980 0.0000000000
54519  36.212  -15.632  54.700 0.0000000000
53189  36.708  -16.783  54.072 0.0000000000
72568  47.282  -2.928  41.409 0.0000000000
74036  48.035  -2.528  41.996 0.0000000000
72530  47.911  -3.036  43.385 0.0000000000
55966  43.160  -15.439  47.175 0.0000000000
77132  50.081  -0.949  28.835 0.0000000000
77116  50.789  -0.766  29.706 0.0000000000
77094  50.126  -0.759  30.568 0.0000000000
76982  50.206  0.231  37.838 0.0000000000
78534  49.773  0.788  36.153 0.0000000000
78517  50.440  0.774  37.310 0.0000000000
81329  50.056  2.545  36.261 0.0000000000
70829  43.477  -4.917  50.603 0.0000000000
72374  43.500  -3.557  50.397 0.0000000000
72373  44.231  -3.783  49.850 0.0000000000
72394  45.085  -3.601  49.516 0.0000000000
70846  44.754  -4.897  49.583 0.0000000000
69358  45.670  -5.501  48.825 0.0000000000
67794  45.120  -6.635  49.399 0.0000000000
54563  39.537  -16.779  52.262 0.0000000000
53226  40.713  -17.230  51.438 0.0000000000
53240  41.754  -16.995  50.388 0.0000000000
75506  47.935  -1.932  40.015 0.0000000000
75526  48.308  -1.680  39.198 0.0000000000
75544  49.162  -1.050  38.399 0.0000000000
75525  49.176  -0.975  39.631 0.0000000000
75524  49.607  -0.600  40.120 0.0000000000
75486  49.398  -1.122  41.593 0.0000000000
74020  49.056  -2.206  42.620 0.0000000000
75468  49.691  -1.378  42.318 0.0000000000
73997  49.420  -2.769  43.005 0.0000000000
72549  49.745  -3.086  42.785 0.0000000000
70936  49.546  -4.001  43.361 0.0000000000
64773  38.103  -8.287  53.213 0.0000000000
67724  38.374  -6.681  53.517 0.0000000000
66197  38.515  -7.439  53.272 0.0000000000
67772  40.253  -6.026  51.752 0.0000000000
69314  41.772  -5.622  50.878 0.0000000000
58455  40.370  -13.453  46.607 0.0000000000
59710  38.775  -12.023  48.098 0.0000000000
62194  37.653  -10.616  50.224 0.0000000000
62163  36.939  -9.827  51.696 0.0000000000
59708  39.653  -11.608  48.753 0.0000000000
77179  50.285  -0.440  25.464 0.0000000000
77178  51.277  -0.277  25.245 0.0000000000
77092  51.933  -0.148  30.651 0.0000000000
81355  48.219  2.583  34.873 0.0000000000
81377  46.996  2.300  33.996 0.0000000000
81376  47.873  2.531  33.979 0.0000000000
80050  48.242  1.716  32.211 0.0000000000
80049  49.299  1.813  32.240 0.0000000000
78606  50.058  1.033  31.905 0.0000000000
81400  49.574  2.556  32.888 0.0000000000
82664  50.574  3.497  35.877 0.0000000000
82709  50.174  3.289  34.291 0.0000000000
70815  39.947  -4.301  51.852 0.0000000000
72377  40.108  -3.466  50.500 0.0000000000
76794  42.158  -0.766  50.154 0.0000000000
76816  40.599  -0.274  49.069 0.0000000000
73895  46.395  -2.770  48.526 0.0000000000
73921  46.086  -2.618  47.960 0.0000000000
72438  46.980  -3.116  47.219 0.0000000000
72462  46.797  -3.667  46.129 0.0000000000
72461  47.732  -3.494  46.442 0.0000000000
72484  48.523  -3.550  45.759 0.0000000000
72460  48.396  -3.716  46.632 0.0000000000
67871  47.731  -6.390  46.629 0.0000000000
67870  48.240  -6.063  46.110 0.0000000000
66306  47.921  -6.742  45.551 0.0000000000
67905  48.163  -6.077  44.399 0.0000000000
55844  38.397  -16.109  54.038 0.0000000000
51937  39.010  -17.655  52.850 0.0000000000
51952  38.671  -18.216  52.642 0.0000000000
51939  37.606  -18.099  53.273 0.0000000000
74051  48.394  -1.904  41.261 0.0000000000
75487  48.900  -1.577  41.742 0.0000000000
74035  48.508  -2.057  41.800 0.0000000000
74021  48.377  -2.697  42.884 0.0000000000
73998  49.008  -2.708  43.368 0.0000000000
54650  40.831  -16.117  48.525 0.0000000000
55969  39.956  -15.440  47.148 0.0000000000
55968  41.112  -15.549  47.162 0.0000000000
55988  41.598  -15.051  46.539 0.0000000000
58454  41.180  -13.518  46.419 0.0000000000
59754  40.477  -12.577  46.843 0.0000000000
57220  42.403  -14.210  45.697 0.0000000000
77166  50.207  -0.488  26.574 0.0000000000
78682  51.658  -0.206  27.968 0.0000000000
77131  51.260  -0.485  28.647 0.0000000000
77115  51.671  -0.471  29.817 0.0000000000
77072  51.534  0.014  31.338 0.0000000000
77001  49.119  -0.685  36.420 0.0000000000
78550  49.174  0.878  35.449 0.0000000000
80001  48.562  1.820  35.260 0.0000000000
81342  48.873  2.524  35.332 0.0000000000
81354  49.228  3.120  34.890 0.0000000000
81341  49.380  2.847  35.849 0.0000000000
81340  49.945  3.104  36.162 0.0000000000
72359  41.532  -3.599  51.527 0.0000000000
73834  40.981  -2.456  50.908 0.0000000000
73832  42.129  -2.565  51.178 0.0000000000
75309  42.477  -1.929  51.012 0.0000000000
75356  43.657  -1.518  49.915 0.0000000000
73873  44.246  -1.843  49.557 0.0000000000
75354  45.407  -2.111  49.588 0.0000000000
73870  45.958  -2.799  49.355 0.0000000000
72413  46.962  -3.528  48.188 0.0000000000
70872  47.909  -4.413  47.357 0.0000000000
69356  46.854  -4.892  47.894 0.0000000000
67848  46.782  -6.622  47.489 0.0000000000
64823  46.648  -7.861  47.392 0.0000000000
54586  38.924  -16.479  51.665 0.0000000000
54609  39.528  -16.446  50.644 0.0000000000
54629  41.383  -16.286  49.597 0.0000000000
54628  42.013  -16.083  49.561 0.0000000000
53266  42.090  -17.243  48.902 0.0000000000
75558  49.393  -0.761  37.816 0.0000000000
76983  49.751  -0.378  38.240 0.0000000000
78505  50.098  -0.013  38.801 0.0000000000
78464  50.336  0.154  39.882 0.0000000000
76914  50.446  -0.093  41.630 0.0000000000
76894  50.513  -0.565  42.197 0.0000000000
66237  37.314  -7.049  51.445 0.0000000000
69295  38.048  -6.092  52.451 0.0000000000
69267  39.185  -5.343  52.788 0.0000000000
70777  39.680  -5.270  53.018 0.0000000000
67736  39.556  -6.535  52.945 0.0000000000
69266  40.413  -5.512  52.809 0.0000000000
70794  40.957  -4.988  52.650 0.0000000000
70813  41.700  -4.747  51.917 0.0000000000
69289  42.933  -5.335  50.775 0.0000000000
67771  43.537  -6.038  50.248 0.0000000000
67822  44.174  -6.636  49.138 0.0000000000
67823  43.523  -6.317  49.301 0.0000000000
64787  36.295  -8.568  52.240 0.0000000000
63416  37.574  -9.191  52.728 0.0000000000
63423  39.003  -10.174  51.168 0.0000000000
60967  39.761  -11.313  49.168 0.0000000000
62206  39.944  -11.123  49.151 0.0000000000
77246  50.690  -0.538  22.318 0.0000000000
77074  49.482  -0.150  31.500 0.0000000000
77058  50.298  0.436  31.866 0.0000000000
78624  50.596  0.578  31.915 0.0000000000
78605  50.791  1.147  32.070 0.0000000000
81374  49.994  3.159  33.754 0.0000000000
81399  50.609  2.554  32.731 0.0000000000
81398  51.557  2.400  32.534 0.0000000000
72396  40.382  -2.549  49.823 0.0000000000
72486  47.127  -3.741  44.801 0.0000000000
72508  47.156  -3.609  43.746 0.0000000000
72507  47.950  -3.227  44.361 0.0000000000
72506  48.690  -3.283  44.773 0.0000000000
72505  49.159  -3.681  45.163 0.0000000000
70871  48.506  -4.492  47.058 0.0000000000
70906  49.255  -4.279  45.655 0.0000000000
70921  49.400  -4.340  44.564 0.0000000000
70922  49.009  -4.931  44.263 0.0000000000
66271  45.081  -7.475  47.846 0.0000000000
64824  46.147  -8.261  46.977 0.0000000000
55812  34.323  -14.648  55.470 0.0000000000
54535  36.080  -16.045  54.725 0.0000000000
72550  47.485  -3.052  42.351 0.0000000000
72531  47.055  -3.516  42.807 0.0000000000
77117  50.181  -0.983  29.716 0.0000000000
79987  50.414  1.767  36.733 0.0000000000
79961  50.972  1.240  38.326 0.0000000000
69311  44.044  -5.805  50.250 0.0000000000
70828  44.191  -5.002  49.983 0.0000000000
69334  45.108  -5.818  49.424 0.0000000000
53218  39.582  -17.220  52.493 0.0000000000
53217  40.167  -17.027  52.033 0.0000000000
53227  39.873  -17.526  51.903 0.0000000000
51962  39.753  -17.962  51.402 0.0000000000
75504  49.447  -0.847  40.732 0.0000000000
64779  38.427  -8.424  52.622 0.0000000000
59755  39.978  -12.955  46.931 0.0000000000
60969  38.498  -11.621  48.871 0.0000000000
60952  37.644  -10.986  49.408 0.0000000000
60951  38.607  -11.174  49.797 0.0000000000
60968  39.281  -11.524  49.192 0.0000000000
77201  50.370  -0.516  24.375 0.0000000000
81401  48.547  2.383  33.029 0.0000000000
72361  40.093  -3.915  51.285 0.0000000000
72360  40.675  -3.595  51.574 0.0000000000
76814  42.141  -0.631  49.215 0.0000000000
73894  47.051  -3.134  48.033 0.0000000000
73919  46.966  -2.969  47.869 0.0000000000
66287  47.552  -7.303  46.324 0.0000000000
66286  47.961  -6.713  45.953 0.0000000000
66307  47.691  -7.221  45.510 0.0000000000
67889  47.889  -6.788  45.306 0.0000000000
55808  37.698  -16.021  54.483 0.0000000000
55827  38.014  -16.036  54.362 0.0000000000
53186  38.409  -16.961  54.157 0.0000000000
53203  38.642  -17.132  53.503 0.0000000000
51938  38.402  -17.810  53.188 0.0000000000
53204  37.974  -17.416  53.652 0.0000000000
72584  47.183  -2.910  40.951 0.0000000000
74053  46.844  -2.961  40.169 0.0000000000
72529  48.664  -2.970  43.914 0.0000000000
54649  42.413  -15.921  48.824 0.0000000000
54671  41.860  -15.909  47.872 0.0000000000
55967  42.363  -15.477  47.232 0.0000000000
55987  42.632  -15.041  46.686 0.0000000000
57206  40.948  -14.285  46.447 0.0000000000
57205  41.945  -14.362  46.246 0.0000000000
77145  51.076  -0.382  27.416 0.0000000000
77013  49.386  -0.041  35.920 0.0000000000
78533  50.225  1.078  36.580 0.0000000000
80000  49.338  1.841  35.581 0.0000000000
79974  50.912  1.667  37.632 0.0000000000
81328  50.677  2.765  36.700 0.0000000000
72358  42.330  -3.720  51.119 0.0000000000
73850  43.355  -2.463  50.476 0.0000000000
75332  42.775  -1.408  50.456 0.0000000000
75331  43.961  -1.825  50.203 0.0000000000
75355  44.587  -1.879  49.752 0.0000000000
75330  44.712  -2.150  50.248 0.0000000000
72393  45.829  -3.647  49.107 0.0000000000
72414  46.365  -3.476  48.758 0.0000000000
70859  46.621  -4.361  48.363 0.0000000000
67820  46.314  -6.684  48.142 0.0000000000
66254  46.476  -7.321  47.846 0.0000000000
66269  46.796  -7.287  47.434 0.0000000000
54565  37.630  -16.038  52.620 0.0000000000
54562  40.396  -16.897  51.715 0.0000000000
54585  40.121  -16.627  51.407 0.0000000000
54608  40.712  -16.432  50.537 0.0000000000
54607  41.500  -16.498  50.260 0.0000000000
75559  48.925  -1.089  37.252 0.0000000000
76962  49.471  -0.727  38.842 0.0000000000
76984  49.460  -0.753  38.498 0.0000000000
78484  50.327  0.190  39.193 0.0000000000
76915  49.897  -0.559  41.575 0.0000000000
76938  50.050  -0.189  40.665 0.0000000000
75467  50.616  -1.170  42.330 0.0000000000
66225  37.353  -7.242  52.098 0.0000000000
67753  37.578  -6.553  51.827 0.0000000000
67738  37.756  -6.660  52.893 0.0000000000
69245  38.842  -6.150  53.617 0.0000000000
69268  38.512  -5.952  53.241 0.0000000000
69244  39.337  -5.728  53.443 0.0000000000
66210  39.164  -7.068  52.344 0.0000000000
67751  40.156  -6.089  52.643 0.0000000000
69265  41.073  -5.268  52.379 0.0000000000
69290  42.228  -5.295  51.184 0.0000000000
69312  43.480  -5.714  50.449 0.0000000000
67796  43.864  -6.335  49.868 0.0000000000
67797  43.281  -6.198  49.965 0.0000000000
55990  39.366  -14.932  46.710 0.0000000000
63427  34.665  -9.553  51.028 0.0000000000
64797  34.381  -9.121  50.753 0.0000000000
64796  35.119  -8.662  51.106 0.0000000000
66239  35.927  -8.262  51.513 0.0000000000
64788  35.650  -8.821  51.841 0.0000000000
62176  38.687  -10.511  50.851 0.0000000000
62150  37.467  -9.603  52.263 0.0000000000
62162  37.967  -10.098  51.750 0.0000000000
62148  38.282  -9.544  52.219 0.0000000000
62175  39.214  -10.576  50.503 0.0000000000
62192  39.616  -10.707  49.908 0.0000000000
77224  50.487  -0.623  23.334 0.0000000000
77223  51.394  -0.480  23.228 0.0000000000
78551  48.399  0.893  35.103 0.0000000000
78568  47.677  0.895  34.745 0.0000000000
78608  48.454  1.179  31.771 0.0000000000
77059  49.915  0.365  31.807 0.0000000000
81353  49.843  3.270  34.464 0.0000000000
82708  50.828  3.276  34.099 0.0000000000
80047  51.119  1.826  32.208 0.0000000000
73852  41.242  -1.784  50.655 0.0000000000
73853  40.799  -1.901  50.225 0.0000000000
75378  45.116  -1.959  49.415 0.0000000000
72439  45.884  -3.311  47.416 0.0000000000
69377  48.042  -4.907  47.148 0.0000000000
69407  48.771  -5.513  45.774 0.0000000000
69406  49.102  -4.907  46.129 0.0000000000
69417  49.178  -4.856  45.393 0.0000000000
69425  48.579  -5.435  43.980 0.0000000000
66256  44.911  -7.211  49.001 0.0000000000
54518  36.798  -15.895  54.572 0.0000000000
54534  37.096  -16.320  54.397 0.0000000000
53188  37.509  -16.909  53.957 0.0000000000
54670  42.970  -16.088  47.740 0.0000000000
54678  43.476  -16.006  46.958 0.0000000000
77073  50.571  -0.100  31.626 0.0000000000
76999  50.064  0.101  37.442 0.0000000000
78518  50.111  0.423  36.860 0.0000000000
70811  43.017  -5.098  50.858 0.0000000000
70830  42.969  -4.152  50.789 0.0000000000
73848  44.802  -3.023  50.060 0.0000000000
72395  44.532  -4.358  49.697 0.0000000000
70845  45.439  -4.623  49.066 0.0000000000
70860  46.012  -4.826  48.625 0.0000000000
67821  45.663  -6.490  48.845 0.0000000000
66255  45.842  -7.480  48.358 0.0000000000
53225  41.346  -16.949  50.932 0.0000000000
74068  47.519  -2.300  39.400 0.0000000000
66199  37.612  -8.086  53.268 0.0000000000
67725  37.832  -6.914  53.479 0.0000000000
66198  37.848  -7.644  53.429 0.0000000000
67752  39.641  -6.488  52.076 0.0000000000
69315  40.919  -5.668  51.311 0.0000000000
69291  41.436  -5.377  51.756 0.0000000000
57207  39.888  -14.243  46.550 0.0000000000
58456  39.358  -13.362  46.860 0.0000000000
60970  37.426  -11.404  48.694 0.0000000000
60953  36.803  -10.830  49.124 0.0000000000
62195  36.516  -10.492  49.951 0.0000000000
62178  36.707  -10.182  50.848 0.0000000000
62164  35.899  -9.779  51.340 0.0000000000
62193  38.419  -10.702  50.422 0.0000000000
60950  39.363  -11.215  49.867 0.0000000000
81356  47.502  2.227  34.530 0.0000000000
81402  47.533  2.309  33.175 0.0000000000
82685  50.121  3.294  34.968 0.0000000000
69293  39.291  -4.861  51.852 0.0000000000
75359  40.843  -0.958  49.597 0.0000000000
76805  40.964  -0.193  49.481 0.0000000000
78272  40.969  0.183  49.198 0.0000000000
75376  46.129  -2.126  48.888 0.0000000000
73896  45.924  -2.356  48.524 0.0000000000
73920  46.446  -2.731  47.942 0.0000000000
67847  47.333  -6.313  47.157 0.0000000000
69396  47.676  -5.890  47.005 0.0000000000
67888  48.207  -6.270  45.346 0.0000000000
55866  38.005  -15.918  53.489 0.0000000000
55845  38.196  -15.896  53.929 0.0000000000
54550  38.567  -16.587  53.341 0.0000000000
51963  38.925  -18.469  51.920 0.0000000000
51953  38.090  -18.244  52.916 0.0000000000
53205  37.182  -17.469  53.618 0.0000000000
64786  38.653  -8.549  51.696 0.0000000000
55943  40.506  -15.717  47.735 0.0000000000
54672  41.075  -15.824  47.822 0.0000000000
59724  39.984  -11.995  48.259 0.0000000000
59753  41.227  -13.150  46.468 0.0000000000
58467  41.661  -13.583  46.097 0.0000000000
77026  48.903  0.139  35.336 0.0000000000
82665  49.798  3.261  35.727 0.0000000000
72345  40.970  -4.378  52.321 0.0000000000
73833  41.528  -2.357  51.129 0.0000000000
75310  42.190  -1.730  51.064 0.0000000000
72375  42.929  -3.285  50.667 0.0000000000
73851  42.653  -2.487  50.833 0.0000000000
73874  43.453  -1.655  49.545 0.0000000000
73871  45.339  -2.616  49.670 0.0000000000
75353  46.078  -2.139  49.189 0.0000000000
70858  47.278  -4.329  47.816 0.0000000000
69357  46.308  -5.546  48.170 0.0000000000
69379  46.537  -6.088  47.677 0.0000000000
66268  47.207  -7.078  47.073 0.0000000000
54651  39.423  -16.213  48.808 0.0000000000
54630  40.144  -16.290  49.664 0.0000000000
55941  43.046  -15.962  49.066 0.0000000000
53239  42.077  -16.845  50.057 0.0000000000
53264  42.926  -17.031  49.062 0.0000000000
76937  50.416  0.236  41.174 0.0000000000
67775  37.339  -6.770  50.856 0.0000000000
69294  38.578  -5.475  52.134 0.0000000000
69269  38.128  -6.308  53.087 0.0000000000
70796  39.762  -4.811  52.572 0.0000000000
70814  40.269  -4.430  52.325 0.0000000000
66211  38.723  -7.686  52.535 0.0000000000
66196  39.072  -7.042  53.077 0.0000000000
67735  39.866  -6.059  53.252 0.0000000000
67722  39.595  -5.951  53.477 0.0000000000
69243  39.865  -5.640  53.214 0.0000000000
70795  40.278  -4.943  52.888 0.0000000000
67769  44.137  -6.124  50.069 0.0000000000
67795  44.458  -6.342  49.671 0.0000000000
67850  43.582  -6.442  48.347 0.0000000000
67824  43.020  -6.096  49.446 0.0000000000
58457  38.227  -13.544  46.818 0.0000000000
66238  36.683  -7.503  51.068 0.0000000000
66226  36.689  -7.974  52.279 0.0000000000
63418  35.967  -9.144  52.035 0.0000000000
64780  36.819  -8.555  52.698 0.0000000000
64775  37.454  -8.398  53.085 0.0000000000
63409  37.731  -8.726  53.079 0.0000000000
63415  38.180  -9.111  52.639 0.0000000000
63424  38.663  -9.459  51.654 0.0000000000
60990  40.171  -11.616  48.124 0.0000000000
62191  39.789  -11.019  49.908 0.0000000000
57066  34.032  -14.157  55.769 0.0000000000
78623  51.192  0.523  31.843 0.0000000000
78604  51.452  1.138  32.005 0.0000000000
80046  52.026  1.640  32.018 0.0000000000
70938  46.394  -4.131  43.010 0.0000000000
72376  40.622  -2.801  50.635 0.0000000000
70923  46.335  -4.229  44.022 0.0000000000
72436  48.416  -3.983  47.096 0.0000000000
72459  48.844  -3.971  46.794 0.0000000000
69395  48.337  -5.320  46.685 0.0000000000
69394  48.924  -4.857  46.547 0.0000000000
70888  49.065  -4.371  46.453 0.0000000000
70937  49.050  -4.759  43.689 0.0000000000
66247  44.966  -6.917  49.393 0.0000000000
66246  45.295  -7.044  49.107 0.0000000000
66270  45.688  -7.877  47.365 0.0000000000
64813  46.170  -7.940  47.701 0.0000000000
53253  42.781  -16.987  49.258 0.0000000000
53254  42.422  -16.838  49.497 0.0000000000
53265  42.695  -17.007  49.016 0.0000000000
54516  37.857  -16.213  54.437 0.0000000000
54517  37.458  -16.117  54.471 0.0000000000
54531  38.382  -16.502  53.933 0.0000000000
54532  38.169  -16.414  54.212 0.0000000000
54533  37.747  -16.451  54.287 0.0000000000
54551  38.263  -15.948  53.297 0.0000000000
54583  41.530  -16.777  50.551 0.0000000000
54605  42.206  -16.668  49.740 0.0000000000
54606  41.943  -16.605  50.009 0.0000000000
54626  42.909  -16.570  49.224 0.0000000000
54627  42.480  -16.402  49.433 0.0000000000
54647  43.094  -16.496  49.061 0.0000000000
54669  43.342  -15.778  47.197 0.0000000000
55809  37.319  -15.928  54.465 0.0000000000
55826  38.330  -16.203  54.197 0.0000000000
55921  43.247  -16.283  49.085 0.0000000000
55922  43.068  -16.172  49.193 0.0000000000
55923  42.815  -16.025  49.315 0.0000000000
55940  43.197  -16.114  48.956 0.0000000000
55942  42.691  -15.912  49.187 0.0000000000
58430  39.211  -12.979  47.186 0.0000000000
59725  39.435  -12.607  47.541 0.0000000000
60935  39.337  -10.903  50.325 0.0000000000
60936  38.959  -11.018  50.326 0.0000000000
60949  39.647  -11.056  50.089 0.0000000000
62149  38.058  -9.618  52.302 0.0000000000
62160  38.945  -10.350  51.058 0.0000000000
62161  38.600  -9.968  51.618 0.0000000000
62165  35.089  -9.814  51.157 0.0000000000
62174  39.628  -10.837  50.132 0.0000000000
62177  37.760  -10.377  51.016 0.0000000000
62179  35.581  -10.116  50.729 0.0000000000
63408  38.000  -8.641  53.143 0.0000000000
63410  37.249  -8.817  52.917 0.0000000000
63417  36.737  -9.219  52.441 0.0000000000
63425  36.131  -9.453  51.843 0.0000000000
63426  35.380  -9.381  51.552 0.0000000000
64774  37.788  -8.300  53.271 0.0000000000
64781  36.249  -8.876  52.308 0.0000000000
64822  46.980  -7.535  47.253 0.0000000000
66213  37.296  -7.964  52.968 0.0000000000
66227  36.108  -8.439  51.998 0.0000000000
67737  38.113  -6.491  53.352 0.0000000000
67770  43.928  -6.099  50.190 0.0000000000
69316  39.250  -4.794  51.192 0.0000000000
70776  39.786  -5.433  53.176 0.0000000000
70870  48.877  -4.288  46.899 0.0000000000
70889  48.803  -4.672  46.770 0.0000000000
72372  44.737  -3.342  49.720 0.0000000000
72435  48.727  -4.122  47.028 0.0000000000
73872  44.757  -1.893  49.463 0.0000000000
75329  45.156  -2.302  49.848 0.0000000000
75334  41.197  -1.285  50.178 0.0000000000
75358  41.318  -0.751  49.827 0.0000000000
75543  49.439  -0.769  38.157 0.0000000000
76793  42.264  -0.693  49.921 0.0000000000
76803  42.083  -0.512  49.454 0.0000000000
78273  40.734  0.078  49.138 0.0000000000
