#!ascii label  , from subject S2_Demo vox2ras=TkReg
1351
72235  11.943  -3.713  60.180 0.0000000000
59690  9.119  -12.993  50.479 0.0000000000
63342  14.271  -9.574  63.029 0.0000000000
62126  4.342  -10.172  55.566 0.0000000000
73978  6.991  -3.164  45.714 0.0000000000
69145  12.282  -5.659  62.955 0.0000000000
63356  7.646  -10.405  60.859 0.0000000000
78134  16.395  0.576  60.267 0.0000000000
73720  15.096  -2.793  61.234 0.0000000000
67667  18.272  -7.122  60.179 0.0000000000
75256  3.248  -1.446  54.924 0.0000000000
67767  4.635  -6.725  51.274 0.0000000000
79822  4.965  1.600  49.133 0.0000000000
59552  14.790  -11.330  61.634 0.0000000000
58295  9.906  -13.050  58.792 0.0000000000
55743  6.859  -14.198  60.675 0.0000000000
67689  3.893  -6.478  58.062 0.0000000000
55886  5.185  -15.580  51.894 0.0000000000
63458  6.445  -9.645  47.344 0.0000000000
67959  4.701  -6.415  42.542 0.0000000000
76993  5.626  -0.586  38.166 0.0000000000
70686  12.194  -4.600  62.063 0.0000000000
67665  10.216  -7.234  61.589 0.0000000000
76658  12.726  -0.056  59.744 0.0000000000
76657  14.919  -0.489  60.211 0.0000000000
76643  13.404  -1.413  62.553 0.0000000000
72218  14.409  -3.692  62.900 0.0000000000
76792  4.199  -0.189  52.197 0.0000000000
60803  13.952  -11.305  62.516 0.0000000000
58269  11.136  -12.744  60.856 0.0000000000
59558  10.407  -12.080  61.585 0.0000000000
64742  5.586  -8.843  58.523 0.0000000000
64723  4.651  -9.576  58.907 0.0000000000
66129  16.436  -7.665  62.303 0.0000000000
64735  20.278  -9.462  59.480 0.0000000000
63349  17.219  -9.624  62.676 0.0000000000
62057  18.232  -10.552  62.034 0.0000000000
54515  5.696  -14.323  56.513 0.0000000000
57092  6.948  -13.897  55.319 0.0000000000
58361  5.076  -13.706  53.817 0.0000000000
69354  5.581  -5.137  48.945 0.0000000000
64810  6.495  -8.372  49.873 0.0000000000
67869  5.367  -6.684  47.435 0.0000000000
64855  4.913  -7.931  45.550 0.0000000000
70935  5.057  -5.505  43.825 0.0000000000
64697  13.042  -8.514  62.836 0.0000000000
63352  10.397  -9.488  62.122 0.0000000000
66126  9.660  -7.750  62.092 0.0000000000
64720  7.821  -9.043  59.948 0.0000000000
73745  18.142  -1.749  58.317 0.0000000000
72309  16.778  -3.144  55.373 0.0000000000
73747  15.774  -1.923  58.124 0.0000000000
72234  15.165  -3.765  59.265 0.0000000000
70689  16.581  -5.564  60.900 0.0000000000
69151  15.665  -5.989  62.413 0.0000000000
69224  3.769  -5.658  55.312 0.0000000000
63406  4.740  -9.199  54.039 0.0000000000
70810  4.063  -4.360  53.018 0.0000000000
73869  5.295  -2.257  50.349 0.0000000000
75410  6.702  -1.574  47.917 0.0000000000
72292  12.882  -3.611  56.977 0.0000000000
72285  21.945  -3.293  55.934 0.0000000000
76689  22.314  -1.408  57.208 0.0000000000
79649  17.972  0.251  58.928 0.0000000000
76692  14.348  -0.617  57.427 0.0000000000
60825  16.687  -10.784  60.777 0.0000000000
60838  13.605  -11.000  59.736 0.0000000000
58278  12.649  -12.384  60.946 0.0000000000
55748  8.266  -13.627  59.881 0.0000000000
58322  4.601  -12.687  57.481 0.0000000000
59569  6.239  -12.235  61.332 0.0000000000
60848  4.352  -11.268  58.314 0.0000000000
64751  3.407  -8.060  57.088 0.0000000000
72295  2.981  -3.443  56.637 0.0000000000
60856  10.885  -11.807  57.525 0.0000000000
59641  8.938  -12.553  54.579 0.0000000000
57144  7.483  -14.383  51.304 0.0000000000
60921  6.553  -11.991  52.094 0.0000000000
58410  5.358  -13.883  49.298 0.0000000000
58428  7.277  -13.927  48.428 0.0000000000
62235  6.765  -10.546  46.484 0.0000000000
63491  6.302  -8.804  44.692 0.0000000000
81219  7.395  2.196  45.406 0.0000000000
76879  8.428  -0.637  44.193 0.0000000000
78497  8.569  0.488  39.298 0.0000000000
75500  6.616  -1.902  41.434 0.0000000000
72598  4.896  -3.724  40.991 0.0000000000
72232  11.895  -3.682  61.125 0.0000000000
70691  11.733  -5.527  61.407 0.0000000000
70702  12.569  -4.762  59.708 0.0000000000
75190  11.962  -1.685  60.250 0.0000000000
78129  12.874  -0.022  61.397 0.0000000000
75188  11.986  -1.763  61.130 0.0000000000
73715  12.536  -2.861  62.636 0.0000000000
59704  10.016  -12.867  49.699 0.0000000000
58408  9.456  -13.567  49.391 0.0000000000
62051  14.407  -10.395  62.885 0.0000000000
60804  12.588  -11.336  62.065 0.0000000000
60795  12.567  -10.712  62.463 0.0000000000
72322  19.247  -3.509  54.307 0.0000000000
64695  15.018  -8.697  62.715 0.0000000000
64705  16.919  -8.690  62.392 0.0000000000
63340  15.887  -9.584  62.718 0.0000000000
62049  16.127  -10.222  62.603 0.0000000000
59629  4.839  -12.304  55.680 0.0000000000
57107  4.973  -14.086  54.355 0.0000000000
59642  4.985  -12.579  54.664 0.0000000000
72458  6.273  -4.322  47.627 0.0000000000
69376  5.381  -6.011  47.939 0.0000000000
69404  5.479  -5.635  46.194 0.0000000000
69415  5.252  -5.651  45.098 0.0000000000
72504  6.123  -4.587  44.434 0.0000000000
67651  12.369  -6.538  63.015 0.0000000000
66124  10.978  -7.587  62.675 0.0000000000
67653  10.942  -7.083  62.386 0.0000000000
66141  9.189  -8.257  60.692 0.0000000000
62097  7.197  -10.318  58.599 0.0000000000
76664  17.573  -0.493  59.729 0.0000000000
73746  16.772  -1.852  58.097 0.0000000000
75197  15.870  -1.027  59.272 0.0000000000
75189  14.755  -1.555  60.704 0.0000000000
73728  15.044  -2.533  59.489 0.0000000000
72231  15.084  -3.382  60.212 0.0000000000
72222  15.348  -4.260  61.574 0.0000000000
69138  13.191  -4.904  63.252 0.0000000000
69142  14.561  -5.298  62.990 0.0000000000
67650  13.220  -6.439  63.087 0.0000000000
66131  14.908  -6.889  62.465 0.0000000000
72329  3.502  -3.367  54.743 0.0000000000
70775  4.100  -4.451  54.488 0.0000000000
72328  3.948  -2.972  54.157 0.0000000000
79790  4.627  0.718  50.199 0.0000000000
75328  4.646  -1.016  51.354 0.0000000000
76826  5.357  -0.495  49.633 0.0000000000
73918  6.082  -1.676  49.100 0.0000000000
76842  6.148  0.003  48.503 0.0000000000
76662  19.489  -0.800  58.598 0.0000000000
60816  16.578  -10.912  61.533 0.0000000000
59576  14.138  -11.726  61.001 0.0000000000
59567  14.106  -11.641  61.330 0.0000000000
57018  9.955  -13.410  60.937 0.0000000000
57028  10.537  -13.151  60.683 0.0000000000
55741  7.712  -13.865  60.485 0.0000000000
55777  6.126  -14.361  58.448 0.0000000000
55778  5.543  -13.786  58.634 0.0000000000
63354  8.654  -9.719  61.694 0.0000000000
60809  8.046  -11.376  61.721 0.0000000000
62067  6.375  -11.482  61.110 0.0000000000
64733  3.916  -8.529  58.874 0.0000000000
62088  4.479  -10.556  58.708 0.0000000000
63383  3.832  -9.135  58.196 0.0000000000
62108  3.739  -9.549  57.557 0.0000000000
64744  3.443  -8.145  57.624 0.0000000000
67698  3.414  -6.360  56.992 0.0000000000
70720  3.534  -4.552  57.076 0.0000000000
72310  15.912  -3.470  55.402 0.0000000000
70768  16.261  -3.753  54.230 0.0000000000
66144  18.512  -7.627  59.335 0.0000000000
63393  19.737  -9.609  56.715 0.0000000000
63386  20.035  -9.567  57.714 0.0000000000
64725  20.390  -9.972  60.184 0.0000000000
62100  21.308  -11.053  57.728 0.0000000000
60800  16.464  -10.897  62.088 0.0000000000
60799  17.536  -10.923  61.939 0.0000000000
59584  11.754  -11.828  59.668 0.0000000000
60846  12.289  -11.419  58.840 0.0000000000
59592  10.128  -12.650  58.318 0.0000000000
57106  6.316  -14.771  53.905 0.0000000000
58332  8.348  -13.207  55.114 0.0000000000
58360  7.543  -13.724  53.598 0.0000000000
58359  8.044  -13.204  53.045 0.0000000000
57145  7.076  -14.752  51.833 0.0000000000
66221  4.713  -7.390  52.631 0.0000000000
63413  5.763  -9.919  53.071 0.0000000000
63421  6.091  -9.186  52.352 0.0000000000
63452  6.889  -9.456  48.422 0.0000000000
60948  7.110  -11.031  50.308 0.0000000000
59722  6.098  -12.563  48.246 0.0000000000
57202  5.880  -14.011  48.088 0.0000000000
61014  6.217  -12.375  47.719 0.0000000000
59751  6.708  -12.382  47.437 0.0000000000
61013  6.470  -11.885  47.387 0.0000000000
66350  4.814  -7.502  44.101 0.0000000000
64874  5.416  -8.265  44.546 0.0000000000
66377  5.290  -7.599  43.492 0.0000000000
82556  7.979  3.439  43.292 0.0000000000
78399  8.224  1.125  45.063 0.0000000000
79901  9.119  1.589  42.366 0.0000000000
78528  7.105  0.404  36.954 0.0000000000
78499  6.923  -0.334  38.781 0.0000000000
76956  7.511  -0.840  40.102 0.0000000000
76957  6.526  -1.249  39.968 0.0000000000
74064  5.733  -2.346  41.010 0.0000000000
75521  5.393  -2.092  39.834 0.0000000000
70682  12.357  -4.790  62.608 0.0000000000
69153  10.870  -6.765  61.921 0.0000000000
70687  11.724  -5.387  61.883 0.0000000000
79642  14.945  0.801  60.277 0.0000000000
78135  15.374  0.378  60.309 0.0000000000
78128  14.116  0.417  61.276 0.0000000000
76645  14.230  -1.000  61.962 0.0000000000
75183  14.339  -2.090  62.393 0.0000000000
72223  14.924  -3.791  61.846 0.0000000000
73713  13.832  -2.708  63.022 0.0000000000
72219  12.977  -3.601  63.002 0.0000000000
79720  2.420  1.337  54.420 0.0000000000
76772  3.572  -0.334  53.742 0.0000000000
79753  2.900  1.347  52.532 0.0000000000
79773  3.508  1.446  51.436 0.0000000000
81188  4.409  2.899  49.605 0.0000000000
60801  15.309  -11.042  62.087 0.0000000000
59568  13.486  -11.769  61.430 0.0000000000
59555  12.964  -11.463  62.003 0.0000000000
58258  10.636  -12.545  61.411 0.0000000000
58260  8.868  -12.901  61.253 0.0000000000
63373  5.833  -10.338  59.174 0.0000000000
62076  5.826  -10.909  60.251 0.0000000000
64731  5.096  -9.282  58.854 0.0000000000
67681  4.546  -6.578  58.898 0.0000000000
69174  4.470  -5.633  58.545 0.0000000000
70719  4.045  -4.674  57.380 0.0000000000
67656  17.489  -7.200  61.436 0.0000000000
66138  18.916  -8.094  60.512 0.0000000000
66127  17.832  -8.151  61.621 0.0000000000
64713  18.817  -8.963  61.711 0.0000000000
63358  19.443  -9.897  61.515 0.0000000000
62070  19.700  -10.604  61.499 0.0000000000
63348  18.057  -9.807  62.430 0.0000000000
62059  16.312  -10.600  62.413 0.0000000000
57063  7.794  -13.599  58.067 0.0000000000
58307  8.193  -13.302  57.360 0.0000000000
54513  6.027  -14.566  55.288 0.0000000000
54549  5.106  -14.810  53.412 0.0000000000
58372  4.285  -14.537  52.144 0.0000000000
69332  4.801  -5.576  50.506 0.0000000000
64802  5.694  -7.715  50.505 0.0000000000
66267  5.336  -6.709  49.398 0.0000000000
66266  5.512  -7.114  48.500 0.0000000000
64832  5.723  -8.610  47.132 0.0000000000
63459  5.891  -9.352  46.611 0.0000000000
66305  4.891  -7.427  46.181 0.0000000000
67920  4.621  -6.695  44.469 0.0000000000
69434  4.617  -5.756  42.922 0.0000000000
78530  5.286  -0.483  37.048 0.0000000000
75553  4.740  -1.576  38.087 0.0000000000
75577  4.733  -1.366  36.008 0.0000000000
64696  14.008  -8.613  62.828 0.0000000000
62054  12.144  -10.291  62.565 0.0000000000
63346  10.887  -8.882  62.435 0.0000000000
64708  9.781  -8.888  62.159 0.0000000000
64710  8.793  -8.866  61.597 0.0000000000
67662  9.604  -7.576  61.802 0.0000000000
66137  8.340  -8.465  61.194 0.0000000000
64716  7.570  -9.890  60.289 0.0000000000
63372  6.725  -10.527  59.065 0.0000000000
72272  18.452  -2.534  56.990 0.0000000000
72308  17.790  -2.851  55.264 0.0000000000
73762  17.152  -2.272  57.244 0.0000000000
75198  14.981  -1.384  59.621 0.0000000000
73748  15.199  -2.529  58.623 0.0000000000
70731  15.062  -4.243  57.642 0.0000000000
69164  18.087  -6.608  59.879 0.0000000000
69156  16.966  -6.165  60.829 0.0000000000
72216  15.190  -4.293  61.966 0.0000000000
69150  15.940  -5.633  62.097 0.0000000000
67657  16.809  -6.764  62.092 0.0000000000
67658  16.005  -6.617  62.378 0.0000000000
66120  14.648  -7.685  62.523 0.0000000000
63403  4.149  -9.074  55.516 0.0000000000
62136  4.388  -9.540  54.898 0.0000000000
66195  4.270  -7.304  54.759 0.0000000000
67734  4.355  -6.168  53.188 0.0000000000
67750  4.266  -6.154  52.335 0.0000000000
73817  4.347  -1.859  52.604 0.0000000000
72371  4.490  -3.586  51.543 0.0000000000
69333  4.427  -5.299  51.195 0.0000000000
72412  5.301  -4.181  49.847 0.0000000000
72433  6.446  -3.222  48.474 0.0000000000
75438  7.177  -2.300  46.227 0.0000000000
72276  12.386  -3.249  58.314 0.0000000000
72286  20.830  -3.265  56.209 0.0000000000
75227  24.630  -1.947  57.145 0.0000000000
78202  23.170  -1.440  55.691 0.0000000000
75207  24.066  -1.989  57.600 0.0000000000
72249  22.529  -2.527  57.172 0.0000000000
72250  21.473  -2.559  57.489 0.0000000000
72271  19.540  -2.674  57.250 0.0000000000
76663  18.303  -0.385  59.127 0.0000000000
79639  17.541  1.146  59.939 0.0000000000
79679  16.242  0.766  58.281 0.0000000000
79652  15.698  1.413  59.688 0.0000000000
78156  13.188  0.037  58.545 0.0000000000
75216  12.581  -1.645  58.277 0.0000000000
60829  12.937  -11.977  60.798 0.0000000000
59585  11.409  -12.481  60.014 0.0000000000
58268  11.893  -12.602  61.035 0.0000000000
57037  10.422  -13.321  60.290 0.0000000000
58288  9.063  -13.463  59.062 0.0000000000
55776  6.619  -14.484  58.324 0.0000000000
57079  5.046  -13.389  56.436 0.0000000000
59630  4.602  -11.821  56.433 0.0000000000
62062  10.591  -10.518  61.950 0.0000000000
59560  8.363  -12.153  61.489 0.0000000000
58271  6.974  -13.416  61.166 0.0000000000
60830  5.376  -11.595  60.126 0.0000000000
59580  5.145  -12.359  59.801 0.0000000000
57034  5.277  -13.034  59.532 0.0000000000
59606  4.369  -12.058  57.863 0.0000000000
60868  4.354  -11.168  56.841 0.0000000000
63398  4.013  -9.383  56.274 0.0000000000
66177  3.642  -7.419  56.197 0.0000000000
70746  3.257  -4.368  56.264 0.0000000000
73782  3.032  -2.460  56.265 0.0000000000
73753  3.370  -2.374  57.118 0.0000000000
76696  2.526  -0.624  57.076 0.0000000000
78210  2.543  0.257  55.787 0.0000000000
60888  20.834  -11.593  54.996 0.0000000000
63385  20.531  -9.956  57.930 0.0000000000
59616  8.799  -12.759  56.834 0.0000000000
59614  10.218  -11.720  56.292 0.0000000000
59677  8.638  -13.087  51.389 0.0000000000
60908  5.311  -11.250  53.837 0.0000000000
59651  5.642  -12.361  53.048 0.0000000000
58383  5.049  -13.952  51.324 0.0000000000
62173  6.997  -10.483  51.319 0.0000000000
59692  6.478  -12.258  50.327 0.0000000000
55938  4.367  -15.068  50.226 0.0000000000
55936  6.105  -15.024  49.540 0.0000000000
57155  7.579  -14.408  50.396 0.0000000000
57166  8.603  -14.173  49.356 0.0000000000
58427  8.134  -13.779  48.578 0.0000000000
63466  5.874  -9.560  45.954 0.0000000000
62249  6.627  -9.800  45.633 0.0000000000
81204  5.174  3.064  48.203 0.0000000000
81221  5.969  3.539  45.941 0.0000000000
79848  6.312  2.164  47.005 0.0000000000
78357  7.188  0.408  46.575 0.0000000000
78356  7.653  -0.217  46.064 0.0000000000
75449  7.594  -2.067  44.656 0.0000000000
78461  8.898  0.320  40.995 0.0000000000
76911  8.053  -1.276  42.348 0.0000000000
74015  7.299  -2.620  43.909 0.0000000000
74032  5.927  -3.334  42.612 0.0000000000
72581  5.247  -3.896  41.868 0.0000000000
69461  4.690  -5.603  41.453 0.0000000000
71064  5.680  -4.512  39.425 0.0000000000
73729  11.960  -2.631  59.690 0.0000000000
73723  11.863  -2.674  60.658 0.0000000000
73721  11.953  -2.694  61.523 0.0000000000
59675  9.807  -12.121  51.146 0.0000000000
59689  9.827  -12.347  50.670 0.0000000000
59705  9.421  -13.269  49.867 0.0000000000
58392  9.077  -13.497  49.977 0.0000000000
62052  13.629  -10.401  63.006 0.0000000000
62053  12.905  -10.270  62.719 0.0000000000
72306  20.039  -3.292  55.383 0.0000000000
72307  18.964  -2.986  55.263 0.0000000000
64694  15.504  -9.126  62.757 0.0000000000
63341  15.048  -9.621  62.710 0.0000000000
60881  4.760  -11.736  55.214 0.0000000000
62125  4.519  -11.061  55.137 0.0000000000
72482  6.763  -3.797  46.207 0.0000000000
70905  6.129  -5.154  46.713 0.0000000000
70919  6.523  -4.348  45.807 0.0000000000
70920  6.082  -4.989  45.458 0.0000000000
72503  6.584  -4.045  45.170 0.0000000000
67652  11.630  -6.756  62.707 0.0000000000
76655  17.078  -0.005  60.221 0.0000000000
75196  16.972  -0.963  59.269 0.0000000000
76665  16.547  -0.576  59.872 0.0000000000
73722  14.882  -2.396  60.298 0.0000000000
72227  15.244  -3.054  60.735 0.0000000000
72230  15.555  -4.623  60.240 0.0000000000
72226  15.372  -3.945  61.005 0.0000000000
73719  15.201  -3.604  61.422 0.0000000000
69144  12.873  -5.603  63.250 0.0000000000
69143  13.628  -5.177  63.229 0.0000000000
73792  3.169  -2.424  55.309 0.0000000000
73804  3.647  -2.294  54.478 0.0000000000
79805  4.711  1.052  49.808 0.0000000000
78290  4.912  0.292  49.936 0.0000000000
78311  5.242  0.499  49.239 0.0000000000
76825  5.810  -0.333  48.933 0.0000000000
78310  5.718  0.370  48.702 0.0000000000
60817  15.540  -11.048  61.598 0.0000000000
59566  14.763  -11.416  61.235 0.0000000000
57020  7.841  -13.879  60.910 0.0000000000
57019  8.844  -13.706  60.825 0.0000000000
55742  7.147  -14.144  60.589 0.0000000000
55764  6.105  -14.238  59.396 0.0000000000
55751  6.551  -14.316  60.186 0.0000000000
63355  8.234  -10.081  61.276 0.0000000000
62065  7.991  -10.733  61.572 0.0000000000
62071  6.934  -10.939  60.755 0.0000000000
66160  3.918  -7.452  58.508 0.0000000000
64743  3.661  -8.272  58.181 0.0000000000
66161  3.667  -7.358  57.866 0.0000000000
67690  3.590  -6.402  57.506 0.0000000000
69182  3.712  -5.532  57.604 0.0000000000
66153  18.901  -8.230  58.947 0.0000000000
66143  18.975  -7.918  59.668 0.0000000000
62079  20.816  -10.780  59.886 0.0000000000
60841  21.332  -11.602  58.460 0.0000000000
58294  10.383  -12.757  58.873 0.0000000000
59591  10.998  -12.223  58.723 0.0000000000
59593  9.611  -12.891  58.332 0.0000000000
55863  5.963  -15.438  53.122 0.0000000000
57105  7.131  -14.034  53.964 0.0000000000
55884  6.270  -15.186  52.785 0.0000000000
57121  7.094  -14.293  53.059 0.0000000000
55905  5.656  -15.499  51.375 0.0000000000
66233  4.714  -7.129  51.725 0.0000000000
64785  5.289  -8.064  52.308 0.0000000000
64794  5.209  -7.580  51.316 0.0000000000
62216  6.683  -10.579  48.207 0.0000000000
60988  6.300  -11.760  48.092 0.0000000000
60989  6.070  -12.361  47.925 0.0000000000
62223  6.580  -10.795  47.281 0.0000000000
66378  4.786  -7.094  43.092 0.0000000000
66349  5.202  -7.904  44.059 0.0000000000
66398  5.206  -7.085  42.769 0.0000000000
82572  7.395  3.897  42.652 0.0000000000
82571  8.237  3.486  42.351 0.0000000000
81250  8.603  2.628  42.947 0.0000000000
81267  8.844  2.587  41.832 0.0000000000
78515  6.513  -0.242  38.059 0.0000000000
76976  6.192  -0.704  39.038 0.0000000000
76975  6.949  -0.707  39.406 0.0000000000
76958  5.854  -1.236  39.583 0.0000000000
75536  5.436  -1.544  39.417 0.0000000000
70683  11.838  -5.433  62.209 0.0000000000
69161  11.753  -5.841  60.974 0.0000000000
79654  14.154  0.907  59.953 0.0000000000
79634  14.915  0.579  60.462 0.0000000000
79643  14.052  0.859  60.761 0.0000000000
76647  13.271  -0.701  62.240 0.0000000000
78125  13.524  -0.213  61.828 0.0000000000
76646  13.718  -0.877  62.255 0.0000000000
75184  14.014  -1.510  62.471 0.0000000000
76642  13.760  -1.613  62.604 0.0000000000
72224  12.470  -3.677  62.344 0.0000000000
73714  12.861  -2.959  62.951 0.0000000000
72220  12.712  -3.644  62.757 0.0000000000
70681  12.754  -4.233  62.901 0.0000000000
79736  2.527  1.303  53.494 0.0000000000
81174  2.795  2.714  51.084 0.0000000000
81182  3.188  3.027  50.226 0.0000000000
79792  3.598  2.142  50.491 0.0000000000
81189  3.910  3.319  49.835 0.0000000000
60802  14.429  -11.224  62.281 0.0000000000
59554  13.636  -11.452  62.017 0.0000000000
60805  12.044  -11.105  62.093 0.0000000000
59556  12.137  -11.784  61.795 0.0000000000
59557  11.265  -12.009  61.858 0.0000000000
67680  5.176  -6.636  58.895 0.0000000000
70705  4.879  -4.739  58.166 0.0000000000
70706  4.479  -4.712  57.846 0.0000000000
66128  17.201  -7.930  61.903 0.0000000000
66135  18.291  -8.026  61.122 0.0000000000
64704  17.938  -8.865  62.178 0.0000000000
64703  18.438  -9.370  62.149 0.0000000000
63362  19.907  -9.773  61.147 0.0000000000
63347  18.713  -9.895  61.988 0.0000000000
62050  15.222  -10.339  62.552 0.0000000000
62048  16.756  -10.210  62.748 0.0000000000
62060  15.621  -10.645  62.383 0.0000000000
55805  6.161  -14.447  56.840 0.0000000000
55803  6.762  -14.135  56.740 0.0000000000
54514  5.922  -14.480  55.994 0.0000000000
55842  5.110  -14.540  53.562 0.0000000000
57123  4.913  -14.544  53.312 0.0000000000
55865  4.510  -15.076  52.841 0.0000000000
57134  4.907  -14.107  52.959 0.0000000000
69355  5.320  -5.584  49.237 0.0000000000
67819  5.153  -6.241  49.845 0.0000000000
67845  5.430  -6.766  48.058 0.0000000000
67868  5.411  -6.977  47.795 0.0000000000
64821  5.948  -7.970  48.081 0.0000000000
66284  5.357  -7.472  47.298 0.0000000000
66304  5.228  -8.095  46.577 0.0000000000
66285  5.110  -7.044  46.826 0.0000000000
69423  5.056  -5.695  44.304 0.0000000000
69416  4.841  -6.128  44.826 0.0000000000
69424  4.828  -5.935  43.832 0.0000000000
78547  5.253  -0.281  36.371 0.0000000000
78566  4.968  -0.325  35.651 0.0000000000
77010  4.515  -0.983  36.650 0.0000000000
77023  4.668  -0.758  35.870 0.0000000000
63344  12.503  -9.438  62.812 0.0000000000
64698  12.088  -8.449  62.841 0.0000000000
66125  10.293  -7.684  62.367 0.0000000000
64700  10.438  -8.404  62.425 0.0000000000
64701  9.714  -8.255  62.195 0.0000000000
64709  9.166  -8.897  61.975 0.0000000000
64702  9.211  -8.262  61.963 0.0000000000
69158  10.739  -6.728  61.716 0.0000000000
67661  10.266  -7.155  61.881 0.0000000000
66136  9.212  -8.263  61.574 0.0000000000
66142  8.255  -8.657  60.686 0.0000000000
64715  8.034  -9.110  60.661 0.0000000000
64721  7.392  -9.897  60.050 0.0000000000
63364  6.803  -10.406  59.905 0.0000000000
63363  7.282  -10.139  59.717 0.0000000000
73761  18.321  -2.240  57.508 0.0000000000
72273  17.835  -2.389  57.010 0.0000000000
75212  16.309  -1.357  58.630 0.0000000000
73763  16.050  -2.230  57.424 0.0000000000
76667  15.035  -0.809  59.812 0.0000000000
75214  15.081  -1.979  59.082 0.0000000000
72253  15.088  -3.485  58.150 0.0000000000
70714  15.255  -4.474  58.506 0.0000000000
70713  15.712  -4.989  58.934 0.0000000000
70693  16.572  -5.584  60.370 0.0000000000
70692  17.024  -5.984  60.250 0.0000000000
69160  17.689  -6.153  60.091 0.0000000000
70688  16.936  -6.062  60.531 0.0000000000
72217  14.758  -3.877  62.307 0.0000000000
69141  15.305  -5.441  62.563 0.0000000000
69140  15.583  -5.252  62.305 0.0000000000
67659  15.206  -6.384  62.516 0.0000000000
66121  13.627  -7.516  62.716 0.0000000000
66186  3.887  -7.458  55.594 0.0000000000
64766  4.177  -8.159  55.301 0.0000000000
67714  3.870  -6.460  55.273 0.0000000000
70793  4.275  -4.336  53.627 0.0000000000
69263  4.410  -5.349  53.667 0.0000000000
69288  4.243  -4.807  53.273 0.0000000000
70809  4.124  -4.446  52.665 0.0000000000
76784  4.089  -0.347  52.776 0.0000000000
75287  4.109  -1.353  53.254 0.0000000000
75308  4.360  -1.226  52.468 0.0000000000
73846  4.771  -2.612  51.223 0.0000000000
73829  4.638  -2.205  51.556 0.0000000000
70843  4.386  -4.688  51.468 0.0000000000
72392  4.553  -4.195  51.089 0.0000000000
70842  4.617  -4.727  50.813 0.0000000000
72391  5.020  -3.630  50.507 0.0000000000
75393  6.367  -1.091  48.727 0.0000000000
73917  6.330  -2.253  48.726 0.0000000000
73940  6.725  -2.612  47.739 0.0000000000
75425  7.087  -2.003  47.144 0.0000000000
72293  12.607  -3.148  57.632 0.0000000000
72275  12.717  -3.855  57.949 0.0000000000
70742  22.234  -3.451  55.397 0.0000000000
70763  22.539  -4.027  54.422 0.0000000000
72304  21.708  -3.437  55.225 0.0000000000
78204  21.545  -1.074  56.126 0.0000000000
76747  21.569  -1.249  54.528 0.0000000000
78162  22.674  -1.403  56.809 0.0000000000
76688  23.867  -1.469  56.980 0.0000000000
76675  23.588  -1.739  57.413 0.0000000000
73740  23.343  -2.258  57.441 0.0000000000
75208  22.958  -1.889  57.513 0.0000000000
72251  20.568  -2.518  57.702 0.0000000000
72270  20.637  -2.968  57.058 0.0000000000
72252  19.993  -2.338  57.752 0.0000000000
79648  18.545  0.200  58.394 0.0000000000
75194  19.057  -1.077  58.969 0.0000000000
78131  18.197  0.030  59.253 0.0000000000
76654  18.015  0.052  60.077 0.0000000000
79638  17.975  0.763  59.563 0.0000000000
76711  15.154  -0.599  56.671 0.0000000000
78191  15.251  -0.164  57.414 0.0000000000
78153  15.730  0.661  58.436 0.0000000000
78171  14.724  -0.036  57.959 0.0000000000
78155  14.148  0.488  58.804 0.0000000000
78172  13.809  -0.264  58.105 0.0000000000
75242  12.930  -2.352  57.040 0.0000000000
75215  13.021  -1.326  57.967 0.0000000000
73765  12.511  -2.546  57.895 0.0000000000
73749  12.168  -2.539  58.733 0.0000000000
60826  15.381  -11.078  60.928 0.0000000000
59577  13.278  -12.128  61.013 0.0000000000
60828  13.495  -11.654  60.715 0.0000000000
59578  12.294  -12.199  60.675 0.0000000000
59579  11.729  -12.479  60.648 0.0000000000
58255  13.036  -11.816  61.584 0.0000000000
58267  12.747  -12.307  61.150 0.0000000000
57030  8.961  -13.537  60.247 0.0000000000
57038  9.729  -13.473  59.939 0.0000000000
57039  8.850  -13.520  59.556 0.0000000000
57041  7.744  -13.971  59.007 0.0000000000
55762  7.353  -14.494  59.074 0.0000000000
55790  5.180  -13.491  57.615 0.0000000000
55789  5.654  -14.174  57.448 0.0000000000
57080  4.919  -13.163  57.166 0.0000000000
59617  4.777  -12.404  56.423 0.0000000000
58321  4.814  -12.809  56.781 0.0000000000
63351  10.987  -9.973  62.148 0.0000000000
62061  11.383  -10.475  62.220 0.0000000000
60810  7.258  -11.598  61.498 0.0000000000
60808  8.996  -11.293  61.610 0.0000000000
59561  7.410  -12.163  61.587 0.0000000000
58261  7.724  -13.090  61.350 0.0000000000
58262  6.856  -12.700  61.429 0.0000000000
63366  4.964  -10.352  59.322 0.0000000000
62077  5.400  -11.129  59.922 0.0000000000
60840  4.589  -11.448  59.158 0.0000000000
58289  5.066  -12.656  59.431 0.0000000000
59594  4.597  -12.053  58.662 0.0000000000
58298  4.818  -12.597  58.882 0.0000000000
63391  3.509  -8.849  57.323 0.0000000000
62107  4.058  -10.329  57.257 0.0000000000
62117  3.816  -9.553  56.982 0.0000000000
62116  4.251  -10.315  56.542 0.0000000000
63399  3.628  -8.714  56.741 0.0000000000
64759  3.857  -8.329  56.070 0.0000000000
64760  3.547  -7.978  56.600 0.0000000000
70735  3.134  -4.441  56.897 0.0000000000
69210  3.311  -5.376  56.643 0.0000000000
72313  3.121  -3.404  55.762 0.0000000000
72259  3.738  -3.512  56.965 0.0000000000
62118  20.733  -10.854  55.868 0.0000000000
63400  20.208  -10.163  56.080 0.0000000000
64727  19.683  -8.804  59.955 0.0000000000
63377  20.249  -9.558  58.259 0.0000000000
63376  20.566  -9.771  58.663 0.0000000000
60815  17.700  -11.105  61.333 0.0000000000
59602  10.896  -11.919  57.893 0.0000000000
60855  11.430  -11.573  57.823 0.0000000000
60867  10.915  -11.631  56.908 0.0000000000
58320  7.636  -13.598  56.283 0.0000000000
59605  8.788  -12.897  57.423 0.0000000000
58319  8.324  -13.238  56.137 0.0000000000
59628  8.879  -12.608  55.765 0.0000000000
59627  9.685  -12.010  55.328 0.0000000000
59640  9.503  -12.125  54.487 0.0000000000
58381  7.664  -13.941  51.863 0.0000000000
59650  8.677  -12.608  53.442 0.0000000000
58368  8.116  -13.453  52.082 0.0000000000
58380  8.133  -13.721  51.201 0.0000000000
62135  4.694  -10.444  54.513 0.0000000000
62147  5.181  -10.136  53.605 0.0000000000
62159  6.235  -10.424  52.671 0.0000000000
62146  5.763  -10.852  53.263 0.0000000000
60922  6.229  -11.495  52.731 0.0000000000
58370  5.449  -13.503  52.189 0.0000000000
59663  6.336  -12.371  52.043 0.0000000000
64801  6.359  -8.505  50.892 0.0000000000
63438  7.040  -9.021  50.394 0.0000000000
59706  6.274  -12.483  49.031 0.0000000000
59693  5.669  -13.319  49.883 0.0000000000
59694  5.135  -13.772  50.186 0.0000000000
57169  5.090  -14.551  49.808 0.0000000000
55937  5.091  -15.063  49.954 0.0000000000
57168  5.606  -14.664  49.303 0.0000000000
57184  6.331  -14.455  48.586 0.0000000000
55963  6.711  -14.838  49.118 0.0000000000
57167  7.795  -14.367  49.696 0.0000000000
57183  7.628  -14.499  48.955 0.0000000000
61035  6.843  -11.709  46.894 0.0000000000
61034  7.133  -11.454  46.647 0.0000000000
64841  5.446  -8.768  46.272 0.0000000000
64854  5.348  -8.573  45.462 0.0000000000
63492  5.860  -8.663  44.598 0.0000000000
62250  6.239  -9.609  45.328 0.0000000000
63478  6.494  -9.357  45.116 0.0000000000
63477  7.228  -9.402  45.364 0.0000000000
82535  6.152  3.658  45.216 0.0000000000
81220  6.700  2.860  45.672 0.0000000000
81212  6.020  2.987  46.649 0.0000000000
81211  6.619  2.303  46.438 0.0000000000
79835  6.775  0.970  47.097 0.0000000000
79861  7.140  1.923  46.017 0.0000000000
78398  8.644  0.451  44.332 0.0000000000
78378  8.050  0.302  45.528 0.0000000000
78377  8.446  -0.131  44.804 0.0000000000
76869  7.914  -0.935  45.487 0.0000000000
78513  8.274  0.560  38.264 0.0000000000
79971  8.976  1.587  38.708 0.0000000000
79958  9.108  1.088  39.766 0.0000000000
79938  9.392  1.452  40.541 0.0000000000
78477  8.802  0.408  40.207 0.0000000000
76934  6.933  -1.370  40.674 0.0000000000
76933  7.769  -1.066  41.301 0.0000000000
75499  7.450  -1.581  41.837 0.0000000000
75464  7.309  -2.190  43.383 0.0000000000
75483  6.734  -2.302  42.374 0.0000000000
74016  6.658  -3.144  43.414 0.0000000000
74031  6.260  -2.725  42.483 0.0000000000
74048  5.290  -3.255  41.349 0.0000000000
72580  5.452  -3.420  41.999 0.0000000000
71000  4.853  -4.872  41.422 0.0000000000
74101  5.042  -2.574  38.603 0.0000000000
72228  12.141  -3.633  61.820 0.0000000000
70690  12.008  -4.604  61.549 0.0000000000
70695  12.080  -4.933  60.891 0.0000000000
69169  12.348  -6.075  60.519 0.0000000000
76659  12.339  -0.710  59.894 0.0000000000
78136  12.834  0.080  60.480 0.0000000000
76652  12.027  -0.849  60.845 0.0000000000
76649  12.182  -1.097  61.468 0.0000000000
76644  13.030  -1.259  62.432 0.0000000000
75185  12.737  -1.626  62.276 0.0000000000
75186  12.326  -1.829  61.870 0.0000000000
73718  12.222  -2.778  62.183 0.0000000000
57181  9.247  -13.774  48.738 0.0000000000
60792  14.473  -10.952  62.638 0.0000000000
59548  13.308  -11.184  62.424 0.0000000000
60793  13.760  -11.097  62.808 0.0000000000
60794  13.020  -10.998  62.477 0.0000000000
64707  15.442  -8.225  62.591 0.0000000000
64706  15.950  -8.597  62.643 0.0000000000
63350  16.562  -9.295  62.678 0.0000000000
63339  16.572  -9.826  62.796 0.0000000000
57094  4.971  -13.754  55.502 0.0000000000
55825  5.048  -14.155  54.880 0.0000000000
58349  4.891  -13.325  55.016 0.0000000000
72434  6.198  -4.086  48.241 0.0000000000
69375  5.610  -5.372  48.316 0.0000000000
70887  6.010  -4.863  47.733 0.0000000000
69392  5.710  -5.639  47.284 0.0000000000
69393  5.364  -6.192  46.812 0.0000000000
69405  4.967  -6.138  45.818 0.0000000000
70934  5.505  -5.190  44.094 0.0000000000
66122  12.657  -7.477  62.924 0.0000000000
66123  11.777  -7.496  62.852 0.0000000000
67666  9.666  -7.727  61.328 0.0000000000
64719  8.664  -8.510  59.944 0.0000000000
64730  8.179  -9.550  59.432 0.0000000000
63371  7.621  -10.153  59.209 0.0000000000
63370  8.323  -9.796  59.041 0.0000000000
75195  18.058  -1.055  59.069 0.0000000000
75211  17.263  -1.352  58.668 0.0000000000
72225  16.080  -4.927  60.789 0.0000000000
72221  15.888  -4.787  61.231 0.0000000000
70673  13.983  -4.183  63.245 0.0000000000
70678  14.818  -4.555  62.788 0.0000000000
70680  13.740  -4.654  63.241 0.0000000000
67648  14.874  -5.855  62.719 0.0000000000
67660  14.830  -6.533  62.559 0.0000000000
67649  14.367  -6.392  62.701 0.0000000000
70758  3.473  -4.321  55.366 0.0000000000
69242  3.801  -5.041  55.139 0.0000000000
72344  4.143  -3.632  54.000 0.0000000000
72343  4.020  -3.165  53.518 0.0000000000
78255  4.100  0.586  51.514 0.0000000000
76791  4.395  -0.287  51.694 0.0000000000
76802  4.661  -0.563  51.173 0.0000000000
75351  4.879  -1.224  50.880 0.0000000000
75375  5.298  -1.253  50.061 0.0000000000
73893  5.441  -1.808  49.888 0.0000000000
75395  5.487  -1.113  49.672 0.0000000000
76824  6.278  -0.437  48.547 0.0000000000
76841  6.566  -0.417  47.870 0.0000000000
70741  22.520  -3.410  55.628 0.0000000000
78163  21.545  -1.074  57.024 0.0000000000
75193  19.955  -1.266  58.473 0.0000000000
78152  19.041  -0.061  58.006 0.0000000000
78167  18.151  0.291  57.462 0.0000000000
76713  13.418  -1.528  56.655 0.0000000000
57017  10.638  -12.897  60.956 0.0000000000
55740  8.259  -13.675  60.331 0.0000000000
55749  7.665  -13.916  59.889 0.0000000000
55763  6.650  -14.572  59.279 0.0000000000
57065  4.785  -13.065  57.771 0.0000000000
63353  9.340  -9.617  61.970 0.0000000000
62063  9.663  -10.423  61.762 0.0000000000
60811  6.536  -11.742  61.353 0.0000000000
64724  4.299  -9.169  58.951 0.0000000000
63367  4.718  -9.979  58.891 0.0000000000
63374  4.278  -9.528  58.583 0.0000000000
62098  4.109  -10.117  57.945 0.0000000000
62099  3.743  -9.439  57.869 0.0000000000
63384  3.557  -8.928  57.807 0.0000000000
66168  3.495  -7.282  57.330 0.0000000000
69196  3.385  -5.444  57.169 0.0000000000
72279  3.170  -3.467  57.011 0.0000000000
72290  16.324  -2.770  56.011 0.0000000000
72325  16.303  -3.606  54.803 0.0000000000
66154  18.345  -7.906  58.508 0.0000000000
64737  19.079  -8.489  58.265 0.0000000000
64745  19.440  -9.008  57.628 0.0000000000
59590  11.621  -11.803  58.953 0.0000000000
60847  11.539  -11.725  58.587 0.0000000000
57093  6.434  -14.486  54.497 0.0000000000
58333  7.794  -13.546  55.494 0.0000000000
58348  7.607  -13.622  54.617 0.0000000000
58347  8.201  -13.185  54.081 0.0000000000
58369  7.564  -13.813  52.639 0.0000000000
55903  7.061  -14.815  51.438 0.0000000000
64778  4.975  -8.201  53.320 0.0000000000
63414  5.410  -9.039  53.075 0.0000000000
63422  5.627  -8.685  52.511 0.0000000000
63420  6.595  -10.073  52.030 0.0000000000
63446  7.161  -9.136  49.488 0.0000000000
62204  7.271  -9.639  49.871 0.0000000000
62205  7.173  -10.191  49.362 0.0000000000
60966  6.736  -11.431  49.167 0.0000000000
57185  5.609  -14.211  48.820 0.0000000000
58429  5.774  -13.659  48.350 0.0000000000
57201  6.104  -13.943  47.889 0.0000000000
58452  6.676  -13.390  48.020 0.0000000000
59752  6.307  -12.603  47.756 0.0000000000
64875  4.930  -7.988  44.938 0.0000000000
64897  5.483  -8.026  44.053 0.0000000000
64873  5.997  -8.204  44.164 0.0000000000
82544  6.942  3.513  44.183 0.0000000000
81229  7.471  2.767  44.697 0.0000000000
79875  7.886  1.865  44.963 0.0000000000
81228  8.171  2.132  44.407 0.0000000000
79888  8.715  1.662  43.698 0.0000000000
78418  9.124  0.471  43.022 0.0000000000
78514  7.418  0.086  38.099 0.0000000000
78498  7.735  -0.236  39.087 0.0000000000
78478  8.226  -0.189  39.842 0.0000000000
75519  6.433  -1.572  40.635 0.0000000000
75501  5.993  -2.207  41.143 0.0000000000
75520  5.897  -1.829  40.432 0.0000000000
74065  5.359  -2.721  40.655 0.0000000000
69146  11.550  -6.210  62.348 0.0000000000
69152  11.434  -6.122  62.028 0.0000000000
69157  11.339  -6.255  61.614 0.0000000000
69163  10.767  -6.820  61.479 0.0000000000
79641  15.707  0.983  60.355 0.0000000000
76656  15.997  -0.113  60.164 0.0000000000
78127  14.537  0.148  60.991 0.0000000000
79631  13.928  0.542  61.414 0.0000000000
78123  14.241  -0.372  61.438 0.0000000000
76650  14.522  -0.783  61.211 0.0000000000
75187  14.612  -1.821  61.645 0.0000000000
73717  14.725  -2.961  61.965 0.0000000000
73716  15.037  -3.480  61.625 0.0000000000
73711  14.453  -2.967  62.600 0.0000000000
73712  14.161  -2.921  62.993 0.0000000000
75177  13.162  -2.679  62.951 0.0000000000
73709  13.508  -2.996  63.140 0.0000000000
72214  13.682  -3.610  63.175 0.0000000000
70675  13.024  -4.389  63.097 0.0000000000
70676  12.623  -4.814  63.028 0.0000000000
78221  2.713  0.309  54.789 0.0000000000
76757  3.256  -0.491  54.502 0.0000000000
78232  3.149  0.485  54.020 0.0000000000
78242  3.181  0.394  53.062 0.0000000000
78256  3.792  0.438  52.167 0.0000000000
81163  2.554  2.371  52.088 0.0000000000
79772  4.104  0.879  51.147 0.0000000000
79806  4.339  1.990  49.824 0.0000000000
59553  14.272  -11.431  61.838 0.0000000000
58256  12.395  -12.136  61.474 0.0000000000
58257  11.384  -12.489  61.331 0.0000000000
57009  10.708  -12.731  61.176 0.0000000000
57011  9.404  -13.349  61.106 0.0000000000
57012  8.432  -13.585  61.121 0.0000000000
63359  6.879  -10.652  60.402 0.0000000000
63360  6.030  -10.808  60.365 0.0000000000
63365  5.708  -10.588  59.646 0.0000000000
64722  5.016  -9.948  59.199 0.0000000000
66151  4.750  -7.706  59.002 0.0000000000
64732  4.360  -8.626  58.993 0.0000000000
66152  4.170  -7.539  59.016 0.0000000000
67682  4.119  -6.517  58.685 0.0000000000
69181  4.084  -5.592  58.137 0.0000000000
72258  4.365  -3.599  57.151 0.0000000000
66139  18.314  -7.462  60.535 0.0000000000
66134  18.933  -8.549  61.093 0.0000000000
64714  18.272  -8.505  61.695 0.0000000000
64718  19.567  -9.118  60.948 0.0000000000
64717  20.021  -9.634  60.887 0.0000000000
62075  20.512  -10.610  60.886 0.0000000000
63357  19.940  -10.240  61.300 0.0000000000
62058  17.273  -10.452  62.477 0.0000000000
58297  8.250  -13.395  58.163 0.0000000000
58308  7.495  -13.653  56.905 0.0000000000
55823  6.642  -14.178  56.025 0.0000000000
54529  5.802  -14.638  54.727 0.0000000000
54528  5.816  -14.964  54.418 0.0000000000
54546  5.915  -15.290  53.731 0.0000000000
54559  5.568  -15.353  53.039 0.0000000000
54604  4.040  -15.706  51.626 0.0000000000
67792  4.742  -6.366  50.833 0.0000000000
66245  4.892  -7.020  50.949 0.0000000000
66253  5.143  -6.746  50.242 0.0000000000
66252  5.446  -7.158  49.720 0.0000000000
64811  6.040  -7.674  49.223 0.0000000000
67846  5.368  -6.436  48.622 0.0000000000
64820  6.600  -8.481  48.768 0.0000000000
64831  6.342  -8.806  47.886 0.0000000000
64842  5.086  -8.179  46.013 0.0000000000
67904  4.670  -6.711  45.495 0.0000000000
66326  4.648  -7.397  45.127 0.0000000000
67940  4.630  -6.573  43.464 0.0000000000
78529  5.928  -0.272  37.147 0.0000000000
77008  5.253  -0.594  37.530 0.0000000000
76994  4.862  -0.859  38.058 0.0000000000
76995  4.558  -1.058  37.419 0.0000000000
75589  4.978  -0.835  35.038 0.0000000000
59676  9.421  -12.292  51.513 0.0000000000
63343  13.404  -9.506  62.953 0.0000000000
63345  11.459  -9.421  62.503 0.0000000000
64699  11.235  -8.349  62.699 0.0000000000
69147  10.939  -6.876  62.152 0.0000000000
67654  10.344  -7.265  62.094 0.0000000000
67655  9.701  -7.458  61.968 0.0000000000
66132  9.046  -7.928  61.923 0.0000000000
66133  8.800  -8.565  61.489 0.0000000000
64711  8.380  -9.304  61.071 0.0000000000
64712  7.813  -9.911  60.657 0.0000000000
63382  5.929  -9.787  58.644 0.0000000000
62087  6.945  -10.401  58.693 0.0000000000
72288  18.670  -2.711  56.223 0.0000000000
72289  17.444  -2.558  56.292 0.0000000000
73776  16.727  -2.528  56.551 0.0000000000
73777  16.135  -2.528  56.700 0.0000000000
72274  15.181  -3.407  57.235 0.0000000000
75213  15.426  -1.620  58.806 0.0000000000
73764  15.355  -2.653  57.717 0.0000000000
70743  15.185  -4.262  56.723 0.0000000000
69165  17.569  -6.248  59.830 0.0000000000
69154  18.004  -6.436  60.151 0.0000000000
67663  17.943  -6.689  60.257 0.0000000000
70684  16.044  -5.181  61.551 0.0000000000
70677  15.378  -4.789  62.292 0.0000000000
70685  15.611  -4.797  61.896 0.0000000000
69149  16.760  -6.129  61.446 0.0000000000
69148  17.344  -6.548  60.957 0.0000000000
66130  15.502  -7.510  62.494 0.0000000000
66119  15.178  -8.047  62.553 0.0000000000
63407  4.367  -8.714  54.791 0.0000000000
64771  4.568  -8.228  54.096 0.0000000000
67721  4.345  -6.318  54.213 0.0000000000
66209  4.436  -6.996  53.772 0.0000000000
66208  4.605  -7.546  53.479 0.0000000000
66222  4.396  -6.857  52.884 0.0000000000
66234  4.418  -6.775  52.202 0.0000000000
67768  4.399  -6.362  51.608 0.0000000000
75270  3.693  -1.397  54.121 0.0000000000
75286  4.043  -1.925  53.710 0.0000000000
73816  4.127  -2.434  53.083 0.0000000000
73831  4.460  -1.745  52.214 0.0000000000
73830  4.467  -2.457  51.997 0.0000000000
72356  4.144  -3.649  52.698 0.0000000000
70827  4.212  -4.540  52.165 0.0000000000
69310  4.242  -5.464  51.801 0.0000000000
67793  4.427  -5.834  51.203 0.0000000000
70857  5.039  -4.765  50.062 0.0000000000
70856  5.507  -4.698  49.409 0.0000000000
73868  5.626  -3.063  50.091 0.0000000000
72411  5.964  -3.595  49.498 0.0000000000
70869  5.858  -4.678  48.725 0.0000000000
73960  6.879  -2.912  46.731 0.0000000000
72255  12.131  -3.598  59.138 0.0000000000
72254  12.418  -3.939  58.590 0.0000000000
70732  12.965  -4.658  57.469 0.0000000000
78181  23.609  -1.499  55.934 0.0000000000
72268  22.854  -2.911  56.528 0.0000000000
72269  21.674  -2.975  56.799 0.0000000000
73741  22.219  -2.134  57.650 0.0000000000
72287  19.788  -3.029  56.272 0.0000000000
73726  19.284  -1.575  58.631 0.0000000000
73727  18.696  -1.368  58.849 0.0000000000
78133  17.368  0.653  60.161 0.0000000000
76709  17.329  -0.517  56.318 0.0000000000
78168  17.352  0.302  57.537 0.0000000000
78169  16.490  0.348  57.656 0.0000000000
79678  17.029  0.653  58.132 0.0000000000
79665  16.758  0.682  58.965 0.0000000000
79651  16.610  1.411  59.754 0.0000000000
81063  16.183  1.485  60.156 0.0000000000
79653  15.011  0.959  59.743 0.0000000000
78142  13.963  0.782  59.401 0.0000000000
78143  13.342  0.418  59.537 0.0000000000
78173  13.344  -0.522  58.226 0.0000000000
76679  12.890  -0.842  58.404 0.0000000000
76668  12.681  -0.244  59.093 0.0000000000
75199  12.115  -1.665  59.260 0.0000000000
60827  14.347  -11.361  60.646 0.0000000000
60839  12.632  -11.553  60.215 0.0000000000
58286  10.525  -13.075  59.546 0.0000000000
58279  12.127  -12.513  60.914 0.0000000000
58280  11.213  -12.796  60.530 0.0000000000
58287  9.563  -13.366  59.225 0.0000000000
57051  8.129  -13.615  58.666 0.0000000000
55775  6.976  -14.351  58.029 0.0000000000
54503  5.932  -14.461  56.800 0.0000000000
55788  6.105  -14.453  57.489 0.0000000000
55806  5.233  -13.938  56.325 0.0000000000
58334  4.983  -13.033  55.976 0.0000000000
60882  4.553  -11.212  55.935 0.0000000000
60806  10.954  -11.353  62.033 0.0000000000
60807  10.057  -11.287  61.516 0.0000000000
59559  9.431  -12.109  61.368 0.0000000000
57022  6.542  -13.881  60.743 0.0000000000
62072  6.080  -11.157  60.690 0.0000000000
62073  5.563  -11.404  60.368 0.0000000000
60819  5.489  -11.803  60.487 0.0000000000
62078  4.742  -10.876  59.380 0.0000000000
60831  4.931  -11.693  59.834 0.0000000000
59570  5.723  -12.388  60.918 0.0000000000
58273  5.462  -13.000  60.519 0.0000000000
57024  5.613  -13.412  60.269 0.0000000000
55753  5.882  -13.949  60.028 0.0000000000
57042  5.360  -13.355  59.300 0.0000000000
57054  4.908  -13.100  58.407 0.0000000000
60857  4.270  -11.196  57.547 0.0000000000
59618  4.410  -12.077  57.062 0.0000000000
67707  3.681  -6.959  55.814 0.0000000000
66178  3.480  -7.267  56.776 0.0000000000
67708  3.545  -6.401  56.177 0.0000000000
69225  3.562  -5.303  55.833 0.0000000000
75245  3.101  -1.485  55.846 0.0000000000
73768  2.952  -2.458  56.959 0.0000000000
75221  2.809  -1.489  57.423 0.0000000000
75233  2.809  -1.522  56.728 0.0000000000
76716  2.692  -0.637  56.261 0.0000000000
76738  2.874  -0.579  55.345 0.0000000000
72323  18.103  -3.220  54.379 0.0000000000
72337  18.354  -3.644  53.676 0.0000000000
72324  16.964  -3.419  54.424 0.0000000000
64736  19.756  -8.934  58.729 0.0000000000
60862  21.179  -11.202  56.240 0.0000000000
59604  9.378  -12.696  57.663 0.0000000000
59603  10.386  -12.149  57.479 0.0000000000
59615  9.536  -12.288  56.569 0.0000000000
59626  10.256  -11.608  55.600 0.0000000000
59691  8.606  -13.388  50.844 0.0000000000
60895  4.982  -11.603  54.546 0.0000000000
59652  5.396  -12.618  53.495 0.0000000000
58371  5.055  -14.128  52.606 0.0000000000
58384  4.261  -14.433  51.619 0.0000000000
55920  4.003  -15.375  50.776 0.0000000000
64793  5.812  -8.366  51.600 0.0000000000
63429  6.773  -9.241  51.425 0.0000000000
62158  6.646  -11.031  52.080 0.0000000000
60933  6.776  -11.570  51.300 0.0000000000
59678  6.405  -12.392  51.567 0.0000000000
59679  5.830  -13.157  51.120 0.0000000000
58412  4.361  -14.517  50.354 0.0000000000
55919  4.444  -15.458  50.691 0.0000000000
55918  5.352  -15.394  50.513 0.0000000000
55917  6.335  -15.268  50.607 0.0000000000
55916  7.044  -14.869  50.882 0.0000000000
55935  7.028  -14.794  49.846 0.0000000000
57143  7.962  -14.022  50.654 0.0000000000
58393  8.562  -13.672  50.412 0.0000000000
58409  8.808  -13.844  49.828 0.0000000000
57182  8.701  -14.087  48.816 0.0000000000
58450  8.475  -13.187  48.318 0.0000000000
63465  6.387  -9.963  46.633 0.0000000000
63479  5.885  -9.174  45.113 0.0000000000
62236  6.241  -9.754  45.665 0.0000000000
62248  7.368  -9.962  45.966 0.0000000000
81197  4.331  3.612  49.312 0.0000000000
81196  4.813  3.201  48.976 0.0000000000
81195  5.032  2.436  48.816 0.0000000000
82517  5.396  3.503  47.322 0.0000000000
81203  5.738  2.504  47.520 0.0000000000
79837  5.506  1.821  48.322 0.0000000000
78334  6.139  0.711  48.242 0.0000000000
78333  6.635  0.493  47.411 0.0000000000
76856  6.965  -0.155  47.134 0.0000000000
78379  7.354  1.103  46.079 0.0000000000
76855  7.469  -0.715  46.601 0.0000000000
75424  7.348  -1.557  46.659 0.0000000000
75437  7.493  -1.694  45.827 0.0000000000
73977  7.330  -2.597  45.251 0.0000000000
78439  9.385  1.040  41.656 0.0000000000
78440  9.202  0.541  41.863 0.0000000000
76955  8.310  -0.326  40.629 0.0000000000
76910  8.683  -0.485  42.179 0.0000000000
76891  8.597  -0.562  43.250 0.0000000000
76892  8.024  -1.389  43.316 0.0000000000
73996  6.949  -3.339  44.642 0.0000000000
72526  6.408  -3.950  44.062 0.0000000000
72546  6.159  -3.924  43.335 0.0000000000
70952  5.442  -4.784  43.283 0.0000000000
74047  5.642  -2.774  41.780 0.0000000000
72564  5.515  -3.660  42.293 0.0000000000
70953  5.024  -5.147  43.227 0.0000000000
70975  5.016  -5.008  42.360 0.0000000000
69447  4.728  -5.661  42.055 0.0000000000
67979  4.781  -6.163  41.569 0.0000000000
75537  4.992  -1.899  39.083 0.0000000000
74081  5.159  -2.630  39.584 0.0000000000
71029  5.063  -4.487  40.375 0.0000000000
54504  5.852  -14.406  57.070 0.0000000000
54530  5.495  -14.359  55.356 0.0000000000
54547  5.674  -15.011  53.755 0.0000000000
54548  5.317  -14.622  53.874 0.0000000000
54558  5.893  -15.434  53.474 0.0000000000
54560  5.074  -15.175  53.021 0.0000000000
54561  4.742  -14.995  53.090 0.0000000000
54580  5.263  -15.477  52.366 0.0000000000
54581  4.687  -15.542  52.123 0.0000000000
54582  4.427  -15.308  52.479 0.0000000000
54603  4.225  -15.812  51.343 0.0000000000
54624  4.308  -15.815  51.036 0.0000000000
54625  4.052  -15.829  51.049 0.0000000000
55750  7.148  -14.345  59.949 0.0000000000
55752  5.961  -14.105  59.961 0.0000000000
55760  8.259  -13.635  59.562 0.0000000000
55761  7.851  -13.851  59.465 0.0000000000
55765  5.730  -13.791  59.543 0.0000000000
55779  5.183  -13.401  58.365 0.0000000000
55786  6.715  -14.239  57.236 0.0000000000
55787  6.455  -14.376  57.413 0.0000000000
55804  6.331  -14.372  56.358 0.0000000000
55807  5.121  -13.476  56.877 0.0000000000
55824  6.259  -14.468  55.130 0.0000000000
55841  6.013  -14.935  54.144 0.0000000000
55843  4.747  -14.827  53.236 0.0000000000
55862  6.096  -15.269  53.556 0.0000000000
55864  4.626  -14.729  53.076 0.0000000000
55885  5.790  -15.452  52.353 0.0000000000
55887  4.053  -15.267  52.197 0.0000000000
55904  6.549  -15.158  51.723 0.0000000000
55906  4.715  -15.629  51.257 0.0000000000
55907  3.946  -15.287  51.488 0.0000000000
55939  4.079  -15.077  50.301 0.0000000000
55964  6.388  -14.809  49.047 0.0000000000
57010  10.207  -13.026  61.164 0.0000000000
57013  7.724  -13.684  61.093 0.0000000000
57021  7.209  -13.957  60.952 0.0000000000
57023  5.917  -13.551  60.547 0.0000000000
57029  9.780  -13.458  60.566 0.0000000000
57031  6.126  -13.983  60.329 0.0000000000
57032  5.798  -13.753  60.158 0.0000000000
57033  5.548  -13.432  59.867 0.0000000000
57040  8.217  -13.670  59.234 0.0000000000
57043  4.958  -12.842  58.988 0.0000000000
57050  8.679  -13.555  59.002 0.0000000000
57052  7.465  -14.016  58.453 0.0000000000
57053  5.184  -13.299  58.799 0.0000000000
57064  7.242  -13.885  57.449 0.0000000000
57078  7.072  -13.881  56.472 0.0000000000
57122  6.506  -14.736  53.312 0.0000000000
57124  4.517  -14.843  52.942 0.0000000000
57132  7.315  -14.389  52.203 0.0000000000
57133  6.765  -14.742  52.485 0.0000000000
57135  4.418  -14.737  52.625 0.0000000000
57146  4.008  -14.847  51.860 0.0000000000
57154  8.224  -14.088  50.049 0.0000000000
57156  3.981  -14.868  51.112 0.0000000000
57165  9.258  -13.970  48.974 0.0000000000
57170  4.371  -14.791  50.220 0.0000000000
57171  4.072  -14.873  50.471 0.0000000000
58259  9.855  -12.761  61.339 0.0000000000
58263  6.466  -12.470  61.391 0.0000000000
58270  7.404  -13.591  61.133 0.0000000000
58272  6.226  -12.974  61.075 0.0000000000
58274  5.339  -12.707  60.116 0.0000000000
58281  5.469  -13.215  60.130 0.0000000000
58282  5.334  -12.928  59.887 0.0000000000
58296  8.978  -13.228  58.428 0.0000000000
58306  8.823  -12.987  57.753 0.0000000000
58309  4.593  -12.677  58.181 0.0000000000
58382  5.606  -13.361  51.777 0.0000000000
58394  5.116  -13.885  49.967 0.0000000000
58395  4.743  -14.071  50.408 0.0000000000
58396  4.248  -14.419  50.794 0.0000000000
58411  4.833  -14.315  50.067 0.0000000000
58453  6.113  -13.339  47.890 0.0000000000
59547  13.529  -11.271  62.359 0.0000000000
59562  6.699  -12.149  61.538 0.0000000000
59571  5.356  -12.423  60.350 0.0000000000
59575  14.668  -11.476  60.967 0.0000000000
59586  4.725  -12.171  59.381 0.0000000000
59664  5.925  -12.629  52.416 0.0000000000
59665  5.421  -13.230  52.714 0.0000000000
59680  5.210  -13.661  50.533 0.0000000000
59707  5.888  -13.177  48.750 0.0000000000
59723  5.966  -12.889  47.969 0.0000000000
59778  6.930  -11.936  46.855 0.0000000000
60791  15.006  -10.859  62.354 0.0000000000
60818  6.054  -11.784  61.076 0.0000000000
60820  5.216  -12.054  60.086 0.0000000000
60873  21.389  -12.126  55.834 0.0000000000
60874  21.198  -11.571  55.743 0.0000000000
60899  21.193  -12.033  54.409 0.0000000000
60907  5.742  -11.887  53.212 0.0000000000
62064  8.707  -10.491  61.770 0.0000000000
62066  7.155  -11.163  61.087 0.0000000000
62069  20.185  -10.876  61.343 0.0000000000
62080  20.575  -10.577  60.426 0.0000000000
62086  7.191  -10.462  58.883 0.0000000000
62096  7.431  -10.306  58.792 0.0000000000
62189  7.288  -9.573  50.166 0.0000000000
62190  7.251  -9.835  50.427 0.0000000000
63361  20.280  -10.084  60.990 0.0000000000
63368  20.516  -10.255  60.042 0.0000000000
63369  20.423  -10.186  60.500 0.0000000000
63380  7.741  -10.107  58.409 0.0000000000
63381  6.756  -10.045  58.253 0.0000000000
63392  20.489  -10.205  56.979 0.0000000000
63430  6.288  -8.782  51.779 0.0000000000
63437  7.226  -9.389  50.328 0.0000000000
63445  7.242  -9.329  50.045 0.0000000000
64726  20.156  -9.631  60.354 0.0000000000
64772  4.398  -8.015  54.677 0.0000000000
64784  5.708  -8.545  52.206 0.0000000000
64792  6.311  -8.663  51.448 0.0000000000
64803  5.198  -7.332  50.831 0.0000000000
64896  5.684  -7.854  43.783 0.0000000000
66194  4.475  -7.630  54.175 0.0000000000
66244  5.225  -7.161  50.473 0.0000000000
66399  4.883  -6.859  42.613 0.0000000000
67664  17.871  -7.077  60.593 0.0000000000
67668  18.153  -7.177  60.395 0.0000000000
67672  18.270  -7.111  59.866 0.0000000000
67715  3.646  -5.964  55.657 0.0000000000
67887  5.005  -6.684  46.424 0.0000000000
69137  13.372  -4.798  63.249 0.0000000000
69139  12.784  -5.059  63.183 0.0000000000
69155  17.490  -6.346  60.413 0.0000000000
69159  18.204  -6.404  59.967 0.0000000000
69167  15.956  -5.422  59.029 0.0000000000
69240  4.426  -5.166  54.043 0.0000000000
69241  4.201  -5.444  54.565 0.0000000000
69262  4.414  -5.178  53.788 0.0000000000
69264  4.343  -4.823  53.608 0.0000000000
69287  4.202  -5.160  52.701 0.0000000000
70674  13.543  -4.414  63.216 0.0000000000
70679  14.081  -4.414  63.201 0.0000000000
70744  13.020  -4.570  56.409 0.0000000000
70753  22.174  -3.586  54.870 0.0000000000
70773  4.482  -4.884  54.098 0.0000000000
70774  4.367  -4.951  54.274 0.0000000000
70791  4.447  -5.021  53.932 0.0000000000
70792  4.410  -4.781  53.926 0.0000000000
70886  6.361  -4.565  47.186 0.0000000000
70904  6.474  -4.476  46.449 0.0000000000
72213  14.014  -3.601  63.177 0.0000000000
72215  13.304  -3.632  63.117 0.0000000000
72319  21.735  -3.538  54.786 0.0000000000
72357  4.035  -3.820  53.373 0.0000000000
72370  4.746  -3.302  51.102 0.0000000000
72390  5.510  -3.440  50.036 0.0000000000
72410  6.365  -2.965  49.061 0.0000000000
72457  6.578  -3.759  47.346 0.0000000000
72527  5.915  -4.504  43.608 0.0000000000
72547  5.687  -4.159  42.897 0.0000000000
72548  5.291  -4.656  42.968 0.0000000000
72565  5.317  -4.462  42.584 0.0000000000
73708  13.851  -3.133  63.163 0.0000000000
73710  13.003  -2.869  63.095 0.0000000000
73780  12.778  -2.673  57.110 0.0000000000
73803  4.043  -2.467  53.871 0.0000000000
73847  4.561  -2.914  51.585 0.0000000000
73891  6.219  -2.751  49.287 0.0000000000
73892  5.799  -2.221  49.557 0.0000000000
73995  7.276  -2.827  44.351 0.0000000000
74017  6.128  -3.688  42.977 0.0000000000
74046  6.263  -2.403  41.989 0.0000000000
75176  13.317  -2.771  63.055 0.0000000000
75178  14.253  -2.509  62.724 0.0000000000
75179  14.005  -2.208  62.743 0.0000000000
75180  13.526  -2.321  62.819 0.0000000000
75181  12.993  -2.157  62.622 0.0000000000
75182  12.545  -2.243  62.338 0.0000000000
75206  24.937  -2.520  57.143 0.0000000000
75228  24.079  -1.711  57.387 0.0000000000
75230  12.830  -2.178  57.385 0.0000000000
75269  3.933  -1.999  54.099 0.0000000000
75306  4.608  -1.959  51.685 0.0000000000
75307  4.513  -1.390  51.851 0.0000000000
75327  4.686  -1.740  51.408 0.0000000000
75352  4.724  -0.925  51.139 0.0000000000
75374  5.532  -1.516  49.683 0.0000000000
75394  5.790  -1.194  49.344 0.0000000000
75409  7.188  -1.128  47.323 0.0000000000
75465  6.724  -2.602  42.862 0.0000000000
75482  7.352  -1.821  42.416 0.0000000000
75552  5.004  -1.320  38.733 0.0000000000
76648  12.728  -0.826  61.947 0.0000000000
76651  12.393  -0.578  61.352 0.0000000000
76653  18.188  0.066  59.636 0.0000000000
76666  15.481  -0.703  59.797 0.0000000000
76669  12.430  -1.000  58.881 0.0000000000
76676  22.668  -1.618  57.452 0.0000000000
76680  12.615  -1.170  58.549 0.0000000000
76691  14.856  -0.376  57.381 0.0000000000
76693  13.483  -1.016  57.626 0.0000000000
76726  22.843  -1.385  55.188 0.0000000000
76727  21.985  -1.350  55.333 0.0000000000
76756  3.377  -0.118  54.160 0.0000000000
76771  3.430  0.043  53.980 0.0000000000
76783  4.337  -0.678  52.175 0.0000000000
76801  4.766  -0.298  50.815 0.0000000000
76813  4.999  -0.423  50.315 0.0000000000
76840  7.087  -0.586  47.257 0.0000000000
76868  8.277  -0.590  44.932 0.0000000000
76880  8.030  -1.374  44.348 0.0000000000
76932  8.629  -0.283  41.376 0.0000000000
76977  5.396  -0.962  38.900 0.0000000000
77009  4.818  -0.691  37.099 0.0000000000
77022  4.742  -0.663  36.428 0.0000000000
77037  4.900  -0.470  35.237 0.0000000000
78124  13.941  -0.092  61.544 0.0000000000
78126  13.219  -0.124  61.882 0.0000000000
78130  12.426  -0.321  60.973 0.0000000000
78132  18.082  0.424  59.675 0.0000000000
78137  12.418  -0.477  60.601 0.0000000000
78140  18.728  -0.185  58.687 0.0000000000
78141  18.061  0.214  59.279 0.0000000000
78154  15.183  0.515  58.586 0.0000000000
78161  23.474  -1.480  56.480 0.0000000000
78166  18.849  0.131  57.572 0.0000000000
78170  15.636  0.291  57.922 0.0000000000
78182  22.885  -1.433  56.277 0.0000000000
78183  21.984  -1.262  56.531 0.0000000000
78184  21.165  -0.743  56.707 0.0000000000
78188  17.758  0.048  56.853 0.0000000000
78189  16.838  -0.030  56.963 0.0000000000
78190  15.898  0.025  57.083 0.0000000000
78201  23.643  -1.482  55.543 0.0000000000
78203  22.406  -1.332  55.911 0.0000000000
78220  3.191  0.093  54.317 0.0000000000
78231  3.303  0.194  54.125 0.0000000000
78270  4.670  0.307  50.493 0.0000000000
78271  4.428  0.268  51.060 0.0000000000
78335  5.468  0.992  48.712 0.0000000000
78460  9.332  0.915  41.210 0.0000000000
78476  9.188  0.762  40.647 0.0000000000
78548  4.833  -0.518  36.093 0.0000000000
79632  13.745  0.214  61.428 0.0000000000
79633  13.502  0.034  61.641 0.0000000000
79635  14.282  0.637  60.979 0.0000000000
79636  13.849  0.670  61.253 0.0000000000
79637  13.505  0.217  61.437 0.0000000000
79640  16.558  1.264  60.148 0.0000000000
79644  13.475  0.522  61.040 0.0000000000
79650  17.534  0.977  59.405 0.0000000000
79655  13.592  0.602  60.403 0.0000000000
79662  18.654  0.323  58.091 0.0000000000
79663  18.190  0.398  58.301 0.0000000000
79664  17.517  0.468  58.654 0.0000000000
79666  15.878  1.014  58.972 0.0000000000
79667  15.004  1.046  59.149 0.0000000000
79668  14.411  0.930  59.389 0.0000000000
79675  18.642  0.311  57.868 0.0000000000
79676  18.419  0.410  57.896 0.0000000000
79677  17.810  0.574  57.977 0.0000000000
79791  4.272  1.129  50.570 0.0000000000
79807  3.935  2.705  50.063 0.0000000000
79823  4.718  2.434  49.286 0.0000000000
79836  6.310  1.464  47.527 0.0000000000
79847  6.835  1.484  46.709 0.0000000000
79860  7.669  1.424  45.535 0.0000000000
79874  8.392  1.466  44.540 0.0000000000
79900  9.335  1.187  41.911 0.0000000000
79917  9.129  1.987  41.849 0.0000000000
79939  9.192  0.895  40.282 0.0000000000
79957  9.369  1.832  39.609 0.0000000000
81064  15.946  1.445  60.219 0.0000000000
81065  15.565  1.201  60.200 0.0000000000
81070  16.372  1.588  60.038 0.0000000000
81071  16.079  1.724  60.091 0.0000000000
81072  15.558  1.429  60.084 0.0000000000
81238  8.161  2.710  43.893 0.0000000000
81239  7.581  3.286  43.951 0.0000000000
82557  7.151  3.734  43.439 0.0000000000
