#!ascii label  , from subject S2_Demo vox2ras=TkReg
1468
66318  25.690  -7.382  45.299 0.0000000000
79721  34.726  1.701  52.848 0.0000000000
94318  52.070  11.272  31.033 0.0000000000
82623  42.951  3.419  38.456 0.0000000000
85331  39.133  6.200  46.565 0.0000000000
97602  59.763  13.129  18.796 0.0000000000
92930  43.272  10.579  24.432 0.0000000000
91259  49.406  9.607  34.299 0.0000000000
66342  20.711  -7.597  44.676 0.0000000000
70864  30.545  -4.399  48.690 0.0000000000
75399  33.426  -1.405  46.990 0.0000000000
69430  28.489  -5.825  43.612 0.0000000000
91401  54.035  9.580  24.657 0.0000000000
67779  27.452  -6.290  50.550 0.0000000000
69322  23.137  -5.541  50.360 0.0000000000
101709  54.273  15.994  30.678 0.0000000000
69326  18.201  -5.368  50.156 0.0000000000
60942  18.889  -11.074  50.461 0.0000000000
97301  49.226  14.070  35.971 0.0000000000
83927  44.490  3.825  42.301 0.0000000000
83903  37.479  4.263  43.435 0.0000000000
81213  35.224  2.725  45.906 0.0000000000
91406  40.869  8.625  24.114 0.0000000000
95932  47.241  12.476  29.569 0.0000000000
92857  45.168  10.376  29.796 0.0000000000
94502  37.719  11.659  20.244 0.0000000000
66365  25.261  -7.625  43.517 0.0000000000
64890  22.722  -8.115  42.982 0.0000000000
66320  23.604  -6.861  45.244 0.0000000000
67857  28.347  -6.442  47.436 0.0000000000
69413  29.241  -5.365  46.053 0.0000000000
66335  27.250  -7.363  44.495 0.0000000000
66394  26.602  -7.761  42.208 0.0000000000
91345  48.055  9.104  27.553 0.0000000000
94393  48.784  11.804  26.456 0.0000000000
95914  53.266  12.646  30.723 0.0000000000
91369  51.197  9.556  26.541 0.0000000000
70800  21.321  -3.985  52.616 0.0000000000
70851  20.275  -4.783  50.180 0.0000000000
70784  18.824  -3.787  53.075 0.0000000000
67700  16.171  -6.784  56.444 0.0000000000
66201  16.627  -6.998  53.152 0.0000000000
62152  19.001  -10.160  52.515 0.0000000000
59671  20.519  -12.745  52.448 0.0000000000
59647  21.237  -12.421  53.811 0.0000000000
82560  46.110  3.887  42.335 0.0000000000
86905  41.551  6.480  44.385 0.0000000000
85418  39.898  5.985  43.093 0.0000000000
85400  37.919  5.193  45.040 0.0000000000
72535  32.286  -2.958  43.784 0.0000000000
79838  34.177  1.344  46.806 0.0000000000
76885  33.448  -0.769  43.657 0.0000000000
79880  34.727  1.649  43.555 0.0000000000
95792  48.389  12.170  37.614 0.0000000000
92723  48.662  10.772  36.029 0.0000000000
82634  41.894  3.359  37.292 0.0000000000
94537  62.325  11.919  15.944 0.0000000000
96125  58.494  11.791  16.853 0.0000000000
97466  48.045  13.534  27.877 0.0000000000
94301  50.506  11.579  32.254 0.0000000000
94498  41.488  10.732  20.242 0.0000000000
75312  33.717  -1.864  51.062 0.0000000000
78257  34.504  0.426  50.509 0.0000000000
72445  32.332  -3.076  47.739 0.0000000000
70915  30.359  -4.187  44.939 0.0000000000
70969  29.598  -4.748  42.462 0.0000000000
100464  57.493  15.721  27.527 0.0000000000
99034  58.301  14.366  24.876 0.0000000000
96042  57.877  12.787  22.699 0.0000000000
94490  56.210  11.565  19.860 0.0000000000
67832  26.915  -6.900  48.571 0.0000000000
67861  24.450  -6.661  47.698 0.0000000000
67759  24.922  -6.211  50.871 0.0000000000
67803  29.080  -5.759  50.006 0.0000000000
94390  53.929  11.486  27.006 0.0000000000
67863  22.393  -6.356  47.516 0.0000000000
67885  19.814  -6.606  46.886 0.0000000000
64829  18.065  -8.304  47.474 0.0000000000
70805  16.623  -4.843  52.635 0.0000000000
64800  17.586  -8.408  50.244 0.0000000000
58302  21.082  -13.071  56.641 0.0000000000
91294  44.400  9.788  32.306 0.0000000000
92678  46.193  11.061  39.023 0.0000000000
89779  45.985  7.873  40.184 0.0000000000
82610  44.349  3.131  40.179 0.0000000000
83929  42.495  4.291  41.426 0.0000000000
85455  39.310  4.871  41.836 0.0000000000
82600  37.402  3.287  41.077 0.0000000000
81190  35.018  2.132  48.818 0.0000000000
82513  35.431  3.233  47.593 0.0000000000
83855  37.198  4.895  46.292 0.0000000000
82538  36.557  3.587  44.397 0.0000000000
81245  35.928  2.365  42.320 0.0000000000
97339  49.804  13.779  34.504 0.0000000000
89831  44.462  8.385  34.497 0.0000000000
89965  40.391  7.673  25.395 0.0000000000
91358  43.178  9.396  27.390 0.0000000000
91347  42.822  8.957  28.103 0.0000000000
89985  38.358  7.958  22.585 0.0000000000
66338  25.007  -7.341  44.398 0.0000000000
66339  23.955  -7.205  44.379 0.0000000000
66319  24.706  -7.040  45.268 0.0000000000
66295  27.123  -7.414  45.954 0.0000000000
67900  27.651  -7.000  45.590 0.0000000000
66317  26.577  -7.482  45.231 0.0000000000
66337  25.988  -7.574  44.384 0.0000000000
91332  49.097  9.363  28.931 0.0000000000
100428  50.314  15.857  29.107 0.0000000000
101783  51.470  16.318  29.168 0.0000000000
95915  52.412  12.690  30.661 0.0000000000
92856  52.024  10.321  29.628 0.0000000000
66170  17.048  -7.690  56.093 0.0000000000
64768  17.574  -8.413  53.949 0.0000000000
62139  19.190  -10.202  53.224 0.0000000000
59672  19.915  -12.268  52.182 0.0000000000
60915  19.763  -11.561  52.921 0.0000000000
59658  20.740  -12.394  53.241 0.0000000000
86904  42.516  6.529  44.599 0.0000000000
86886  40.714  6.454  45.179 0.0000000000
85377  39.129  5.917  44.720 0.0000000000
85355  39.143  6.051  45.628 0.0000000000
81154  35.049  2.482  52.222 0.0000000000
72556  31.270  -3.767  42.577 0.0000000000
74005  32.771  -2.222  43.660 0.0000000000
74025  32.666  -2.400  42.760 0.0000000000
74024  33.009  -2.155  41.925 0.0000000000
91226  43.846  8.861  38.227 0.0000000000
89804  42.841  7.572  37.466 0.0000000000
97569  61.500  14.517  20.526 0.0000000000
100565  62.476  15.686  19.409 0.0000000000
97598  62.957  14.348  18.619 0.0000000000
96105  61.524  12.703  17.477 0.0000000000
96107  59.266  12.443  17.627 0.0000000000
94416  45.304  11.510  25.794 0.0000000000
100410  49.108  15.161  30.271 0.0000000000
95969  46.605  12.300  27.798 0.0000000000
97372  49.321  13.486  32.396 0.0000000000
95855  50.405  12.832  33.002 0.0000000000
91274  48.795  9.158  33.573 0.0000000000
92972  39.925  9.909  21.144 0.0000000000
92955  42.597  10.414  22.713 0.0000000000
92953  43.734  10.634  23.034 0.0000000000
66369  21.783  -7.826  43.549 0.0000000000
66343  20.037  -7.733  45.008 0.0000000000
72380  32.110  -3.466  50.012 0.0000000000
72421  32.916  -2.861  49.346 0.0000000000
70863  31.063  -3.863  48.024 0.0000000000
69422  28.536  -5.831  44.623 0.0000000000
70916  29.782  -4.748  45.553 0.0000000000
69429  29.049  -5.230  44.063 0.0000000000
70932  30.229  -4.194  43.916 0.0000000000
69439  29.045  -5.291  43.018 0.0000000000
67950  28.136  -6.646  42.323 0.0000000000
81255  42.829  2.577  42.152 0.0000000000
97481  56.503  13.596  26.590 0.0000000000
100472  57.576  15.397  26.487 0.0000000000
96005  56.603  12.643  25.288 0.0000000000
94457  55.657  11.240  22.489 0.0000000000
92965  54.954  10.501  20.910 0.0000000000
96054  56.922  12.219  21.260 0.0000000000
67805  27.224  -6.653  49.541 0.0000000000
67806  26.247  -6.727  49.424 0.0000000000
67780  26.493  -6.464  50.368 0.0000000000
67778  28.355  -5.935  50.791 0.0000000000
67831  27.872  -6.685  48.598 0.0000000000
98937  56.073  14.866  30.113 0.0000000000
95930  54.698  12.805  29.547 0.0000000000
89961  50.109  8.139  25.586 0.0000000000
67809  23.698  -6.120  49.238 0.0000000000
67862  23.419  -6.503  47.460 0.0000000000
67810  22.824  -5.816  49.307 0.0000000000
70852  19.714  -4.814  50.095 0.0000000000
67839  20.070  -5.948  48.534 0.0000000000
67840  19.010  -5.838  48.302 0.0000000000
66282  18.289  -7.208  47.159 0.0000000000
67842  17.693  -6.893  48.537 0.0000000000
70769  15.772  -4.188  54.546 0.0000000000
64790  17.995  -8.900  51.363 0.0000000000
66214  17.195  -7.696  51.682 0.0000000000
63435  18.204  -9.454  50.494 0.0000000000
63443  18.042  -9.379  49.407 0.0000000000
97269  50.551  13.875  38.376 0.0000000000
82562  45.573  3.384  42.763 0.0000000000
86961  46.499  6.319  40.698 0.0000000000
82593  45.373  3.725  41.027 0.0000000000
85479  45.039  5.565  39.438 0.0000000000
82594  44.883  3.206  41.005 0.0000000000
81253  44.408  1.946  42.140 0.0000000000
83928  43.514  4.049  41.873 0.0000000000
85420  38.628  5.127  43.248 0.0000000000
85440  39.144  5.105  42.450 0.0000000000
83916  38.424  4.612  42.298 0.0000000000
83933  38.498  4.267  41.505 0.0000000000
82565  37.455  3.784  42.127 0.0000000000
76806  34.080  -0.381  49.095 0.0000000000
79808  34.848  1.806  49.516 0.0000000000
78294  34.179  0.504  48.530 0.0000000000
81207  34.672  2.125  46.328 0.0000000000
81206  35.092  2.666  46.937 0.0000000000
82522  35.564  3.300  46.535 0.0000000000
83856  36.530  4.474  46.722 0.0000000000
82521  36.033  3.940  46.131 0.0000000000
83874  36.718  4.345  45.773 0.0000000000
82531  35.734  3.296  45.529 0.0000000000
76920  33.992  -0.314  40.936 0.0000000000
79895  35.254  2.008  42.794 0.0000000000
94256  46.111  11.435  34.290 0.0000000000
92792  46.861  10.784  33.405 0.0000000000
95822  49.187  13.035  34.924 0.0000000000
87015  41.425  6.227  35.918 0.0000000000
91263  45.873  8.966  35.135 0.0000000000
94582  61.862  11.464  14.613 0.0000000000
92932  41.975  9.475  24.400 0.0000000000
95970  45.910  11.688  27.918 0.0000000000
92900  43.377  9.814  26.528 0.0000000000
94345  46.226  11.391  29.719 0.0000000000
94320  48.100  11.575  31.782 0.0000000000
92975  36.744  10.644  21.111 0.0000000000
92959  39.047  9.166  21.791 0.0000000000
64889  23.556  -7.985  42.906 0.0000000000
66367  23.273  -7.634  43.632 0.0000000000
66321  22.506  -7.093  45.303 0.0000000000
69386  29.395  -5.439  47.874 0.0000000000
70881  29.600  -5.011  47.228 0.0000000000
69403  28.745  -5.895  46.595 0.0000000000
67899  28.087  -6.461  45.133 0.0000000000
67933  27.655  -6.993  43.573 0.0000000000
67951  27.750  -6.910  42.851 0.0000000000
66363  27.221  -7.412  43.864 0.0000000000
64886  26.016  -7.849  42.344 0.0000000000
88619  51.305  7.548  23.527 0.0000000000
67741  26.926  -5.693  52.485 0.0000000000
94392  49.807  11.718  26.561 0.0000000000
98981  52.079  14.682  28.474 0.0000000000
100383  53.869  15.568  30.760 0.0000000000
95931  54.204  12.329  29.826 0.0000000000
92865  52.541  10.854  28.998 0.0000000000
91354  50.255  9.549  27.466 0.0000000000
69303  21.560  -4.689  51.772 0.0000000000
69344  22.225  -5.588  49.861 0.0000000000
69304  20.761  -4.566  51.163 0.0000000000
70822  19.247  -4.397  51.441 0.0000000000
70823  18.238  -4.769  51.285 0.0000000000
67717  15.563  -5.794  54.498 0.0000000000
66188  16.518  -7.057  54.172 0.0000000000
64777  17.573  -8.397  52.945 0.0000000000
62182  18.970  -10.764  51.085 0.0000000000
59686  19.724  -12.426  51.191 0.0000000000
85417  43.967  5.878  42.948 0.0000000000
86940  43.224  6.341  42.880 0.0000000000
85437  42.606  5.642  41.797 0.0000000000
86923  41.441  6.282  43.347 0.0000000000
85398  39.162  5.819  44.088 0.0000000000
83888  38.048  4.864  43.661 0.0000000000
73964  32.604  -2.552  45.473 0.0000000000
78340  33.681  0.060  46.967 0.0000000000
75429  33.313  -1.344  45.300 0.0000000000
78385  33.652  0.188  44.916 0.0000000000
79865  34.449  1.609  44.707 0.0000000000
81223  34.967  2.255  44.265 0.0000000000
78427  33.676  -0.127  42.899 0.0000000000
76921  33.625  -0.769  41.746 0.0000000000
98841  50.721  14.999  36.464 0.0000000000
98859  50.948  14.489  35.774 0.0000000000
94223  48.211  11.375  36.626 0.0000000000
88449  42.150  7.108  36.477 0.0000000000
96120  63.410  12.591  16.702 0.0000000000
94539  60.616  11.820  16.123 0.0000000000
101711  50.782  16.246  31.251 0.0000000000
91320  50.068  9.206  30.479 0.0000000000
97388  50.568  13.882  31.448 0.0000000000
98924  49.073  14.390  31.457 0.0000000000
92818  50.587  10.368  32.642 0.0000000000
97578  37.866  13.177  19.642 0.0000000000
97594  39.077  13.054  18.976 0.0000000000
94526  41.076  11.598  18.718 0.0000000000
94478  43.395  10.706  21.670 0.0000000000
94395  47.405  12.015  26.211 0.0000000000
76773  34.470  -0.435  51.999 0.0000000000
79755  34.678  1.070  51.409 0.0000000000
75335  34.156  -1.166  50.578 0.0000000000
75361  33.673  -1.630  49.103 0.0000000000
73925  33.209  -2.215  47.472 0.0000000000
70879  30.994  -3.825  46.966 0.0000000000
72470  31.579  -3.476  46.402 0.0000000000
72490  32.148  -3.060  45.903 0.0000000000
72514  31.637  -3.391  44.541 0.0000000000
72537  30.789  -3.872  43.297 0.0000000000
70968  30.271  -4.450  42.113 0.0000000000
100492  59.553  15.411  24.354 0.0000000000
94443  55.731  11.286  23.513 0.0000000000
97535  58.542  13.406  23.950 0.0000000000
99048  60.267  14.820  23.443 0.0000000000
97548  60.548  14.510  22.485 0.0000000000
97559  59.218  13.472  21.328 0.0000000000
96075  58.344  12.939  19.841 0.0000000000
96089  57.299  12.035  18.356 0.0000000000
66278  25.944  -7.205  47.198 0.0000000000
66279  24.930  -6.949  47.007 0.0000000000
67860  25.370  -6.834  47.756 0.0000000000
67808  24.459  -6.358  49.310 0.0000000000
69321  23.933  -5.844  50.344 0.0000000000
67743  25.299  -5.981  51.502 0.0000000000
69302  22.937  -5.229  51.493 0.0000000000
69280  22.826  -4.717  52.616 0.0000000000
78211  34.351  0.671  53.440 0.0000000000
75288  34.134  -1.226  52.480 0.0000000000
73835  33.146  -2.660  51.584 0.0000000000
70834  31.597  -3.945  50.326 0.0000000000
69319  30.267  -5.003  50.513 0.0000000000
69366  29.506  -5.398  49.046 0.0000000000
67830  28.777  -6.087  48.639 0.0000000000
67858  27.392  -6.900  47.648 0.0000000000
101778  57.432  16.719  28.916 0.0000000000
97441  56.211  14.060  28.288 0.0000000000
91402  53.285  9.168  24.764 0.0000000000
92897  52.323  10.197  26.325 0.0000000000
89959  51.907  8.381  24.990 0.0000000000
88605  52.020  7.632  24.289 0.0000000000
66280  24.002  -6.686  46.923 0.0000000000
66300  22.208  -6.950  46.131 0.0000000000
67901  21.468  -6.972  46.089 0.0000000000
67838  21.098  -6.090  48.388 0.0000000000
67884  20.724  -6.735  46.843 0.0000000000
67903  20.128  -6.787  46.098 0.0000000000
66325  18.971  -7.506  46.036 0.0000000000
63472  18.740  -8.700  46.056 0.0000000000
70785  17.717  -3.893  52.952 0.0000000000
70824  17.560  -5.121  51.374 0.0000000000
67761  16.665  -6.315  51.720 0.0000000000
67785  17.084  -6.641  50.100 0.0000000000
66251  17.497  -7.491  48.871 0.0000000000
59637  21.397  -12.796  54.931 0.0000000000
89914  42.532  8.623  29.626 0.0000000000
98843  49.118  14.687  36.558 0.0000000000
100292  50.699  15.131  37.326 0.0000000000
95778  48.339  12.253  38.077 0.0000000000
91211  44.082  8.619  38.654 0.0000000000
92659  46.582  10.595  39.860 0.0000000000
86975  44.681  6.453  38.992 0.0000000000
82611  43.818  3.275  39.493 0.0000000000
81273  44.062  2.016  40.681 0.0000000000
79905  44.045  1.694  42.013 0.0000000000
83930  41.271  4.335  40.945 0.0000000000
86955  41.562  5.603  41.751 0.0000000000
85453  40.873  5.362  41.641 0.0000000000
83931  40.182  4.639  41.020 0.0000000000
83952  38.858  4.047  40.923 0.0000000000
82599  37.813  3.275  40.746 0.0000000000
85332  38.350  6.015  47.138 0.0000000000
79774  34.983  1.854  50.923 0.0000000000
82498  35.553  3.047  49.846 0.0000000000
82497  35.899  3.737  49.241 0.0000000000
81191  34.774  1.834  48.178 0.0000000000
82505  35.452  2.971  48.765 0.0000000000
83823  36.361  4.479  48.781 0.0000000000
83838  36.375  4.550  47.741 0.0000000000
83837  36.969  5.131  47.236 0.0000000000
85356  38.449  5.757  46.222 0.0000000000
83873  37.367  4.750  45.388 0.0000000000
83890  36.925  4.186  44.886 0.0000000000
83904  37.062  3.993  44.129 0.0000000000
81233  35.123  2.220  43.694 0.0000000000
81231  36.285  2.949  43.309 0.0000000000
82549  37.255  3.800  42.817 0.0000000000
81258  36.513  2.865  41.822 0.0000000000
92838  45.064  9.965  31.100 0.0000000000
94304  47.246  10.907  32.129 0.0000000000
95838  50.679  12.914  34.360 0.0000000000
97337  51.176  14.034  35.070 0.0000000000
92746  49.941  10.552  35.386 0.0000000000
91261  47.444  9.212  34.567 0.0000000000
94532  56.614  11.246  17.228 0.0000000000
89953  40.775  7.824  26.342 0.0000000000
89952  41.664  8.268  26.593 0.0000000000
89939  41.603  8.150  27.715 0.0000000000
88596  39.400  7.362  24.753 0.0000000000
66296  26.306  -7.399  46.158 0.0000000000
91330  50.684  9.496  29.861 0.0000000000
89922  48.555  9.276  28.957 0.0000000000
89909  49.378  9.227  29.791 0.0000000000
98941  51.571  14.788  30.595 0.0000000000
101736  51.419  16.303  30.699 0.0000000000
94317  52.405  11.151  30.925 0.0000000000
92845  52.091  10.345  30.520 0.0000000000
64761  18.405  -8.786  55.185 0.0000000000
64767  18.252  -8.901  54.200 0.0000000000
63411  19.193  -9.905  53.859 0.0000000000
62138  19.637  -10.630  53.704 0.0000000000
86864  40.754  6.650  46.151 0.0000000000
86885  41.624  6.581  45.403 0.0000000000
86865  39.891  6.435  45.891 0.0000000000
81145  34.857  2.813  52.948 0.0000000000
72555  32.086  -3.272  42.501 0.0000000000
72574  31.542  -3.790  41.677 0.0000000000
74041  32.654  -2.780  41.791 0.0000000000
85496  43.336  4.936  37.887 0.0000000000
83989  42.902  4.228  37.882 0.0000000000
97585  60.900  13.763  19.793 0.0000000000
99101  61.974  14.723  20.073 0.0000000000
97583  62.141  14.575  19.756 0.0000000000
97600  61.722  13.695  19.003 0.0000000000
97620  61.099  12.956  18.013 0.0000000000
96087  59.554  12.794  18.322 0.0000000000
94435  44.545  11.236  24.973 0.0000000000
94396  45.976  11.698  26.461 0.0000000000
94436  44.044  10.796  25.051 0.0000000000
97371  49.641  13.558  32.837 0.0000000000
97351  50.341  14.126  33.500 0.0000000000
91258  50.075  9.726  33.978 0.0000000000
89841  46.661  8.526  33.363 0.0000000000
89828  47.479  8.781  33.892 0.0000000000
92943  42.536  10.243  23.610 0.0000000000
92971  41.042  10.086  21.613 0.0000000000
92956  41.816  9.999  22.626 0.0000000000
92942  43.202  10.644  23.549 0.0000000000
66341  21.708  -7.556  44.266 0.0000000000
64865  21.411  -8.086  43.581 0.0000000000
64866  20.789  -8.319  43.873 0.0000000000
64867  20.072  -8.377  44.474 0.0000000000
70849  31.278  -3.858  49.112 0.0000000000
72400  31.997  -3.462  49.400 0.0000000000
69440  28.556  -5.962  42.642 0.0000000000
82579  41.957  3.455  41.331 0.0000000000
94388  55.326  12.061  25.989 0.0000000000
94407  55.762  11.751  25.304 0.0000000000
92912  55.198  10.847  24.963 0.0000000000
92982  54.123  10.062  20.278 0.0000000000
67757  26.698  -6.135  51.353 0.0000000000
101781  53.354  16.445  29.347 0.0000000000
101708  54.872  16.072  30.579 0.0000000000
98919  55.288  15.035  30.613 0.0000000000
97385  55.076  14.396  30.442 0.0000000000
67784  23.607  -5.831  49.831 0.0000000000
67836  23.093  -6.160  48.393 0.0000000000
69347  18.976  -5.251  49.724 0.0000000000
69367  19.390  -5.608  49.016 0.0000000000
69368  18.623  -5.751  48.999 0.0000000000
67841  18.150  -6.236  48.565 0.0000000000
67813  17.918  -6.039  49.043 0.0000000000
70754  15.397  -4.257  55.685 0.0000000000
62183  18.637  -10.311  50.648 0.0000000000
62200  18.462  -10.181  49.634 0.0000000000
85435  44.482  5.014  42.544 0.0000000000
82575  45.656  3.565  41.754 0.0000000000
82576  45.021  2.843  42.324 0.0000000000
83948  45.137  3.905  40.619 0.0000000000
82577  44.029  3.040  42.114 0.0000000000
85450  43.873  4.767  41.968 0.0000000000
83902  38.157  4.674  43.004 0.0000000000
85441  38.587  4.896  42.753 0.0000000000
83917  37.779  4.234  42.606 0.0000000000
76819  33.712  -0.864  48.549 0.0000000000
76818  33.822  -0.120  48.191 0.0000000000
95823  48.262  12.587  35.252 0.0000000000
95841  47.635  11.823  34.759 0.0000000000
91417  41.148  9.038  23.792 0.0000000000
91404  42.086  9.318  24.803 0.0000000000
91389  42.378  9.233  25.405 0.0000000000
92868  44.009  9.846  28.315 0.0000000000
92867  44.493  10.293  28.527 0.0000000000
94347  45.149  10.655  29.219 0.0000000000
95919  47.155  11.542  30.494 0.0000000000
94337  46.665  11.024  30.585 0.0000000000
94484  35.685  11.667  21.354 0.0000000000
89983  39.846  8.104  23.435 0.0000000000
91435  38.426  8.893  21.959 0.0000000000
91419  39.714  8.452  22.792 0.0000000000
91433  40.021  8.952  22.533 0.0000000000
66340  22.880  -7.335  44.398 0.0000000000
69387  28.889  -5.821  47.343 0.0000000000
67879  28.185  -6.467  46.171 0.0000000000
66316  27.235  -7.397  45.058 0.0000000000
67917  27.626  -7.087  44.566 0.0000000000
67916  28.016  -6.430  44.133 0.0000000000
66364  26.365  -7.669  43.284 0.0000000000
64887  25.393  -7.881  42.631 0.0000000000
94432  47.334  11.184  24.619 0.0000000000
95965  49.907  12.536  27.616 0.0000000000
98982  51.231  14.567  28.287 0.0000000000
101757  52.422  16.619  29.975 0.0000000000
100452  52.234  15.702  28.764 0.0000000000
98939  53.444  14.749  30.657 0.0000000000
94343  53.574  11.565  30.081 0.0000000000
94332  53.256  11.778  30.585 0.0000000000
91343  49.570  9.460  28.338 0.0000000000
91356  48.317  9.007  26.943 0.0000000000
70820  20.979  -4.125  52.071 0.0000000000
70802  19.495  -3.994  52.291 0.0000000000
70803  18.429  -4.202  52.166 0.0000000000
69204  15.701  -6.198  56.515 0.0000000000
67710  15.511  -6.044  55.362 0.0000000000
64776  18.187  -8.924  53.197 0.0000000000
63419  18.567  -9.536  52.414 0.0000000000
62167  18.800  -10.180  51.650 0.0000000000
60941  19.249  -11.524  50.934 0.0000000000
62166  19.213  -10.792  51.773 0.0000000000
59685  20.323  -12.840  51.676 0.0000000000
58357  21.143  -12.836  53.422 0.0000000000
58356  21.442  -13.351  53.673 0.0000000000
86921  43.549  6.347  43.792 0.0000000000
86922  42.445  6.456  43.553 0.0000000000
86906  40.622  6.319  44.188 0.0000000000
85399  38.530  5.377  44.237 0.0000000000
73983  32.659  -2.464  44.493 0.0000000000
73963  33.039  -2.002  44.981 0.0000000000
75454  33.140  -1.549  43.472 0.0000000000
76874  33.495  -0.657  44.607 0.0000000000
78384  33.925  0.973  45.262 0.0000000000
78404  33.651  0.076  43.887 0.0000000000
78403  34.088  0.873  44.228 0.0000000000
76900  33.416  -0.853  42.746 0.0000000000
75491  33.291  -1.567  41.412 0.0000000000
95788  50.996  13.493  37.464 0.0000000000
95805  51.219  13.363  36.875 0.0000000000
94204  49.454  12.179  37.111 0.0000000000
88442  42.608  7.051  37.234 0.0000000000
89812  42.742  7.790  37.021 0.0000000000
84008  41.896  3.940  36.889 0.0000000000
96123  59.999  12.147  16.896 0.0000000000
96122  61.066  12.303  16.792 0.0000000000
94541  58.652  11.635  16.236 0.0000000000
94540  59.630  11.735  16.158 0.0000000000
100430  49.265  15.221  29.302 0.0000000000
100408  50.931  15.616  31.815 0.0000000000
100409  49.569  15.778  30.120 0.0000000000
100386  49.615  15.538  31.574 0.0000000000
95880  50.479  12.759  31.815 0.0000000000
91290  50.392  9.503  32.327 0.0000000000
94376  45.295  11.257  27.661 0.0000000000
97429  47.692  13.165  29.393 0.0000000000
97410  48.404  13.146  30.501 0.0000000000
89839  48.323  8.686  32.976 0.0000000000
91272  50.221  9.638  33.152 0.0000000000
91292  49.042  8.888  32.948 0.0000000000
89860  47.633  8.555  32.274 0.0000000000
96073  36.659  12.709  20.608 0.0000000000
99097  37.250  14.258  20.668 0.0000000000
96072  37.403  12.565  20.137 0.0000000000
94499  40.546  10.688  20.048 0.0000000000
96083  39.194  12.072  19.064 0.0000000000
94514  40.780  11.114  19.348 0.0000000000
96099  40.407  12.322  18.503 0.0000000000
94497  42.571  10.768  20.643 0.0000000000
94415  46.231  11.694  25.793 0.0000000000
96009  47.160  12.056  26.215 0.0000000000
95967  48.112  13.002  27.277 0.0000000000
100456  49.527  15.110  28.696 0.0000000000
75311  34.259  -1.231  51.536 0.0000000000
76785  34.424  -0.400  51.044 0.0000000000
72422  32.574  -3.079  48.739 0.0000000000
73877  33.279  -2.380  49.626 0.0000000000
73903  33.231  -2.443  48.602 0.0000000000
73904  32.837  -2.724  47.934 0.0000000000
70900  29.745  -4.842  46.566 0.0000000000
70899  30.575  -4.196  46.127 0.0000000000
72492  31.025  -3.697  45.225 0.0000000000
72491  31.656  -3.403  45.493 0.0000000000
72515  30.879  -3.691  44.245 0.0000000000
70946  30.186  -4.297  42.970 0.0000000000
72557  30.706  -4.116  42.577 0.0000000000
66393  27.331  -7.433  42.713 0.0000000000
66392  27.735  -7.053  42.431 0.0000000000
66416  26.573  -7.917  41.625 0.0000000000
101792  57.588  16.729  27.715 0.0000000000
99019  57.797  14.685  25.351 0.0000000000
100482  57.886  15.433  25.774 0.0000000000
100481  58.382  15.449  25.314 0.0000000000
101819  59.240  16.512  24.575 0.0000000000
99033  58.762  14.680  24.794 0.0000000000
91432  52.749  8.795  22.340 0.0000000000
92940  54.679  9.960  23.639 0.0000000000
94442  56.365  11.839  22.959 0.0000000000
96031  57.226  12.444  23.488 0.0000000000
96030  58.264  13.083  23.647 0.0000000000
97518  59.585  14.184  24.150 0.0000000000
96041  58.575  13.214  22.983 0.0000000000
99065  60.448  14.629  22.968 0.0000000000
97550  59.266  13.537  22.426 0.0000000000
94471  56.246  11.656  20.853 0.0000000000
96064  58.358  13.109  20.935 0.0000000000
96065  57.587  12.611  20.567 0.0000000000
97572  59.142  13.359  20.239 0.0000000000
96077  56.748  11.969  19.260 0.0000000000
66262  26.565  -7.040  47.748 0.0000000000
66263  26.117  -6.982  47.765 0.0000000000
67781  25.553  -6.493  50.223 0.0000000000
67807  25.300  -6.591  49.354 0.0000000000
67782  24.732  -6.422  50.090 0.0000000000
67783  24.131  -6.162  49.930 0.0000000000
67760  24.393  -6.074  50.475 0.0000000000
67742  25.936  -5.982  52.033 0.0000000000
69278  25.093  -5.644  52.223 0.0000000000
69301  24.164  -5.701  51.169 0.0000000000
69279  23.935  -5.225  52.397 0.0000000000
76758  34.253  -0.385  52.915 0.0000000000
72363  32.198  -3.492  51.269 0.0000000000
69343  29.844  -5.241  49.946 0.0000000000
69342  30.355  -4.856  49.991 0.0000000000
66277  26.876  -7.270  46.909 0.0000000000
89897  47.993  8.684  30.364 0.0000000000
95940  55.247  13.068  28.412 0.0000000000
97426  56.044  14.212  29.064 0.0000000000
95986  54.941  12.425  27.338 0.0000000000
94389  54.704  11.890  26.637 0.0000000000
94409  54.018  11.165  26.114 0.0000000000
92881  51.773  10.165  27.249 0.0000000000
94373  53.042  11.138  27.878 0.0000000000
92898  51.780  9.914  26.575 0.0000000000
88580  49.601  6.986  25.518 0.0000000000
89960  51.367  8.051  24.984 0.0000000000
88579  50.740  7.077  25.089 0.0000000000
88593  51.536  7.585  24.573 0.0000000000
87178  50.575  6.700  24.785 0.0000000000
66298  24.344  -6.833  46.156 0.0000000000
67882  22.685  -6.641  46.821 0.0000000000
67883  21.688  -6.816  46.666 0.0000000000
69345  21.358  -5.442  49.799 0.0000000000
67811  21.761  -5.710  49.110 0.0000000000
67812  20.914  -5.706  49.054 0.0000000000
67866  19.457  -6.302  47.655 0.0000000000
67865  20.413  -6.412  47.657 0.0000000000
66324  19.571  -7.427  45.572 0.0000000000
66302  19.329  -6.906  46.271 0.0000000000
64840  18.561  -8.040  46.470 0.0000000000
63464  18.597  -9.230  46.623 0.0000000000
62229  18.534  -9.810  47.147 0.0000000000
70786  16.456  -4.185  53.404 0.0000000000
70804  17.303  -4.660  52.154 0.0000000000
67728  15.887  -6.173  53.653 0.0000000000
66228  17.290  -7.647  50.806 0.0000000000
66229  16.813  -7.049  51.272 0.0000000000
66241  16.938  -7.054  50.539 0.0000000000
67786  16.843  -6.352  50.815 0.0000000000
66240  17.311  -7.467  49.854 0.0000000000
64809  17.633  -8.499  49.191 0.0000000000
60887  21.254  -12.202  55.103 0.0000000000
59612  21.350  -12.563  56.288 0.0000000000
58316  21.214  -13.154  55.916 0.0000000000
95858  44.994  11.909  33.849 0.0000000000
100310  50.262  15.416  37.009 0.0000000000
95776  49.656  13.052  38.701 0.0000000000
95775  50.242  13.400  38.320 0.0000000000
94191  46.875  11.507  38.769 0.0000000000
92701  44.862  9.926  38.428 0.0000000000
92680  44.969  9.875  38.787 0.0000000000
86962  46.026  6.444  40.141 0.0000000000
89786  45.802  8.968  39.946 0.0000000000
83969  44.619  4.260  39.664 0.0000000000
83987  44.194  4.861  38.792 0.0000000000
81293  43.866  2.547  40.133 0.0000000000
81254  44.286  2.353  42.263 0.0000000000
82563  43.622  2.567  42.235 0.0000000000
82578  42.968  3.167  41.963 0.0000000000
86942  41.253  5.915  42.348 0.0000000000
86954  41.979  5.819  41.833 0.0000000000
85438  40.721  5.732  42.259 0.0000000000
85454  39.805  5.116  41.724 0.0000000000
83951  39.504  4.025  40.709 0.0000000000
83932  39.296  4.572  41.302 0.0000000000
82581  37.787  3.720  41.405 0.0000000000
82580  38.335  3.744  41.001 0.0000000000
81279  36.923  2.737  40.746 0.0000000000
79775  34.727  1.206  50.883 0.0000000000
81184  35.222  2.360  49.620 0.0000000000
78339  33.788  0.672  46.686 0.0000000000
79824  34.362  1.265  47.889 0.0000000000
81199  34.652  1.995  47.354 0.0000000000
81198  35.075  2.476  47.943 0.0000000000
82504  35.767  3.912  48.232 0.0000000000
85357  37.705  5.503  46.736 0.0000000000
85379  37.855  5.270  45.851 0.0000000000
82530  36.309  3.771  45.213 0.0000000000
81232  35.796  2.634  43.607 0.0000000000
82550  36.673  3.383  43.454 0.0000000000
81244  36.351  2.909  42.830 0.0000000000
82566  36.895  3.342  42.436 0.0000000000
91309  43.412  9.159  31.271 0.0000000000
91322  43.499  9.122  30.177 0.0000000000
91308  44.389  9.594  31.383 0.0000000000
94254  48.050  11.316  33.952 0.0000000000
92819  47.206  10.821  32.736 0.0000000000
94273  48.054  11.230  33.152 0.0000000000
94272  48.499  11.778  33.274 0.0000000000
95839  49.423  12.962  34.039 0.0000000000
95806  50.877  12.443  36.341 0.0000000000
98870  51.075  14.270  35.376 0.0000000000
92722  49.140  10.788  35.947 0.0000000000
89818  45.177  8.751  35.069 0.0000000000
91249  47.329  9.617  35.201 0.0000000000
91262  46.566  9.068  34.838 0.0000000000
92769  49.573  9.888  34.961 0.0000000000
89830  45.656  8.592  34.482 0.0000000000
93048  63.450  10.969  14.912 0.0000000000
94605  62.571  11.141  13.923 0.0000000000
93057  64.284  10.160  13.800 0.0000000000
94518  57.056  11.629  17.686 0.0000000000
94533  55.892  10.850  17.560 0.0000000000
89974  40.964  8.216  24.676 0.0000000000
91375  42.026  8.690  25.769 0.0000000000
89964  41.382  8.297  25.452 0.0000000000
91359  42.698  8.907  27.294 0.0000000000
92859  44.092  9.926  29.022 0.0000000000
89976  39.382  7.546  23.817 0.0000000000
66366  24.252  -7.585  43.593 0.0000000000
67880  27.603  -6.933  46.616 0.0000000000
66336  26.820  -7.513  44.408 0.0000000000
91344  48.658  9.297  28.058 0.0000000000
98998  49.721  14.113  27.934 0.0000000000
97463  49.913  13.479  27.892 0.0000000000
101784  50.889  16.002  28.971 0.0000000000
100406  52.050  15.663  30.621 0.0000000000
98940  52.485  14.731  30.449 0.0000000000
92854  53.082  11.197  30.490 0.0000000000
92843  52.897  11.344  30.681 0.0000000000
91342  50.469  9.579  28.749 0.0000000000
70782  20.739  -3.649  53.235 0.0000000000
70766  20.057  -3.603  53.836 0.0000000000
63412  18.745  -9.573  53.407 0.0000000000
60927  19.513  -11.563  51.937 0.0000000000
62151  19.367  -10.815  52.675 0.0000000000
59659  20.206  -12.170  52.820 0.0000000000
60914  20.317  -11.786  53.295 0.0000000000
62137  20.153  -10.996  54.152 0.0000000000
86887  39.882  6.203  44.960 0.0000000000
85378  38.496  5.598  45.305 0.0000000000
75473  33.183  -1.617  42.466 0.0000000000
94208  45.761  11.009  37.647 0.0000000000
94225  46.237  11.111  37.020 0.0000000000
89803  43.185  8.136  37.763 0.0000000000
85513  42.651  5.163  37.342 0.0000000000
99088  61.337  14.616  21.045 0.0000000000
100553  61.834  15.949  20.666 0.0000000000
100552  62.108  15.529  20.144 0.0000000000
97617  63.182  13.719  17.877 0.0000000000
97618  62.495  13.473  18.230 0.0000000000
96106  60.410  12.727  17.751 0.0000000000
95993  46.707  12.129  26.785 0.0000000000
97447  48.360  14.100  28.478 0.0000000000
95968  47.443  12.800  27.617 0.0000000000
97448  47.734  13.509  28.509 0.0000000000
100387  49.010  14.975  30.955 0.0000000000
95917  48.250  12.449  30.805 0.0000000000
98902  49.225  13.930  32.034 0.0000000000
98883  49.921  14.443  33.301 0.0000000000
94271  50.427  11.531  33.445 0.0000000000
89840  47.499  8.596  33.126 0.0000000000
94481  38.125  10.764  20.602 0.0000000000
94501  38.538  11.348  19.921 0.0000000000
92987  40.472  10.340  20.744 0.0000000000
92986  41.252  10.453  20.932 0.0000000000
92969  42.716  10.584  21.864 0.0000000000
92941  43.765  10.742  23.444 0.0000000000
94434  45.313  11.441  24.848 0.0000000000
66368  22.345  -7.704  43.584 0.0000000000
64852  19.499  -8.360  45.102 0.0000000000
72398  32.788  -2.849  50.102 0.0000000000
73854  33.227  -2.433  50.547 0.0000000000
72399  32.468  -3.188  49.697 0.0000000000
72423  31.817  -3.408  48.422 0.0000000000
69421  29.147  -5.284  45.084 0.0000000000
70933  29.668  -4.682  44.517 0.0000000000
70947  29.591  -4.679  43.489 0.0000000000
69452  29.121  -5.492  41.899 0.0000000000
69453  28.664  -6.224  41.916 0.0000000000
79890  43.526  1.773  42.187 0.0000000000
99008  56.781  14.275  27.120 0.0000000000
99007  57.142  14.501  26.443 0.0000000000
97480  56.966  14.042  25.811 0.0000000000
97500  57.260  13.597  25.231 0.0000000000
91447  53.280  9.306  21.876 0.0000000000
92967  53.462  9.565  21.280 0.0000000000
94456  56.288  11.758  21.896 0.0000000000
96043  57.039  12.305  22.334 0.0000000000
94472  55.623  11.145  21.432 0.0000000000
94491  55.603  11.075  20.391 0.0000000000
92981  54.926  10.540  19.836 0.0000000000
67833  25.937  -6.836  48.376 0.0000000000
67804  28.182  -6.367  49.696 0.0000000000
100380  55.851  15.870  30.502 0.0000000000
98938  55.519  14.706  30.394 0.0000000000
95941  54.737  12.739  28.845 0.0000000000
91388  50.277  8.688  25.733 0.0000000000
67835  23.996  -6.439  48.470 0.0000000000
67837  22.105  -5.855  48.292 0.0000000000
69346  20.233  -5.217  49.537 0.0000000000
67886  18.962  -6.589  46.927 0.0000000000
67867  18.590  -6.425  47.697 0.0000000000
66264  17.975  -6.921  47.925 0.0000000000
66283  17.928  -7.558  47.700 0.0000000000
70768  16.261  -3.753  54.230 0.0000000000
70787  15.895  -4.613  53.953 0.0000000000
64783  17.626  -8.331  52.014 0.0000000000
66215  16.716  -7.037  52.176 0.0000000000
64791  17.633  -8.302  51.155 0.0000000000
63436  17.809  -9.052  50.144 0.0000000000
63444  17.713  -8.878  49.754 0.0000000000
100293  50.487  15.213  37.685 0.0000000000
100276  50.375  15.101  38.418 0.0000000000
97270  50.094  13.521  38.670 0.0000000000
94189  48.458  12.159  39.427 0.0000000000
82561  45.834  3.483  42.848 0.0000000000
83925  46.287  4.569  41.587 0.0000000000
83926  45.891  4.100  41.472 0.0000000000
83947  45.652  4.485  40.728 0.0000000000
85478  45.633  5.590  39.988 0.0000000000
86974  45.343  6.621  39.570 0.0000000000
83968  45.212  4.993  39.962 0.0000000000
81292  44.362  2.546  40.700 0.0000000000
81272  44.487  2.093  41.428 0.0000000000
85419  39.359  5.691  43.377 0.0000000000
85439  40.086  5.709  42.499 0.0000000000
83915  38.943  4.690  41.874 0.0000000000
83934  37.943  4.195  41.957 0.0000000000
79794  34.641  1.187  49.944 0.0000000000
78274  34.367  0.443  49.516 0.0000000000
79809  34.538  1.345  48.917 0.0000000000
82512  35.892  3.947  47.153 0.0000000000
82539  36.029  3.173  44.610 0.0000000000
78449  34.069  0.276  41.793 0.0000000000
79896  34.683  1.290  42.301 0.0000000000
79911  34.805  1.070  41.067 0.0000000000
79910  35.372  1.772  41.643 0.0000000000
79932  35.018  0.907  40.401 0.0000000000
94274  46.273  11.006  33.850 0.0000000000
92793  45.942  10.557  33.347 0.0000000000
94255  47.012  11.114  34.256 0.0000000000
95840  48.622  12.192  34.381 0.0000000000
91251  45.349  9.454  35.612 0.0000000000
92748  48.086  10.206  35.622 0.0000000000
89819  44.322  8.816  35.410 0.0000000000
94560  61.202  11.624  15.351 0.0000000000
94559  62.122  11.647  15.401 0.0000000000
92944  41.724  9.528  23.654 0.0000000000
94418  44.126  10.738  25.532 0.0000000000
92917  43.568  10.391  25.521 0.0000000000
92899  44.123  10.467  26.526 0.0000000000
95947  45.885  11.658  28.637 0.0000000000
92901  42.966  9.453  26.364 0.0000000000
92882  44.386  10.376  27.624 0.0000000000
94356  45.855  11.525  29.103 0.0000000000
95918  47.737  12.055  30.610 0.0000000000
95896  48.413  12.261  31.427 0.0000000000
95881  49.345  13.158  32.752 0.0000000000
96059  35.949  12.394  20.980 0.0000000000
94483  36.412  11.599  20.820 0.0000000000
91436  37.366  9.054  21.757 0.0000000000
91450  37.825  9.511  21.431 0.0000000000
92974  37.611  10.264  21.069 0.0000000000
92958  39.665  9.301  21.866 0.0000000000
92957  40.827  9.335  22.424 0.0000000000
66322  21.463  -7.133  45.496 0.0000000000
69385  29.915  -4.908  48.486 0.0000000000
70880  30.223  -4.561  47.494 0.0000000000
69402  29.180  -5.322  46.949 0.0000000000
69414  28.644  -5.881  45.617 0.0000000000
67932  28.053  -6.442  43.190 0.0000000000
89982  51.914  7.830  23.540 0.0000000000
91416  53.632  8.799  23.825 0.0000000000
89997  52.464  8.377  23.102 0.0000000000
94431  48.429  11.249  24.529 0.0000000000
95989  50.545  12.004  27.055 0.0000000000
95943  50.488  13.000  27.951 0.0000000000
95964  50.976  12.524  27.708 0.0000000000
101756  53.497  16.609  29.986 0.0000000000
101734  53.710  16.234  30.495 0.0000000000
97387  54.408  14.597  30.670 0.0000000000
95913  54.018  12.617  30.490 0.0000000000
94344  53.161  11.243  29.376 0.0000000000
92855  52.882  10.732  30.058 0.0000000000
91353  51.150  9.822  27.959 0.0000000000
91370  49.931  9.057  26.113 0.0000000000
91371  48.931  8.780  26.478 0.0000000000
69323  21.997  -5.362  50.676 0.0000000000
69324  20.933  -4.905  50.527 0.0000000000
70801  20.466  -3.834  52.444 0.0000000000
70821  20.372  -4.262  51.665 0.0000000000
70836  20.053  -4.592  50.785 0.0000000000
70837  19.031  -4.818  50.581 0.0000000000
70838  18.404  -5.088  50.618 0.0000000000
67716  15.897  -6.549  54.725 0.0000000000
66187  17.004  -7.789  53.594 0.0000000000
64782  18.143  -8.891  52.239 0.0000000000
63428  18.422  -9.535  51.472 0.0000000000
85416  44.822  5.517  43.705 0.0000000000
83913  45.716  3.598  43.072 0.0000000000
83914  45.333  3.995  43.008 0.0000000000
85436  43.420  5.638  42.214 0.0000000000
86941  42.362  6.183  42.472 0.0000000000
86924  40.440  6.081  43.178 0.0000000000
86907  39.745  6.110  44.000 0.0000000000
73945  33.096  -2.067  46.208 0.0000000000
78316  33.715  0.006  47.455 0.0000000000
75414  33.351  -1.201  46.121 0.0000000000
76846  33.524  -0.569  46.538 0.0000000000
78362  33.673  0.265  46.000 0.0000000000
73982  33.030  -1.966  44.111 0.0000000000
76860  33.491  -0.559  45.575 0.0000000000
78361  33.883  1.024  46.091 0.0000000000
79852  34.323  1.558  45.734 0.0000000000
81214  34.785  2.222  45.285 0.0000000000
78426  34.202  0.650  43.110 0.0000000000
78450  33.690  -0.361  42.286 0.0000000000
98861  49.789  14.612  35.752 0.0000000000
97300  51.253  14.221  36.440 0.0000000000
94221  50.105  12.108  36.692 0.0000000000
92724  47.657  10.794  36.143 0.0000000000
92726  45.626  10.526  36.746 0.0000000000
91237  45.004  9.801  36.373 0.0000000000
91252  44.519  9.341  36.034 0.0000000000
87014  41.739  6.207  36.466 0.0000000000
96104  62.456  12.887  17.488 0.0000000000
96121  62.284  12.326  16.571 0.0000000000
94538  61.596  11.901  16.047 0.0000000000
94562  59.265  11.590  15.349 0.0000000000
97409  51.037  13.825  30.571 0.0000000000
91318  51.570  9.883  31.066 0.0000000000
94335  51.314  12.272  30.875 0.0000000000
91304  51.401  10.128  31.434 0.0000000000
100385  50.474  15.802  31.997 0.0000000000
92835  50.961  10.620  31.670 0.0000000000
94397  45.389  11.514  26.837 0.0000000000
95945  47.142  12.796  28.606 0.0000000000
100361  49.843  15.355  32.519 0.0000000000
98901  49.709  14.488  32.495 0.0000000000
98900  50.180  15.004  32.694 0.0000000000
91291  49.675  9.046  32.470 0.0000000000
97595  38.427  13.454  19.336 0.0000000000
94496  43.704  10.943  20.578 0.0000000000
94462  45.442  11.165  22.652 0.0000000000
94463  44.179  10.751  22.824 0.0000000000
94433  46.280  11.384  24.726 0.0000000000
95966  48.888  12.735  27.221 0.0000000000
98984  49.587  14.745  28.129 0.0000000000
101710  51.006  16.244  31.138 0.0000000000
78222  34.638  0.933  52.669 0.0000000000
78233  34.651  0.999  52.004 0.0000000000
78244  34.580  0.527  51.507 0.0000000000
76795  34.260  -0.374  50.079 0.0000000000
75336  33.646  -1.751  50.106 0.0000000000
75360  33.963  -1.063  49.687 0.0000000000
76807  33.907  -1.011  49.114 0.0000000000
75383  33.425  -1.526  48.063 0.0000000000
70898  31.079  -3.784  46.350 0.0000000000
72446  31.670  -3.430  47.396 0.0000000000
72469  32.216  -3.116  46.801 0.0000000000
73926  32.744  -2.685  47.076 0.0000000000
73946  32.558  -2.704  46.295 0.0000000000
72513  32.202  -3.012  44.950 0.0000000000
72536  31.529  -3.492  43.499 0.0000000000
70967  30.911  -4.198  41.903 0.0000000000
66414  27.786  -7.159  41.812 0.0000000000
81294  43.260  2.438  39.467 0.0000000000
103097  60.175  17.092  23.411 0.0000000000
94427  55.788  11.367  24.438 0.0000000000
96018  56.978  12.417  24.450 0.0000000000
92939  55.134  10.619  23.074 0.0000000000
96017  57.712  12.824  24.247 0.0000000000
97520  58.276  13.685  24.517 0.0000000000
97519  59.254  14.049  24.265 0.0000000000
100506  60.232  15.585  23.619 0.0000000000
101831  60.564  16.198  23.193 0.0000000000
100524  60.967  15.774  22.634 0.0000000000
99064  60.849  14.886  22.569 0.0000000000
97557  60.634  14.423  22.006 0.0000000000
96052  58.453  13.184  22.012 0.0000000000
97558  60.106  13.860  21.706 0.0000000000
99076  61.173  14.694  21.515 0.0000000000
97571  60.085  13.654  20.602 0.0000000000
97587  59.115  13.177  19.261 0.0000000000
96088  58.543  12.635  18.625 0.0000000000
96090  56.681  11.741  18.688 0.0000000000
66297  25.353  -7.175  46.206 0.0000000000
67834  24.925  -6.597  48.512 0.0000000000
67758  25.787  -6.279  51.083 0.0000000000
69300  24.861  -5.864  51.398 0.0000000000
69281  22.006  -4.414  52.992 0.0000000000
69257  22.117  -4.274  53.547 0.0000000000
70781  21.649  -3.936  53.513 0.0000000000
81128  34.381  2.824  53.565 0.0000000000
79705  34.307  1.723  53.457 0.0000000000
78223  34.434  0.310  52.970 0.0000000000
75289  33.727  -1.897  52.035 0.0000000000
72379  32.309  -3.370  50.609 0.0000000000
70850  30.782  -4.432  49.661 0.0000000000
70835  30.797  -4.594  50.483 0.0000000000
69365  30.130  -4.870  49.313 0.0000000000
67856  28.867  -5.997  47.827 0.0000000000
89895  49.406  9.123  30.130 0.0000000000
103047  57.225  17.283  28.429 0.0000000000
100447  57.348  15.789  28.519 0.0000000000
100427  56.572  15.590  29.589 0.0000000000
98978  56.683  14.845  28.613 0.0000000000
98993  56.730  14.507  27.795 0.0000000000
97482  55.921  13.298  27.264 0.0000000000
94408  54.928  11.335  25.739 0.0000000000
92929  53.986  9.831  25.051 0.0000000000
95912  54.694  13.057  30.122 0.0000000000
94372  53.457  11.416  27.768 0.0000000000
92896  53.196  10.982  26.822 0.0000000000
91368  51.834  9.712  26.191 0.0000000000
91386  52.110  9.070  25.429 0.0000000000
92915  52.612  9.810  25.608 0.0000000000
91403  52.628  8.683  24.837 0.0000000000
89971  52.831  8.510  24.597 0.0000000000
89980  53.063  8.274  24.240 0.0000000000
88607  50.770  6.967  23.886 0.0000000000
66281  23.480  -6.613  46.890 0.0000000000
66299  23.252  -6.731  46.284 0.0000000000
67864  21.388  -6.455  47.580 0.0000000000
67902  20.984  -6.872  46.071 0.0000000000
66323  20.467  -7.171  45.433 0.0000000000
64853  18.954  -8.199  45.702 0.0000000000
66303  18.735  -7.154  46.486 0.0000000000
63471  19.118  -9.289  45.561 0.0000000000
69305  17.835  -5.280  50.764 0.0000000000
69237  15.692  -5.070  54.302 0.0000000000
69259  15.887  -5.142  53.674 0.0000000000
69258  16.243  -5.317  52.989 0.0000000000
67744  16.452  -6.224  52.642 0.0000000000
69283  16.673  -5.447  52.121 0.0000000000
69307  16.862  -5.766  51.324 0.0000000000
69306  17.270  -5.522  51.003 0.0000000000
69349  17.601  -6.000  49.618 0.0000000000
67814  17.510  -6.454  49.305 0.0000000000
64819  17.690  -8.115  48.298 0.0000000000
64808  17.872  -9.119  48.827 0.0000000000
64818  17.846  -8.874  48.277 0.0000000000
63457  18.253  -9.358  47.598 0.0000000000
60899  21.193  -12.033  54.409 0.0000000000
59646  21.393  -12.654  54.382 0.0000000000
58343  21.441  -13.254  54.513 0.0000000000
58344  21.192  -13.609  54.771 0.0000000000
59624  21.369  -12.677  55.533 0.0000000000
89927  41.661  8.196  28.684 0.0000000000
95842  46.532  11.858  34.843 0.0000000000
95824  47.166  12.482  35.423 0.0000000000
97302  48.434  13.909  36.289 0.0000000000
98842  50.001  15.192  36.311 0.0000000000
98822  50.919  14.876  37.256 0.0000000000
97283  50.818  13.615  37.744 0.0000000000
97268  50.781  14.252  37.924 0.0000000000
95790  49.587  12.673  37.802 0.0000000000
95791  48.877  12.368  37.688 0.0000000000
94207  46.614  11.439  37.721 0.0000000000
89796  43.748  8.095  38.523 0.0000000000
85495  43.810  5.419  38.293 0.0000000000
94178  47.331  11.393  39.553 0.0000000000
92660  45.815  10.082  39.615 0.0000000000
88425  45.195  7.587  39.661 0.0000000000
89788  44.804  8.274  39.438 0.0000000000
91197  45.017  8.857  39.465 0.0000000000
88433  44.103  7.284  38.835 0.0000000000
83988  43.672  4.329  38.601 0.0000000000
82612  43.222  3.052  39.019 0.0000000000
79945  43.435  1.842  40.165 0.0000000000
79923  44.116  1.717  41.741 0.0000000000
79906  43.687  1.507  41.829 0.0000000000
82564  43.160  2.661  42.216 0.0000000000
85451  43.102  5.053  41.494 0.0000000000
85452  42.023  5.228  41.420 0.0000000000
83949  40.815  3.771  40.698 0.0000000000
83950  40.323  3.935  40.639 0.0000000000
82598  38.715  3.343  40.565 0.0000000000
79754  34.786  1.466  51.507 0.0000000000
81164  35.142  2.297  51.394 0.0000000000
82491  35.486  3.098  50.761 0.0000000000
79793  34.920  1.837  50.246 0.0000000000
81176  35.254  2.410  50.482 0.0000000000
83814  36.228  4.362  49.611 0.0000000000
78315  33.867  0.500  47.547 0.0000000000
85333  37.588  5.696  47.700 0.0000000000
83889  37.576  4.701  44.394 0.0000000000
81222  35.427  2.719  44.861 0.0000000000
79879  35.186  2.164  43.399 0.0000000000
82551  36.294  3.148  44.034 0.0000000000
82582  37.131  3.330  41.571 0.0000000000
81259  36.071  2.270  41.187 0.0000000000
89926  42.362  8.568  28.815 0.0000000000
91333  43.969  9.661  29.633 0.0000000000
92848  44.845  9.940  30.414 0.0000000000
92820  46.608  10.523  32.472 0.0000000000
92836  46.308  10.389  31.516 0.0000000000
92846  46.062  10.483  30.790 0.0000000000
94302  48.347  11.702  32.430 0.0000000000
95856  49.410  13.046  33.205 0.0000000000
97352  49.849  13.855  33.539 0.0000000000
97320  49.593  13.864  35.342 0.0000000000
98872  50.169  14.339  35.089 0.0000000000
94239  50.121  11.222  35.673 0.0000000000
95821  50.727  12.235  35.331 0.0000000000
97338  50.569  13.992  34.440 0.0000000000
94252  50.476  11.361  34.613 0.0000000000
96109  57.487  11.816  17.646 0.0000000000
96108  58.184  12.032  17.462 0.0000000000
94531  57.439  11.555  17.057 0.0000000000
94544  56.034  10.818  16.615 0.0000000000
64799  17.819  -8.859  50.707 0.0000000000
64830  17.795  -7.882  47.890 0.0000000000
66171  16.356  -7.180  55.844 0.0000000000
66200  17.102  -7.735  52.605 0.0000000000
66265  17.722  -7.480  48.190 0.0000000000
66301  21.708  -7.002  46.109 0.0000000000
67701  15.674  -6.281  56.049 0.0000000000
67859  25.874  -6.938  47.768 0.0000000000
67881  23.206  -6.593  46.872 0.0000000000
69282  17.132  -5.304  51.604 0.0000000000
69325  18.660  -5.125  50.268 0.0000000000
69327  17.404  -5.873  50.185 0.0000000000
69328  17.001  -5.833  50.797 0.0000000000
69348  18.002  -5.755  49.456 0.0000000000
69369  18.180  -5.916  48.997 0.0000000000
70780  22.133  -4.163  53.906 0.0000000000
72378  32.794  -2.957  50.858 0.0000000000
72471  31.192  -3.707  45.922 0.0000000000
74004  32.978  -1.921  43.752 0.0000000000
75441  33.309  -1.424  44.347 0.0000000000
75455  32.925  -1.895  43.511 0.0000000000
75474  32.860  -1.893  43.178 0.0000000000
76830  33.738  -0.028  47.705 0.0000000000
76831  33.587  -0.545  47.572 0.0000000000
78212  34.256  0.064  53.287 0.0000000000
78234  34.524  0.317  52.374 0.0000000000
78243  34.657  1.028  51.649 0.0000000000
79737  34.799  1.665  52.129 0.0000000000
79889  43.963  1.843  42.177 0.0000000000
79975  41.425  1.879  37.634 0.0000000000
81240  44.206  1.840  42.176 0.0000000000
81241  43.944  2.074  42.256 0.0000000000
81242  43.233  2.252  42.255 0.0000000000
82574  45.948  3.990  41.813 0.0000000000
82622  43.520  3.593  38.921 0.0000000000
83946  46.244  4.970  40.913 0.0000000000
83970  43.908  3.873  39.154 0.0000000000
84027  42.045  4.588  36.949 0.0000000000
85466  46.535  5.510  41.117 0.0000000000
85467  46.160  5.529  40.529 0.0000000000
85494  44.468  5.479  38.857 0.0000000000
85512  43.230  5.630  37.793 0.0000000000
85530  41.893  5.350  36.756 0.0000000000
85531  41.394  5.439  36.179 0.0000000000
86925  39.841  6.032  43.419 0.0000000000
86943  40.635  5.864  42.579 0.0000000000
86988  44.009  6.380  38.527 0.0000000000
86989  43.392  6.364  38.038 0.0000000000
87002  42.839  6.280  37.545 0.0000000000
87003  42.290  6.214  36.992 0.0000000000
87160  50.405  6.565  24.988 0.0000000000
87179  50.172  6.421  24.760 0.0000000000
88410  45.734  7.355  40.002 0.0000000000
88426  44.710  7.387  39.273 0.0000000000
88434  43.481  7.250  38.331 0.0000000000
88441  42.976  7.141  37.793 0.0000000000
88450  41.697  6.659  36.180 0.0000000000
88460  42.364  7.554  35.545 0.0000000000
88461  41.674  6.912  35.766 0.0000000000
88472  42.339  7.318  34.472 0.0000000000
88578  51.216  7.522  24.861 0.0000000000
88583  40.000  7.522  25.383 0.0000000000
88592  51.935  7.737  24.475 0.0000000000
88594  50.975  7.031  24.474 0.0000000000
88595  39.960  7.511  25.074 0.0000000000
88606  51.661  7.365  24.020 0.0000000000
88608  49.944  6.858  23.513 0.0000000000
89778  46.265  8.487  40.340 0.0000000000
89787  45.513  8.359  39.846 0.0000000000
89795  44.273  8.167  38.991 0.0000000000
89810  43.885  8.954  36.126 0.0000000000
89811  43.311  8.587  36.753 0.0000000000
89820  43.263  8.375  35.701 0.0000000000
89821  42.701  7.950  36.313 0.0000000000
89827  48.114  8.852  33.596 0.0000000000
89832  43.638  8.353  34.906 0.0000000000
89859  48.680  8.627  32.130 0.0000000000
89861  46.680  8.468  32.474 0.0000000000
89878  49.461  8.856  30.869 0.0000000000
89910  49.031  9.168  29.625 0.0000000000
89911  48.258  8.988  29.548 0.0000000000
89935  47.567  8.749  27.171 0.0000000000
89938  42.238  8.529  27.965 0.0000000000
89951  42.181  8.522  27.182 0.0000000000
89966  40.041  7.526  25.742 0.0000000000
89972  52.180  8.098  24.614 0.0000000000
89973  51.714  7.882  24.694 0.0000000000
89975  40.216  7.925  24.287 0.0000000000
89981  52.493  7.784  23.907 0.0000000000
89984  39.221  7.949  23.031 0.0000000000
89996  53.092  8.330  23.599 0.0000000000
90002  37.670  8.431  22.164 0.0000000000
91195  46.075  9.528  40.000 0.0000000000
91196  45.363  9.457  39.511 0.0000000000
91209  45.046  9.803  39.030 0.0000000000
91210  44.547  9.226  38.902 0.0000000000
91224  44.919  9.863  37.107 0.0000000000
91225  44.394  9.576  37.823 0.0000000000
91238  44.157  9.426  36.799 0.0000000000
91239  43.669  9.027  37.493 0.0000000000
91247  49.046  9.729  34.860 0.0000000000
91248  48.307  9.673  35.064 0.0000000000
91250  46.387  9.546  35.360 0.0000000000
91260  48.371  9.316  34.263 0.0000000000
91273  49.551  9.347  33.411 0.0000000000
91293  44.882  9.967  32.363 0.0000000000
91305  50.916  9.783  31.677 0.0000000000
91307  44.993  9.854  31.853 0.0000000000
91319  50.869  9.487  30.838 0.0000000000
91321  44.148  9.555  30.382 0.0000000000
91323  43.109  8.919  29.649 0.0000000000
91329  51.495  9.795  30.225 0.0000000000
91331  49.713  9.346  29.519 0.0000000000
91334  43.563  9.439  29.140 0.0000000000
91335  42.937  9.028  28.931 0.0000000000
91341  51.315  9.824  29.183 0.0000000000
91346  43.394  9.420  28.215 0.0000000000
91355  49.256  9.292  27.199 0.0000000000
91357  47.972  9.004  27.214 0.0000000000
91373  42.958  9.323  26.790 0.0000000000
91374  42.552  8.943  26.370 0.0000000000
91385  52.835  9.569  25.327 0.0000000000
91387  50.820  8.806  25.659 0.0000000000
91390  41.918  8.889  25.147 0.0000000000
91405  41.504  8.975  24.499 0.0000000000
91415  54.141  9.407  24.149 0.0000000000
91418  40.515  8.677  23.315 0.0000000000
91420  39.042  8.382  22.459 0.0000000000
91434  39.334  8.858  22.226 0.0000000000
91451  37.034  9.836  21.437 0.0000000000
91459  52.928  9.387  21.106 0.0000000000
92679  45.484  10.448  38.853 0.0000000000
92700  45.111  10.292  37.759 0.0000000000
92725  46.634  10.739  36.330 0.0000000000
92747  49.319  10.439  35.509 0.0000000000
92749  47.037  10.207  35.685 0.0000000000
92750  46.062  10.182  35.847 0.0000000000
92751  45.479  10.069  36.056 0.0000000000
92768  50.108  10.231  34.885 0.0000000000
92770  47.777  11.086  33.512 0.0000000000
92771  47.451  11.001  33.694 0.0000000000
92790  50.379  10.391  33.825 0.0000000000
92791  47.531  10.952  33.172 0.0000000000
92821  45.520  10.126  32.447 0.0000000000
92833  52.273  10.945  31.028 0.0000000000
92834  51.840  10.638  31.171 0.0000000000
92837  45.601  10.115  31.360 0.0000000000
92844  52.550  10.946  30.744 0.0000000000
92847  45.508  10.339  30.439 0.0000000000
92858  44.617  10.104  29.446 0.0000000000
92866  51.868  10.330  28.476 0.0000000000
92879  53.068  11.088  27.544 0.0000000000
92880  52.597  10.771  27.719 0.0000000000
92883  43.791  9.862  27.412 0.0000000000
92913  54.372  10.539  25.352 0.0000000000
92914  53.284  10.242  25.579 0.0000000000
92916  44.139  10.676  25.829 0.0000000000
92918  42.928  9.642  25.791 0.0000000000
92927  55.264  10.608  24.062 0.0000000000
92928  54.579  10.054  24.581 0.0000000000
92931  42.557  9.876  24.690 0.0000000000
92945  41.146  9.084  23.272 0.0000000000
92951  55.046  10.523  22.014 0.0000000000
92954  43.339  10.598  22.758 0.0000000000
92966  54.120  9.875  21.509 0.0000000000
92968  43.210  10.618  22.168 0.0000000000
92970  41.906  10.400  21.828 0.0000000000
92973  38.703  9.733  21.243 0.0000000000
92976  36.008  10.865  21.265 0.0000000000
92984  42.526  10.637  21.252 0.0000000000
92985  42.067  10.595  21.133 0.0000000000
93016  55.364  10.673  16.120 0.0000000000
93058  63.410  10.757  14.335 0.0000000000
94190  47.915  11.980  38.876 0.0000000000
94192  46.108  11.226  38.421 0.0000000000
94203  49.997  12.470  37.314 0.0000000000
94205  48.647  11.971  37.090 0.0000000000
94206  47.728  11.884  37.666 0.0000000000
94222  49.313  11.254  36.298 0.0000000000
94224  47.166  11.321  36.865 0.0000000000
94226  45.860  10.931  37.119 0.0000000000
94240  49.629  10.926  35.836 0.0000000000
94253  48.536  11.857  33.816 0.0000000000
94303  47.766  11.152  32.411 0.0000000000
94319  51.102  11.656  31.213 0.0000000000
94321  47.651  11.304  31.483 0.0000000000
94322  46.983  10.869  31.505 0.0000000000
94333  52.621  11.662  30.791 0.0000000000
94334  51.859  11.981  30.818 0.0000000000
94336  47.282  11.311  30.895 0.0000000000
94338  46.048  10.798  30.183 0.0000000000
94346  45.632  10.902  29.560 0.0000000000
94353  54.324  12.361  28.562 0.0000000000
94354  53.719  11.887  28.907 0.0000000000
94355  53.063  11.243  28.460 0.0000000000
94357  45.432  11.179  28.600 0.0000000000
94358  44.921  10.623  28.754 0.0000000000
94371  54.239  12.032  27.746 0.0000000000
94374  49.278  12.103  26.995 0.0000000000
94375  48.946  12.159  26.906 0.0000000000
94377  44.917  10.784  28.017 0.0000000000
94394  47.872  11.937  26.217 0.0000000000
94398  44.751  10.999  27.083 0.0000000000
94406  56.385  11.910  24.736 0.0000000000
94412  49.177  11.450  25.519 0.0000000000
94413  48.138  11.439  25.519 0.0000000000
94414  47.163  11.692  25.706 0.0000000000
94417  44.552  11.065  25.926 0.0000000000
94426  56.425  11.849  23.960 0.0000000000
94447  47.561  11.127  23.534 0.0000000000
94448  46.419  11.045  23.643 0.0000000000
94449  45.329  11.132  23.789 0.0000000000
94450  44.457  11.075  24.037 0.0000000000
94451  43.853  10.907  24.245 0.0000000000
94464  43.510  10.640  22.358 0.0000000000
94477  44.539  11.003  21.626 0.0000000000
94479  42.789  10.656  21.356 0.0000000000
94480  38.966  10.459  20.548 0.0000000000
94482  37.258  11.137  20.686 0.0000000000
94503  37.065  11.930  20.467 0.0000000000
94512  42.877  11.122  19.550 0.0000000000
94513  41.789  11.091  19.476 0.0000000000
94515  39.803  11.281  19.197 0.0000000000
94527  40.278  11.603  18.760 0.0000000000
94530  58.109  11.652  16.776 0.0000000000
94542  57.775  11.429  16.203 0.0000000000
94558  62.930  11.712  15.630 0.0000000000
95777  48.859  12.471  38.576 0.0000000000
95789  50.497  13.044  37.575 0.0000000000
95820  51.239  13.350  35.580 0.0000000000
95837  51.029  13.631  34.836 0.0000000000
95857  48.915  12.370  33.563 0.0000000000
95882  48.882  12.621  32.600 0.0000000000
95895  50.808  12.807  30.895 0.0000000000
95897  48.035  11.744  31.294 0.0000000000
95911  55.078  13.313  29.749 0.0000000000
95916  51.532  12.829  30.599 0.0000000000
95929  55.138  13.196  29.158 0.0000000000
95933  46.898  11.780  29.971 0.0000000000
95942  54.309  12.431  29.180 0.0000000000
95944  50.162  13.120  27.908 0.0000000000
95946  46.411  12.047  28.919 0.0000000000
95961  55.399  12.897  27.624 0.0000000000
95962  54.793  12.603  28.083 0.0000000000
95984  56.214  12.986  26.002 0.0000000000
95985  55.625  12.676  26.661 0.0000000000
95990  48.720  12.226  26.852 0.0000000000
95991  48.285  12.352  26.772 0.0000000000
95992  47.496  12.304  26.658 0.0000000000
95994  46.154  11.847  27.140 0.0000000000
96004  57.421  12.977  24.797 0.0000000000
96006  55.863  12.456  25.816 0.0000000000
96010  46.955  12.043  26.207 0.0000000000
96029  58.593  13.290  23.422 0.0000000000
96053  57.691  12.697  21.642 0.0000000000
96066  56.831  12.135  20.219 0.0000000000
96071  38.004  12.241  19.824 0.0000000000
96076  57.516  12.455  19.472 0.0000000000
96084  38.564  12.425  19.391 0.0000000000
96086  60.106  12.988  18.369 0.0000000000
96100  39.691  12.193  18.729 0.0000000000
96103  62.951  13.174  17.585 0.0000000000
96124  59.025  11.981  16.866 0.0000000000
96132  63.076  12.101  16.121 0.0000000000
96133  62.669  12.038  16.055 0.0000000000
97282  51.105  14.035  37.548 0.0000000000
97319  51.201  14.097  35.615 0.0000000000
97321  48.809  13.387  35.662 0.0000000000
97322  47.800  13.243  35.821 0.0000000000
97370  50.319  13.996  32.524 0.0000000000
97386  54.683  14.464  30.580 0.0000000000
97389  48.858  13.311  31.740 0.0000000000
97403  55.885  14.287  29.708 0.0000000000
97404  55.319  13.980  30.120 0.0000000000
97405  54.625  13.715  30.414 0.0000000000
97406  53.984  13.891  30.665 0.0000000000
97407  52.967  13.690  30.566 0.0000000000
97408  51.954  13.732  30.340 0.0000000000
97411  47.801  12.698  29.955 0.0000000000
97427  55.516  13.739  29.467 0.0000000000
97428  48.207  13.925  29.384 0.0000000000
97442  55.641  13.614  28.737 0.0000000000
97445  50.988  13.505  28.121 0.0000000000
97446  50.342  13.581  27.956 0.0000000000
97457  56.347  13.839  27.512 0.0000000000
97458  55.770  13.473  27.964 0.0000000000
97464  49.343  13.516  27.752 0.0000000000
97465  48.675  13.766  27.809 0.0000000000
97501  56.696  13.380  25.780 0.0000000000
97533  59.717  14.152  23.822 0.0000000000
97534  58.995  13.574  23.581 0.0000000000
97549  60.108  14.251  22.803 0.0000000000
97565  36.096  13.253  21.065 0.0000000000
97570  61.048  14.279  20.893 0.0000000000
97579  37.242  13.582  20.300 0.0000000000
97580  36.624  13.573  20.720 0.0000000000
97584  61.713  14.339  19.990 0.0000000000
97586  59.948  13.411  19.546 0.0000000000
97601  60.711  13.261  18.658 0.0000000000
97603  59.233  12.948  18.747 0.0000000000
97619  61.703  13.163  18.150 0.0000000000
98809  50.793  14.565  37.732 0.0000000000
98810  50.613  14.686  38.187 0.0000000000
98823  50.695  14.869  37.715 0.0000000000
98860  50.413  14.733  35.720 0.0000000000
98871  50.766  14.326  35.215 0.0000000000
98882  50.048  14.666  33.168 0.0000000000
98918  55.852  15.244  30.460 0.0000000000
98920  54.726  15.029  30.714 0.0000000000
98921  54.193  14.906  30.794 0.0000000000
98922  50.667  15.002  32.193 0.0000000000
98923  49.440  14.856  31.873 0.0000000000
98942  50.941  14.905  31.335 0.0000000000
98943  48.743  14.412  30.305 0.0000000000
98959  56.368  14.844  29.422 0.0000000000
98960  48.765  14.631  29.311 0.0000000000
98977  57.161  15.133  27.977 0.0000000000
98983  50.322  14.451  28.040 0.0000000000
98985  49.005  14.656  28.413 0.0000000000
98992  57.215  14.899  27.256 0.0000000000
98997  50.078  13.933  27.932 0.0000000000
98999  49.232  14.242  27.953 0.0000000000
99018  58.276  14.977  25.071 0.0000000000
99032  59.595  14.488  24.201 0.0000000000
99047  60.631  14.992  23.072 0.0000000000
99063  61.141  15.167  22.183 0.0000000000
99075  61.270  15.152  21.767 0.0000000000
99086  62.015  15.150  20.205 0.0000000000
99087  61.665  14.965  20.679 0.0000000000
99098  36.831  13.978  20.638 0.0000000000
99100  62.260  14.963  19.826 0.0000000000
99112  38.785  13.819  19.292 0.0000000000
100264  50.400  14.871  38.613 0.0000000000
100309  50.683  15.213  37.086 0.0000000000
100360  50.008  15.657  32.448 0.0000000000
100381  55.144  15.626  30.629 0.0000000000
100382  54.516  15.545  30.717 0.0000000000
100384  50.946  16.069  31.411 0.0000000000
100405  53.018  15.636  30.633 0.0000000000
100407  51.243  15.637  31.078 0.0000000000
100426  57.208  15.977  29.247 0.0000000000
100429  49.730  15.647  29.216 0.0000000000
100448  56.857  15.429  29.113 0.0000000000
100451  53.155  15.817  28.832 0.0000000000
100453  51.425  15.508  28.633 0.0000000000
100454  50.693  15.340  28.497 0.0000000000
100455  50.002  15.259  28.539 0.0000000000
100480  58.861  15.942  24.941 0.0000000000
100493  58.906  15.332  24.851 0.0000000000
100505  60.619  15.354  23.107 0.0000000000
100523  61.236  15.493  22.136 0.0000000000
101707  55.562  16.210  30.448 0.0000000000
101712  50.284  16.320  31.332 0.0000000000
101732  56.805  16.537  29.695 0.0000000000
101733  54.477  16.287  30.431 0.0000000000
101735  52.657  16.326  30.411 0.0000000000
101737  50.749  16.508  30.626 0.0000000000
101738  50.037  16.362  30.566 0.0000000000
101754  56.836  16.211  29.567 0.0000000000
101755  54.379  16.568  30.093 0.0000000000
101758  51.476  16.656  29.928 0.0000000000
101759  50.648  16.505  29.712 0.0000000000
101760  49.996  16.158  29.737 0.0000000000
101777  57.449  16.944  29.557 0.0000000000
101782  52.313  16.426  29.328 0.0000000000
101809  58.442  16.553  25.652 0.0000000000
101832  59.907  16.274  23.853 0.0000000000
101852  60.938  16.459  22.616 0.0000000000
102985  55.903  16.632  30.254 0.0000000000
102987  54.884  16.291  30.395 0.0000000000
103117  60.701  16.920  22.892 0.0000000000
