#!ascii label  , from subject S2_Demo vox2ras=TkReg
1575
82728  53.709  3.583  32.655 0.0000000000
62251  38.240  -10.409  45.344 0.0000000000
50736  29.621  -19.330  46.452 0.0000000000
45379  23.379  -23.644  49.477 0.0000000000
54680  42.102  -16.832  46.446 0.0000000000
57269  32.960  -14.619  41.410 0.0000000000
78501  53.744  0.170  38.892 0.0000000000
77245  51.622  -0.276  22.323 0.0000000000
70978  47.868  -4.836  41.693 0.0000000000
64976  41.513  -8.459  38.691 0.0000000000
61122  34.470  -11.530  34.573 0.0000000000
49265  35.586  -20.808  52.366 0.0000000000
50696  26.994  -19.969  49.240 0.0000000000
49239  32.620  -20.876  54.615 0.0000000000
52012  36.013  -18.717  47.700 0.0000000000
76893  51.066  -0.401  42.468 0.0000000000
63424  38.663  -9.459  51.654 0.0000000000
69338  40.874  -5.670  49.956 0.0000000000
67907  43.511  -6.990  44.502 0.0000000000
66357  38.681  -7.305  43.760 0.0000000000
66485  37.413  -7.560  37.686 0.0000000000
61099  36.296  -11.383  39.385 0.0000000000
50853  27.465  -19.947  39.414 0.0000000000
57345  29.095  -14.335  38.060 0.0000000000
80109  53.991  0.964  27.921 0.0000000000
80214  54.672  1.382  21.732 0.0000000000
50823  23.990  -19.424  41.770 0.0000000000
48020  21.431  -21.387  43.862 0.0000000000
57240  41.497  -14.441  43.681 0.0000000000
58530  39.378  -14.621  39.624 0.0000000000
56008  37.708  -15.620  44.157 0.0000000000
49440  30.684  -20.352  42.751 0.0000000000
85493  54.168  5.542  38.150 0.0000000000
47827  28.658  -21.239  56.353 0.0000000000
39329  21.697  -28.434  50.708 0.0000000000
78622  52.052  0.661  31.588 0.0000000000
82645  51.127  3.557  36.467 0.0000000000
81252  52.669  1.892  41.779 0.0000000000
74066  50.108  -1.996  39.389 0.0000000000
69515  46.570  -5.636  38.331 0.0000000000
64843  47.133  -8.127  45.599 0.0000000000
63526  45.082  -9.485  41.323 0.0000000000
62325  44.682  -10.931  37.256 0.0000000000
63598  40.608  -9.493  34.413 0.0000000000
57342  36.016  -15.272  37.018 0.0000000000
53190  35.794  -16.808  54.093 0.0000000000
50612  34.212  -20.553  54.185 0.0000000000
55832  33.312  -15.470  54.837 0.0000000000
50643  37.537  -18.762  52.809 0.0000000000
63453  39.174  -9.961  48.145 0.0000000000
66258  38.714  -7.725  48.014 0.0000000000
67852  40.099  -6.264  47.017 0.0000000000
64847  38.195  -8.473  45.061 0.0000000000
64903  36.843  -8.997  41.929 0.0000000000
61069  37.321  -11.313  42.395 0.0000000000
50871  24.962  -19.247  38.527 0.0000000000
50890  27.140  -19.277  37.327 0.0000000000
80084  54.451  1.426  30.385 0.0000000000
80127  54.736  1.489  27.344 0.0000000000
81417  55.217  2.736  30.843 0.0000000000
50769  26.278  -18.972  44.425 0.0000000000
50804  23.007  -19.833  42.898 0.0000000000
50754  25.347  -19.307  45.574 0.0000000000
47925  25.255  -21.699  49.481 0.0000000000
46605  22.179  -22.102  47.100 0.0000000000
45393  20.806  -23.768  48.090 0.0000000000
41814  20.173  -25.994  49.133 0.0000000000
59779  41.289  -12.982  46.329 0.0000000000
56005  42.710  -15.928  44.075 0.0000000000
56015  40.538  -15.728  42.969 0.0000000000
54690  39.693  -16.485  45.223 0.0000000000
49346  33.514  -20.449  47.187 0.0000000000
50748  32.896  -19.629  45.131 0.0000000000
50766  30.069  -20.344  44.328 0.0000000000
50799  28.187  -20.189  42.081 0.0000000000
81302  54.379  2.602  39.290 0.0000000000
84003  55.049  4.862  37.393 0.0000000000
79972  54.461  1.653  37.612 0.0000000000
38054  21.873  -29.718  51.370 0.0000000000
82621  51.981  3.528  38.619 0.0000000000
79943  51.359  1.586  39.987 0.0000000000
74034  50.255  -2.526  42.134 0.0000000000
75503  50.819  -1.465  41.102 0.0000000000
72582  49.244  -3.080  40.371 0.0000000000
72625  48.607  -3.693  38.552 0.0000000000
69493  47.056  -5.064  40.083 0.0000000000
66383  42.205  -7.257  41.857 0.0000000000
64901  44.198  -8.495  42.853 0.0000000000
64935  43.588  -9.396  40.599 0.0000000000
63538  44.486  -10.132  39.694 0.0000000000
62318  42.844  -10.226  37.685 0.0000000000
62342  43.309  -10.321  36.216 0.0000000000
63580  40.788  -9.050  36.871 0.0000000000
65037  36.978  -8.472  34.644 0.0000000000
58506  35.460  -13.966  41.029 0.0000000000
57315  37.953  -14.954  38.380 0.0000000000
58535  33.739  -13.781  39.360 0.0000000000
58603  31.380  -13.180  35.565 0.0000000000
81591  50.316  2.758  18.249 0.0000000000
80242  51.714  1.712  19.689 0.0000000000
49319  33.013  -20.233  49.646 0.0000000000
50709  28.981  -19.327  48.501 0.0000000000
49284  32.582  -20.651  51.613 0.0000000000
49269  30.201  -21.024  52.285 0.0000000000
46501  29.376  -22.333  52.982 0.0000000000
53257  40.749  -17.676  49.183 0.0000000000
53279  39.028  -17.503  47.650 0.0000000000
51995  37.720  -18.778  49.859 0.0000000000
49316  35.350  -20.528  49.277 0.0000000000
78463  50.564  0.555  40.617 0.0000000000
70936  49.546  -4.001  43.361 0.0000000000
69397  41.882  -5.712  47.094 0.0000000000
67927  40.794  -6.520  43.754 0.0000000000
66429  39.837  -6.882  40.987 0.0000000000
66482  39.648  -7.596  38.334 0.0000000000
66431  37.588  -7.478  40.352 0.0000000000
64959  35.824  -8.829  38.970 0.0000000000
61112  35.636  -11.566  37.418 0.0000000000
53331  29.227  -17.770  40.108 0.0000000000
57302  30.725  -14.480  39.637 0.0000000000
54763  28.528  -16.730  38.837 0.0000000000
78731  52.581  0.292  25.079 0.0000000000
78777  52.894  0.494  22.153 0.0000000000
78746  54.240  0.941  24.990 0.0000000000
49379  23.475  -20.445  45.745 0.0000000000
60991  40.132  -11.388  47.759 0.0000000000
59793  39.592  -12.620  44.519 0.0000000000
59807  38.778  -12.683  43.226 0.0000000000
57262  40.513  -14.744  41.305 0.0000000000
57252  38.781  -15.261  41.396 0.0000000000
57242  35.564  -15.065  43.220 0.0000000000
53296  36.518  -17.162  45.749 0.0000000000
54705  34.232  -16.898  44.231 0.0000000000
53314  30.768  -17.810  42.054 0.0000000000
49459  28.446  -20.340  40.615 0.0000000000
50838  26.234  -19.552  40.417 0.0000000000
84045  53.477  5.114  35.914 0.0000000000
84097  54.637  4.711  33.038 0.0000000000
85545  54.795  6.385  36.068 0.0000000000
49225  29.578  -20.338  55.670 0.0000000000
45349  27.094  -23.523  52.234 0.0000000000
42991  25.291  -25.969  51.688 0.0000000000
41803  22.140  -26.175  50.062 0.0000000000
78718  52.063  0.194  26.147 0.0000000000
78642  53.115  0.499  30.623 0.0000000000
80045  52.899  1.826  31.853 0.0000000000
82707  52.223  3.362  33.631 0.0000000000
84006  52.165  4.482  37.071 0.0000000000
83966  53.368  4.131  39.496 0.0000000000
79942  53.434  1.182  39.943 0.0000000000
76913  51.571  -0.216  42.062 0.0000000000
76935  51.799  0.197  40.513 0.0000000000
76981  51.438  -0.842  38.370 0.0000000000
74106  49.656  -2.636  37.965 0.0000000000
71109  48.011  -4.535  37.855 0.0000000000
67922  47.488  -6.598  43.573 0.0000000000
64846  45.154  -8.239  45.294 0.0000000000
64877  46.506  -8.347  43.622 0.0000000000
67961  46.320  -6.714  41.519 0.0000000000
68013  45.553  -6.945  39.516 0.0000000000
64974  45.446  -9.098  38.633 0.0000000000
65020  39.361  -8.738  35.577 0.0000000000
59840  38.341  -13.469  39.472 0.0000000000
59868  37.385  -13.473  37.621 0.0000000000
58598  36.041  -14.371  35.487 0.0000000000
58565  32.299  -13.573  37.396 0.0000000000
57403  34.507  -15.055  35.336 0.0000000000
53191  34.898  -17.034  54.059 0.0000000000
55831  34.296  -15.349  54.971 0.0000000000
62225  38.827  -10.214  46.727 0.0000000000
64814  38.640  -8.500  48.349 0.0000000000
63460  38.501  -9.263  46.597 0.0000000000
64836  38.483  -8.319  46.277 0.0000000000
63467  38.190  -9.190  45.731 0.0000000000
63480  37.700  -9.429  44.417 0.0000000000
61051  37.801  -10.608  44.321 0.0000000000
82741  53.969  2.694  31.860 0.0000000000
81433  54.959  2.011  30.490 0.0000000000
82740  54.701  3.178  31.661 0.0000000000
50768  27.491  -19.178  44.779 0.0000000000
50770  25.414  -19.188  44.604 0.0000000000
52031  27.084  -18.767  45.743 0.0000000000
46552  24.056  -22.634  49.310 0.0000000000
46572  23.144  -22.552  48.429 0.0000000000
44216  21.840  -24.046  48.763 0.0000000000
44217  21.118  -24.480  48.711 0.0000000000
44203  21.406  -24.981  49.100 0.0000000000
53284  42.572  -16.727  47.694 0.0000000000
54686  43.389  -16.144  46.348 0.0000000000
55998  43.357  -15.765  45.765 0.0000000000
54687  42.944  -16.381  45.735 0.0000000000
54697  41.704  -16.374  44.415 0.0000000000
54681  41.014  -16.949  46.145 0.0000000000
50734  31.492  -19.979  46.638 0.0000000000
49377  31.146  -20.515  45.189 0.0000000000
50750  29.844  -19.630  45.344 0.0000000000
50767  28.902  -19.637  44.417 0.0000000000
78479  54.012  1.283  39.500 0.0000000000
79959  54.539  1.614  38.704 0.0000000000
78500  54.326  0.548  38.937 0.0000000000
79974  50.912  1.667  37.632 0.0000000000
79960  51.292  1.801  38.637 0.0000000000
78482  51.108  1.294  39.219 0.0000000000
70976  49.145  -3.721  41.730 0.0000000000
74050  49.886  -2.513  41.085 0.0000000000
72583  48.718  -3.647  40.715 0.0000000000
71001  48.185  -4.198  40.495 0.0000000000
71002  47.692  -4.593  40.760 0.0000000000
66427  41.651  -7.566  40.546 0.0000000000
64936  42.856  -8.364  40.748 0.0000000000
64956  42.860  -9.147  39.631 0.0000000000
63539  43.654  -10.145  39.428 0.0000000000
64975  42.425  -9.218  38.728 0.0000000000
63568  42.279  -10.030  37.277 0.0000000000
64990  41.083  -8.630  37.860 0.0000000000
58507  34.644  -13.925  41.119 0.0000000000
58533  35.338  -13.957  39.890 0.0000000000
58522  33.725  -13.837  40.280 0.0000000000
78815  51.024  1.266  19.884 0.0000000000
78791  51.730  0.469  21.021 0.0000000000
47894  34.304  -20.929  51.310 0.0000000000
49300  32.751  -20.299  50.462 0.0000000000
47875  34.275  -21.273  52.437 0.0000000000
50613  33.524  -20.267  54.307 0.0000000000
47861  33.135  -21.586  53.529 0.0000000000
46486  32.383  -22.019  53.931 0.0000000000
47880  29.458  -21.547  52.375 0.0000000000
46465  31.998  -22.233  55.107 0.0000000000
51961  40.453  -17.679  50.726 0.0000000000
51994  39.021  -18.261  49.763 0.0000000000
51979  38.660  -18.624  50.878 0.0000000000
49264  36.301  -20.127  52.639 0.0000000000
50658  36.912  -19.704  51.814 0.0000000000
49281  35.447  -20.868  51.434 0.0000000000
47923  34.819  -20.935  49.816 0.0000000000
67773  39.644  -6.419  50.997 0.0000000000
69315  40.919  -5.668  51.311 0.0000000000
69337  42.038  -5.707  49.910 0.0000000000
69359  42.444  -5.805  49.191 0.0000000000
69360  41.554  -5.638  48.936 0.0000000000
67911  39.562  -6.763  44.846 0.0000000000
67894  40.340  -6.393  45.649 0.0000000000
67928  39.780  -6.655  43.891 0.0000000000
67965  40.322  -6.593  41.977 0.0000000000
66406  39.434  -6.766  42.242 0.0000000000
66430  38.577  -7.121  40.622 0.0000000000
66407  38.669  -7.131  41.721 0.0000000000
62281  36.497  -10.186  41.543 0.0000000000
64919  36.737  -8.755  41.369 0.0000000000
62304  35.900  -10.338  39.537 0.0000000000
62305  35.617  -9.806  38.923 0.0000000000
62319  35.897  -10.895  38.983 0.0000000000
52081  28.574  -18.782  39.566 0.0000000000
53345  29.100  -17.226  39.641 0.0000000000
52095  28.266  -18.646  38.924 0.0000000000
78717  53.099  0.568  26.327 0.0000000000
78747  53.527  0.506  24.522 0.0000000000
78716  53.913  0.836  26.482 0.0000000000
80141  55.355  1.846  26.842 0.0000000000
50840  24.259  -19.295  40.891 0.0000000000
50824  23.083  -19.655  41.936 0.0000000000
50711  27.149  -19.531  48.508 0.0000000000
50740  25.273  -19.709  46.724 0.0000000000
49349  24.963  -20.305  47.390 0.0000000000
45420  20.884  -22.992  46.933 0.0000000000
46629  21.321  -22.213  46.149 0.0000000000
58475  41.345  -13.390  45.022 0.0000000000
59780  40.961  -12.539  46.060 0.0000000000
59792  40.587  -12.784  45.176 0.0000000000
59781  40.195  -12.325  45.595 0.0000000000
58476  40.495  -13.249  44.522 0.0000000000
58485  40.133  -13.510  43.613 0.0000000000
58494  40.807  -14.221  43.225 0.0000000000
56006  39.747  -15.775  43.737 0.0000000000
56026  39.895  -15.470  42.056 0.0000000000
56017  38.273  -15.352  43.305 0.0000000000
57254  37.017  -14.552  42.270 0.0000000000
56019  36.270  -15.351  43.601 0.0000000000
52011  37.006  -18.256  47.813 0.0000000000
53289  37.716  -17.467  46.554 0.0000000000
52018  36.441  -18.100  47.210 0.0000000000
49418  31.795  -20.362  43.624 0.0000000000
52035  33.426  -18.500  45.011 0.0000000000
52043  31.882  -18.943  43.564 0.0000000000
54713  33.073  -16.933  43.343 0.0000000000
52047  30.877  -18.796  42.394 0.0000000000
50816  29.992  -19.216  41.537 0.0000000000
49457  29.454  -20.233  41.588 0.0000000000
50801  25.791  -19.304  42.544 0.0000000000
50820  27.057  -19.790  41.239 0.0000000000
50821  25.990  -19.421  41.477 0.0000000000
84024  53.639  5.579  37.018 0.0000000000
85562  54.047  5.405  35.446 0.0000000000
85511  54.308  5.885  37.556 0.0000000000
86999  55.300  6.080  36.953 0.0000000000
49214  29.134  -20.824  56.026 0.0000000000
45326  30.299  -23.332  54.697 0.0000000000
44146  29.043  -23.933  54.122 0.0000000000
39327  23.261  -28.100  50.591 0.0000000000
40519  23.008  -27.515  50.507 0.0000000000
43002  24.011  -25.636  50.788 0.0000000000
41795  22.656  -26.544  50.366 0.0000000000
40532  20.865  -27.104  50.002 0.0000000000
40521  21.200  -27.743  50.443 0.0000000000
78732  51.927  0.013  25.325 0.0000000000
78662  52.508  -0.064  29.913 0.0000000000
78643  52.436  0.276  30.888 0.0000000000
80068  53.369  1.122  31.349 0.0000000000
80069  52.663  1.154  31.671 0.0000000000
82708  50.828  3.276  34.099 0.0000000000
81372  52.000  2.855  32.848 0.0000000000
82663  51.842  3.898  35.762 0.0000000000
84047  52.215  4.135  35.872 0.0000000000
82644  51.618  4.026  36.744 0.0000000000
81303  52.500  3.017  40.090 0.0000000000
82620  52.537  3.674  39.365 0.0000000000
82592  53.102  3.232  41.048 0.0000000000
81269  53.913  2.667  40.678 0.0000000000
81251  53.057  1.847  41.691 0.0000000000
78420  50.805  0.065  42.216 0.0000000000
79904  51.369  1.019  41.652 0.0000000000
78442  51.358  0.296  42.122 0.0000000000
75523  50.599  -1.450  39.978 0.0000000000
75502  51.122  -0.947  40.496 0.0000000000
75522  50.953  -1.048  39.492 0.0000000000
76960  51.450  -0.409  39.538 0.0000000000
75542  50.557  -1.477  38.795 0.0000000000
75557  50.453  -1.786  38.054 0.0000000000
74085  50.083  -2.110  38.364 0.0000000000
71076  47.248  -4.851  38.527 0.0000000000
71110  47.394  -5.046  37.885 0.0000000000
69535  46.758  -5.984  37.627 0.0000000000
66351  47.258  -7.563  44.241 0.0000000000
67891  43.795  -6.800  45.677 0.0000000000
66289  45.014  -7.618  46.675 0.0000000000
66310  43.985  -7.261  44.983 0.0000000000
63516  44.725  -9.578  41.622 0.0000000000
63494  45.068  -9.180  42.835 0.0000000000
64899  45.845  -8.698  42.622 0.0000000000
66380  46.168  -8.085  42.590 0.0000000000
66401  45.863  -7.924  41.864 0.0000000000
67987  45.621  -7.220  40.608 0.0000000000
66425  45.489  -8.108  40.977 0.0000000000
62301  44.937  -10.686  38.722 0.0000000000
63556  45.524  -10.195  38.337 0.0000000000
64989  45.906  -9.439  37.982 0.0000000000
63567  45.910  -10.180  37.504 0.0000000000
63576  44.736  -10.087  36.516 0.0000000000
63589  41.557  -9.865  35.546 0.0000000000
63588  42.769  -10.006  35.593 0.0000000000
66484  38.244  -7.439  37.867 0.0000000000
64992  39.360  -7.784  37.404 0.0000000000
65005  38.434  -7.772  36.418 0.0000000000
63600  38.225  -9.077  34.266 0.0000000000
58505  39.017  -13.614  40.977 0.0000000000
59828  38.278  -13.038  40.527 0.0000000000
58519  39.042  -13.860  39.893 0.0000000000
57317  36.106  -14.873  37.950 0.0000000000
57340  37.476  -14.786  37.634 0.0000000000
57371  37.244  -14.813  36.987 0.0000000000
58581  36.419  -13.841  36.060 0.0000000000
57373  35.771  -15.220  35.941 0.0000000000
57320  30.317  -14.273  38.971 0.0000000000
58537  31.637  -13.794  39.132 0.0000000000
58552  30.433  -13.800  38.249 0.0000000000
58602  32.698  -13.711  35.342 0.0000000000
56177  34.614  -15.365  34.021 0.0000000000
80202  54.072  1.066  22.005 0.0000000000
80231  52.903  1.296  20.572 0.0000000000
82727  55.019  4.111  32.093 0.0000000000
51941  35.901  -18.573  53.434 0.0000000000
49236  34.912  -21.130  53.659 0.0000000000
51942  34.948  -18.734  53.472 0.0000000000
53209  33.810  -17.716  53.588 0.0000000000
53193  32.177  -17.573  53.948 0.0000000000
51940  36.778  -18.295  53.367 0.0000000000
63440  38.916  -9.337  49.739 0.0000000000
66224  38.767  -7.672  51.519 0.0000000000
64804  38.655  -8.444  49.450 0.0000000000
66248  38.697  -7.636  49.004 0.0000000000
67826  39.674  -6.276  48.555 0.0000000000
67825  40.095  -6.112  47.774 0.0000000000
66257  39.114  -7.048  47.754 0.0000000000
66290  39.154  -7.144  46.120 0.0000000000
64860  38.126  -7.992  44.121 0.0000000000
66358  38.190  -7.644  43.158 0.0000000000
63505  37.237  -9.065  42.932 0.0000000000
62272  36.757  -10.204  42.263 0.0000000000
61079  36.622  -10.968  41.429 0.0000000000
50854  26.608  -19.689  39.437 0.0000000000
50878  27.345  -19.334  38.009 0.0000000000
50870  26.117  -19.504  38.567 0.0000000000
78679  54.123  1.021  28.827 0.0000000000
80128  54.203  1.125  27.608 0.0000000000
80083  54.963  1.650  29.903 0.0000000000
80092  55.067  1.723  29.141 0.0000000000
50802  24.774  -19.343  42.666 0.0000000000
50803  23.805  -19.534  42.800 0.0000000000
50786  24.603  -19.435  43.703 0.0000000000
50787  23.579  -19.802  43.875 0.0000000000
49422  23.352  -20.128  44.404 0.0000000000
49322  26.454  -20.744  49.592 0.0000000000
49350  24.331  -20.946  47.757 0.0000000000
46590  22.968  -22.115  47.743 0.0000000000
45405  21.278  -23.138  47.632 0.0000000000
43027  19.423  -25.427  48.175 0.0000000000
58474  41.895  -13.696  45.466 0.0000000000
57239  42.001  -15.188  43.460 0.0000000000
57249  41.521  -15.216  42.829 0.0000000000
54708  41.655  -16.135  43.607 0.0000000000
54698  40.628  -16.164  44.088 0.0000000000
54699  39.258  -16.051  44.583 0.0000000000
49345  34.268  -20.162  47.136 0.0000000000
50732  34.488  -19.431  46.696 0.0000000000
49358  33.433  -20.134  46.129 0.0000000000
49396  30.918  -20.789  44.244 0.0000000000
49420  30.217  -20.725  43.205 0.0000000000
50798  28.987  -20.467  42.434 0.0000000000
50782  29.209  -20.322  43.251 0.0000000000
50783  27.884  -19.685  43.401 0.0000000000
82619  54.388  3.556  38.887 0.0000000000
85510  54.633  5.545  37.757 0.0000000000
82630  54.683  3.746  37.887 0.0000000000
38053  22.976  -29.516  51.051 0.0000000000
38070  22.123  -29.080  50.945 0.0000000000
39330  20.735  -28.469  50.845 0.0000000000
38071  21.308  -29.092  51.082 0.0000000000
81327  51.302  3.300  37.184 0.0000000000
81315  51.462  2.904  38.133 0.0000000000
81304  51.854  2.725  39.346 0.0000000000
81291  52.028  2.407  40.581 0.0000000000
74018  50.520  -1.825  42.239 0.0000000000
75485  50.879  -1.377  41.987 0.0000000000
74033  50.522  -1.982  41.599 0.0000000000
74049  50.282  -1.991  40.537 0.0000000000
74067  49.651  -2.485  39.908 0.0000000000
72599  49.127  -3.072  39.230 0.0000000000
72600  48.631  -3.590  39.608 0.0000000000
71037  47.601  -4.500  39.693 0.0000000000
71038  46.990  -4.956  39.263 0.0000000000
67925  42.991  -6.909  43.486 0.0000000000
66354  43.835  -7.824  43.477 0.0000000000
66402  43.141  -8.092  41.891 0.0000000000
64916  43.915  -8.818  41.700 0.0000000000
63517  44.167  -9.717  41.058 0.0000000000
64934  44.726  -9.732  40.233 0.0000000000
63528  43.984  -10.131  40.376 0.0000000000
62302  44.171  -10.672  38.869 0.0000000000
62326  43.820  -10.758  37.274 0.0000000000
62334  43.940  -10.512  36.544 0.0000000000
62327  42.979  -10.452  37.210 0.0000000000
63578  42.361  -10.189  36.430 0.0000000000
64993  35.987  -8.176  37.222 0.0000000000
66514  37.423  -7.721  36.093 0.0000000000
65023  36.447  -8.101  35.607 0.0000000000
65051  36.363  -8.725  34.123 0.0000000000
63625  36.409  -9.535  32.672 0.0000000000
57278  38.374  -15.098  40.083 0.0000000000
57314  38.562  -14.949  38.835 0.0000000000
57297  37.172  -14.684  39.104 0.0000000000
57298  35.995  -14.400  39.016 0.0000000000
57318  35.054  -14.464  37.810 0.0000000000
58586  29.732  -13.448  36.391 0.0000000000
58605  29.219  -13.224  35.391 0.0000000000
81577  49.670  2.489  18.868 0.0000000000
81576  50.551  2.497  18.923 0.0000000000
81590  51.233  3.040  18.326 0.0000000000
50707  31.071  -19.495  48.308 0.0000000000
50723  29.316  -19.247  47.501 0.0000000000
50708  29.997  -19.438  48.384 0.0000000000
50693  29.614  -19.512  49.355 0.0000000000
50678  29.316  -19.822  50.164 0.0000000000
47876  33.463  -21.295  52.754 0.0000000000
49267  32.023  -20.882  52.321 0.0000000000
49304  28.488  -20.488  50.647 0.0000000000
47910  27.868  -21.037  50.911 0.0000000000
47912  26.380  -21.794  50.478 0.0000000000
46532  25.812  -22.667  50.604 0.0000000000
53277  41.251  -17.443  47.938 0.0000000000
53286  41.192  -17.345  47.032 0.0000000000
53269  39.550  -17.626  48.321 0.0000000000
52004  38.383  -18.302  48.984 0.0000000000
52005  37.254  -18.620  48.810 0.0000000000
50672  37.643  -19.216  51.219 0.0000000000
50688  36.623  -19.519  49.829 0.0000000000
50689  36.029  -19.836  49.225 0.0000000000
49332  34.409  -20.640  48.151 0.0000000000
50720  32.093  -19.804  47.638 0.0000000000
75555  51.820  -1.337  37.580 0.0000000000
76979  53.271  -0.595  38.325 0.0000000000
75540  52.677  -1.346  37.898 0.0000000000
78483  50.757  0.791  39.540 0.0000000000
75467  50.616  -1.170  42.330 0.0000000000
70954  49.334  -3.821  42.308 0.0000000000
70955  48.657  -4.678  42.625 0.0000000000
67874  42.764  -6.106  47.568 0.0000000000
67892  42.381  -6.197  46.053 0.0000000000
69398  41.097  -5.732  46.875 0.0000000000
69408  41.477  -5.856  46.307 0.0000000000
67908  42.693  -6.572  44.644 0.0000000000
67926  41.869  -6.561  43.606 0.0000000000
67964  41.179  -6.858  41.717 0.0000000000
66428  40.837  -7.162  40.491 0.0000000000
64977  40.637  -7.952  38.568 0.0000000000
66450  39.372  -7.153  39.768 0.0000000000
66451  38.405  -7.204  39.606 0.0000000000
66452  37.577  -7.438  39.411 0.0000000000
64918  37.110  -8.047  40.999 0.0000000000
66432  37.053  -7.720  39.965 0.0000000000
66470  36.692  -7.834  38.389 0.0000000000
64994  35.627  -8.751  37.849 0.0000000000
63581  35.066  -9.645  36.603 0.0000000000
61116  34.743  -11.572  36.047 0.0000000000
56043  31.443  -15.637  41.403 0.0000000000
57283  31.766  -14.639  40.694 0.0000000000
56054  30.421  -15.595  40.404 0.0000000000
56071  29.414  -15.623  39.416 0.0000000000
56086  28.519  -15.656  38.471 0.0000000000
52096  27.830  -18.608  38.231 0.0000000000
54764  28.064  -16.558  38.159 0.0000000000
77222  52.200  -0.144  23.135 0.0000000000
77265  52.448  0.345  21.897 0.0000000000
78762  52.897  0.314  22.950 0.0000000000
78761  53.577  0.478  23.540 0.0000000000
78775  54.194  0.813  23.246 0.0000000000
78715  54.380  1.217  26.638 0.0000000000
80172  54.885  1.263  24.455 0.0000000000
52024  26.707  -18.868  46.480 0.0000000000
50755  24.436  -19.800  45.863 0.0000000000
49399  22.447  -20.913  44.909 0.0000000000
49365  22.985  -21.297  46.688 0.0000000000
47976  22.188  -21.358  45.609 0.0000000000
62207  39.763  -10.701  49.083 0.0000000000
62218  39.722  -10.689  47.991 0.0000000000
62224  39.398  -10.687  47.106 0.0000000000
61049  38.899  -11.961  44.822 0.0000000000
61059  38.097  -11.721  43.510 0.0000000000
58496  39.262  -13.435  42.096 0.0000000000
57294  39.799  -15.014  39.911 0.0000000000
56025  40.854  -15.310  41.972 0.0000000000
56039  40.144  -15.413  41.123 0.0000000000
57277  39.063  -15.413  40.246 0.0000000000
57265  37.669  -14.609  41.086 0.0000000000
57267  34.977  -14.245  41.920 0.0000000000
57257  34.163  -14.735  42.445 0.0000000000
53288  38.835  -17.278  46.596 0.0000000000
53294  38.296  -17.091  46.074 0.0000000000
54692  37.344  -16.614  45.341 0.0000000000
52028  34.635  -18.237  45.813 0.0000000000
53297  35.363  -17.248  45.376 0.0000000000
54702  36.247  -16.265  44.678 0.0000000000
56020  35.277  -15.772  43.735 0.0000000000
56022  33.649  -16.004  43.162 0.0000000000
56032  32.232  -15.959  42.180 0.0000000000
53322  30.277  -17.812  41.405 0.0000000000
50834  29.195  -19.309  40.606 0.0000000000
50836  27.925  -20.298  40.069 0.0000000000
49443  28.553  -20.409  41.267 0.0000000000
50819  27.868  -20.295  40.892 0.0000000000
50837  27.194  -19.960  40.219 0.0000000000
50855  25.525  -19.341  39.540 0.0000000000
82706  53.318  4.072  33.886 0.0000000000
84098  53.856  4.262  33.271 0.0000000000
84083  53.946  4.563  33.737 0.0000000000
87000  55.006  6.061  37.355 0.0000000000
87023  55.260  6.426  36.259 0.0000000000
76978  54.054  -0.899  38.464 0.0000000000
55793  33.102  -14.490  55.917 0.0000000000
55814  32.574  -14.895  55.502 0.0000000000
54540  30.946  -16.759  54.575 0.0000000000
54522  29.668  -16.685  55.842 0.0000000000
49241  30.818  -20.082  54.829 0.0000000000
46466  31.277  -22.385  55.466 0.0000000000
46502  28.262  -22.771  52.549 0.0000000000
45364  25.311  -23.353  50.785 0.0000000000
44148  27.902  -24.796  53.441 0.0000000000
44159  26.109  -24.916  52.283 0.0000000000
44175  24.547  -24.782  50.927 0.0000000000
44188  23.056  -24.702  49.837 0.0000000000
43015  21.337  -25.554  49.391 0.0000000000
77223  51.394  -0.480  23.228 0.0000000000
77199  51.999  -0.149  24.058 0.0000000000
78700  52.761  0.467  27.346 0.0000000000
78701  51.829  0.050  27.302 0.0000000000
78681  52.395  0.083  28.544 0.0000000000
78680  53.610  0.723  28.387 0.0000000000
80085  53.790  0.929  30.503 0.0000000000
81419  53.713  1.937  31.659 0.0000000000
81396  53.205  2.618  32.125 0.0000000000
82729  52.675  3.015  32.658 0.0000000000
84066  52.984  4.305  35.049 0.0000000000
84025  52.869  4.703  36.656 0.0000000000
84005  52.874  4.849  37.911 0.0000000000
82631  52.379  4.173  38.557 0.0000000000
83986  52.949  4.453  39.045 0.0000000000
83985  53.762  5.036  38.776 0.0000000000
82607  54.051  3.271  39.682 0.0000000000
79941  53.739  1.532  40.012 0.0000000000
78480  53.738  0.937  39.441 0.0000000000
79922  51.009  1.146  40.956 0.0000000000
79921  51.647  1.677  41.200 0.0000000000
79903  52.046  1.360  41.959 0.0000000000
75484  51.270  -0.914  41.624 0.0000000000
76912  51.877  0.246  41.454 0.0000000000
79902  52.607  1.381  41.699 0.0000000000
78462  52.363  0.776  40.880 0.0000000000
78481  52.966  0.674  39.505 0.0000000000
76980  52.237  -0.397  38.486 0.0000000000
76997  51.560  -0.956  37.969 0.0000000000
74105  50.330  -2.415  37.507 0.0000000000
72624  49.207  -3.172  38.234 0.0000000000
72657  48.817  -3.792  37.795 0.0000000000
69435  48.503  -5.240  43.321 0.0000000000
69436  47.857  -5.557  42.820 0.0000000000
64844  46.320  -8.529  45.477 0.0000000000
64879  44.919  -8.739  43.541 0.0000000000
64858  45.737  -8.655  44.544 0.0000000000
64856  47.041  -8.193  44.476 0.0000000000
66352  46.928  -7.643  43.658 0.0000000000
67942  46.739  -6.997  42.714 0.0000000000
69448  47.383  -5.549  41.892 0.0000000000
69449  46.779  -5.794  41.366 0.0000000000
69468  46.443  -5.751  40.493 0.0000000000
68029  45.972  -6.268  38.781 0.0000000000
64953  45.108  -8.953  39.512 0.0000000000
66464  45.310  -7.969  38.944 0.0000000000
68030  45.659  -7.143  38.421 0.0000000000
68045  46.137  -6.813  37.814 0.0000000000
63587  43.913  -9.925  35.977 0.0000000000
65031  43.373  -8.704  35.103 0.0000000000
64991  40.211  -8.184  37.719 0.0000000000
65003  39.995  -8.765  36.332 0.0000000000
63590  40.447  -9.458  35.639 0.0000000000
65035  38.651  -8.800  34.993 0.0000000000
63599  39.410  -9.359  34.596 0.0000000000
61068  38.046  -12.098  42.768 0.0000000000
59819  37.543  -11.958  41.662 0.0000000000
61088  37.215  -11.907  40.675 0.0000000000
58532  38.373  -14.090  38.560 0.0000000000
59856  37.748  -13.300  38.681 0.0000000000
59857  36.777  -12.245  39.085 0.0000000000
61111  36.242  -12.148  37.749 0.0000000000
59889  35.478  -12.661  36.190 0.0000000000
58600  34.929  -13.053  34.771 0.0000000000
58523  33.028  -13.878  39.990 0.0000000000
58549  33.761  -13.887  38.349 0.0000000000
57319  34.275  -14.340  37.431 0.0000000000
58584  31.939  -13.453  36.436 0.0000000000
58583  33.146  -13.903  36.434 0.0000000000
57374  34.848  -15.070  35.965 0.0000000000
56148  35.336  -15.312  35.221 0.0000000000
58620  35.309  -14.372  34.202 0.0000000000
78805  52.193  0.912  20.701 0.0000000000
80241  52.696  1.721  19.749 0.0000000000
81589  52.033  3.060  18.565 0.0000000000
61038  38.663  -10.785  45.839 0.0000000000
62237  38.439  -9.950  45.920 0.0000000000
62238  38.107  -9.820  45.371 0.0000000000
62252  37.851  -10.162  44.788 0.0000000000
50751  28.723  -19.226  45.593 0.0000000000
50752  27.896  -18.901  45.952 0.0000000000
45390  23.064  -23.345  48.960 0.0000000000
45380  22.778  -23.858  49.202 0.0000000000
44201  22.855  -24.203  49.451 0.0000000000
53285  42.177  -17.183  47.337 0.0000000000
54679  43.050  -16.631  46.892 0.0000000000
54688  41.892  -16.543  45.423 0.0000000000
50735  30.801  -19.837  46.275 0.0000000000
79961  50.972  1.240  38.326 0.0000000000
78503  50.963  1.096  38.796 0.0000000000
70977  48.578  -4.127  41.481 0.0000000000
72567  48.982  -3.660  41.413 0.0000000000
64957  42.038  -8.181  39.970 0.0000000000
63559  42.066  -9.128  38.279 0.0000000000
57268  33.784  -14.421  41.713 0.0000000000
58508  33.989  -13.928  40.939 0.0000000000
57281  33.414  -14.192  41.022 0.0000000000
78792  51.135  0.389  20.696 0.0000000000
47874  34.977  -21.147  51.946 0.0000000000
50614  32.536  -19.679  54.286 0.0000000000
46475  32.395  -22.058  54.475 0.0000000000
47847  32.383  -21.710  54.821 0.0000000000
51978  39.803  -18.065  50.382 0.0000000000
51962  39.753  -17.962  51.402 0.0000000000
49280  36.142  -20.415  51.412 0.0000000000
47893  35.018  -21.070  50.895 0.0000000000
67799  39.815  -6.144  49.880 0.0000000000
67798  40.306  -5.948  50.818 0.0000000000
69361  40.521  -5.749  48.524 0.0000000000
67929  39.214  -6.895  44.128 0.0000000000
66356  39.201  -6.883  43.732 0.0000000000
66384  39.284  -6.880  43.206 0.0000000000
66385  38.676  -7.229  42.742 0.0000000000
62290  36.277  -10.283  40.673 0.0000000000
50867  28.279  -19.365  39.305 0.0000000000
50868  27.789  -19.477  38.817 0.0000000000
78699  53.699  0.787  27.314 0.0000000000
50695  27.704  -19.734  49.304 0.0000000000
50727  25.682  -20.022  47.899 0.0000000000
50712  26.343  -19.997  48.603 0.0000000000
45421  20.253  -23.289  46.278 0.0000000000
57230  41.526  -13.987  44.353 0.0000000000
58484  40.916  -13.861  44.114 0.0000000000
56007  38.760  -15.654  43.973 0.0000000000
56016  39.347  -15.561  43.035 0.0000000000
56018  37.264  -15.305  43.539 0.0000000000
49439  31.317  -20.304  43.108 0.0000000000
50780  31.610  -19.764  43.283 0.0000000000
50795  31.075  -19.730  42.704 0.0000000000
52046  31.454  -18.939  42.980 0.0000000000
50796  30.258  -19.660  42.023 0.0000000000
49441  29.854  -20.339  42.228 0.0000000000
50822  24.968  -19.242  41.659 0.0000000000
84004  53.742  5.519  37.974 0.0000000000
51906  28.584  -18.591  56.945 0.0000000000
46456  30.038  -22.350  56.019 0.0000000000
45289  29.663  -22.782  56.072 0.0000000000
39328  22.748  -28.500  50.666 0.0000000000
40518  23.637  -27.641  50.717 0.0000000000
40520  22.103  -27.519  50.467 0.0000000000
40531  21.508  -27.095  50.249 0.0000000000
77178  51.277  -0.277  25.245 0.0000000000
77165  51.153  -0.281  26.357 0.0000000000
77071  52.014  0.192  31.132 0.0000000000
78621  52.781  0.682  31.295 0.0000000000
82684  51.373  3.472  34.867 0.0000000000
81290  52.707  2.899  40.917 0.0000000000
81270  53.193  2.502  41.318 0.0000000000
75466  51.178  -0.843  42.309 0.0000000000
74086  49.573  -2.525  38.810 0.0000000000
69514  47.029  -5.361  37.895 0.0000000000
66327  47.399  -7.670  44.925 0.0000000000
63515  45.242  -9.306  42.040 0.0000000000
64914  45.407  -8.850  41.587 0.0000000000
64933  45.089  -9.147  40.538 0.0000000000
62315  45.330  -10.953  37.868 0.0000000000
62324  45.348  -10.673  37.103 0.0000000000
62332  45.151  -10.376  36.778 0.0000000000
62333  44.732  -10.573  36.770 0.0000000000
63597  41.718  -9.608  34.857 0.0000000000
66497  38.224  -7.580  37.002 0.0000000000
57341  36.883  -15.149  37.309 0.0000000000
57372  36.667  -14.921  36.477 0.0000000000
58553  29.666  -13.975  37.948 0.0000000000
50629  35.332  -19.606  53.483 0.0000000000
53207  35.418  -17.711  53.573 0.0000000000
54537  34.054  -16.458  54.311 0.0000000000
54552  33.935  -17.059  53.835 0.0000000000
54553  33.534  -17.034  53.833 0.0000000000
53210  33.021  -17.657  53.709 0.0000000000
54538  32.869  -16.583  54.219 0.0000000000
53206  36.315  -17.534  53.569 0.0000000000
53205  37.182  -17.469  53.618 0.0000000000
50628  36.437  -19.394  53.196 0.0000000000
64795  38.667  -8.478  50.604 0.0000000000
63448  38.857  -9.304  48.703 0.0000000000
67800  39.106  -6.807  49.412 0.0000000000
67827  38.974  -7.055  48.536 0.0000000000
66291  38.767  -7.559  46.425 0.0000000000
66312  38.647  -7.660  45.673 0.0000000000
66331  38.636  -7.517  44.756 0.0000000000
64861  37.790  -8.717  44.221 0.0000000000
62262  37.628  -10.081  43.993 0.0000000000
62271  37.303  -10.042  43.048 0.0000000000
61070  36.676  -10.705  41.963 0.0000000000
80093  54.434  1.277  29.376 0.0000000000
81432  55.472  2.287  29.933 0.0000000000
50785  25.575  -19.201  43.569 0.0000000000
52039  25.628  -19.083  45.170 0.0000000000
50771  24.508  -19.550  44.767 0.0000000000
49323  25.759  -21.116  49.398 0.0000000000
47936  24.928  -21.341  48.761 0.0000000000
47937  24.279  -21.710  48.539 0.0000000000
45392  21.595  -23.501  48.361 0.0000000000
46573  22.134  -22.825  48.231 0.0000000000
45406  20.412  -23.657  47.303 0.0000000000
44218  20.029  -24.504  47.946 0.0000000000
43026  20.269  -25.336  48.738 0.0000000000
41815  19.588  -26.042  48.803 0.0000000000
57204  42.883  -14.755  46.205 0.0000000000
55999  43.134  -15.857  44.888 0.0000000000
57219  43.128  -15.035  45.407 0.0000000000
57228  42.785  -15.326  44.272 0.0000000000
57229  42.218  -14.322  44.605 0.0000000000
56013  42.172  -15.841  43.581 0.0000000000
54707  42.267  -16.196  43.958 0.0000000000
54689  40.823  -16.586  45.196 0.0000000000
49359  32.604  -20.356  46.126 0.0000000000
50765  30.702  -20.516  44.742 0.0000000000
49376  31.799  -20.575  45.122 0.0000000000
49397  30.301  -20.707  43.838 0.0000000000
50781  29.954  -20.606  43.644 0.0000000000
50784  26.640  -19.304  43.520 0.0000000000
81314  54.583  2.645  38.304 0.0000000000
81325  54.474  2.675  37.110 0.0000000000
39315  23.109  -28.918  50.801 0.0000000000
81316  51.162  2.549  37.465 0.0000000000
71036  48.247  -4.040  39.882 0.0000000000
67944  42.105  -6.830  42.479 0.0000000000
67943  42.747  -7.112  42.760 0.0000000000
66382  42.754  -7.489  42.261 0.0000000000
64917  43.121  -8.257  41.449 0.0000000000
63557  43.333  -10.112  38.680 0.0000000000
62303  43.686  -10.432  38.799 0.0000000000
62317  43.505  -10.505  38.104 0.0000000000
63569  41.606  -9.201  37.627 0.0000000000
63579  41.474  -9.762  36.549 0.0000000000
65007  35.517  -8.750  36.927 0.0000000000
65006  35.948  -8.207  36.410 0.0000000000
65024  35.491  -8.617  35.805 0.0000000000
63609  35.993  -9.089  33.501 0.0000000000
57279  37.373  -14.539  40.115 0.0000000000
57296  38.168  -15.126  39.215 0.0000000000
57280  36.132  -14.178  40.135 0.0000000000
58534  34.749  -13.924  39.450 0.0000000000
57299  35.300  -14.327  38.581 0.0000000000
58548  34.525  -14.028  38.711 0.0000000000
80243  50.820  1.927  19.530 0.0000000000
81575  51.429  2.473  19.012 0.0000000000
50690  32.438  -19.898  49.293 0.0000000000
50691  31.612  -19.651  49.217 0.0000000000
49301  31.842  -20.127  50.827 0.0000000000
50676  31.220  -19.733  50.102 0.0000000000
50677  30.219  -19.708  50.161 0.0000000000
49302  30.822  -20.026  50.948 0.0000000000
49254  34.763  -20.361  53.744 0.0000000000
47845  34.516  -21.305  53.686 0.0000000000
49237  34.550  -21.032  54.092 0.0000000000
47878  31.779  -21.360  52.968 0.0000000000
47877  32.631  -21.222  52.830 0.0000000000
49268  31.097  -20.928  52.387 0.0000000000
49286  30.440  -20.504  51.686 0.0000000000
49287  29.407  -20.789  51.625 0.0000000000
49305  27.414  -20.829  50.406 0.0000000000
49288  28.759  -20.982  51.421 0.0000000000
46500  30.015  -22.020  53.128 0.0000000000
47898  28.304  -21.574  51.578 0.0000000000
47899  27.283  -21.981  51.301 0.0000000000
47900  26.814  -22.291  51.191 0.0000000000
46516  27.773  -22.279  51.765 0.0000000000
53256  41.266  -17.538  49.464 0.0000000000
53255  41.953  -17.171  49.587 0.0000000000
53266  42.090  -17.243  48.902 0.0000000000
53276  42.086  -17.201  48.166 0.0000000000
53267  41.324  -17.503  48.732 0.0000000000
53268  40.323  -17.652  48.688 0.0000000000
51996  36.962  -19.001  49.392 0.0000000000
50656  38.226  -18.653  52.322 0.0000000000
50671  38.266  -18.870  51.713 0.0000000000
50657  37.653  -19.186  52.109 0.0000000000
49296  36.112  -20.283  50.211 0.0000000000
50673  36.753  -19.720  50.829 0.0000000000
49315  36.017  -20.098  49.621 0.0000000000
49318  33.652  -20.441  49.355 0.0000000000
49334  32.940  -20.154  48.700 0.0000000000
50706  32.098  -19.696  48.256 0.0000000000
74019  50.003  -2.133  42.567 0.0000000000
72549  49.745  -3.086  42.785 0.0000000000
69380  42.155  -5.779  48.201 0.0000000000
67851  42.934  -6.086  48.682 0.0000000000
69382  40.598  -5.868  47.422 0.0000000000
69399  40.541  -6.073  46.650 0.0000000000
67910  40.520  -6.436  44.720 0.0000000000
67893  41.175  -6.122  45.560 0.0000000000
67909  41.561  -6.374  44.705 0.0000000000
67945  41.046  -6.624  42.730 0.0000000000
67989  40.496  -6.757  41.424 0.0000000000
66449  40.335  -7.315  39.800 0.0000000000
64902  37.312  -8.489  42.073 0.0000000000
66386  37.961  -7.659  42.410 0.0000000000
63541  36.034  -9.318  40.005 0.0000000000
64939  36.580  -8.374  40.294 0.0000000000
64958  36.144  -8.532  39.118 0.0000000000
66453  36.835  -7.813  39.302 0.0000000000
64978  36.096  -8.284  38.121 0.0000000000
64979  35.761  -8.794  38.625 0.0000000000
62320  35.571  -10.353  38.471 0.0000000000
63571  35.397  -9.518  37.648 0.0000000000
62328  35.305  -10.451  37.530 0.0000000000
62336  35.027  -10.699  36.875 0.0000000000
61115  35.164  -11.573  36.644 0.0000000000
54733  30.358  -16.444  40.920 0.0000000000
56044  30.660  -16.049  41.136 0.0000000000
54734  29.867  -16.793  40.452 0.0000000000
54748  28.971  -16.682  39.376 0.0000000000
56072  28.800  -16.146  39.077 0.0000000000
56085  29.063  -15.141  38.786 0.0000000000
52109  27.449  -18.602  37.509 0.0000000000
53381  27.353  -17.707  37.023 0.0000000000
54783  27.596  -16.658  37.354 0.0000000000
56104  27.961  -15.681  37.795 0.0000000000
78748  52.805  0.168  23.888 0.0000000000
78760  54.248  0.758  24.047 0.0000000000
80158  54.896  1.391  25.422 0.0000000000
49460  22.444  -20.199  42.206 0.0000000000
50724  28.340  -19.058  47.608 0.0000000000
52014  27.785  -18.821  47.157 0.0000000000
52015  27.157  -18.855  47.106 0.0000000000
50741  24.679  -19.937  46.505 0.0000000000
49378  24.015  -20.126  45.967 0.0000000000
50756  23.918  -20.068  45.640 0.0000000000
47959  23.092  -21.414  46.999 0.0000000000
49364  23.508  -21.018  46.896 0.0000000000
47960  22.447  -21.710  46.778 0.0000000000
46630  20.742  -22.568  45.699 0.0000000000
47977  21.709  -21.740  45.905 0.0000000000
46652  21.176  -22.024  45.480 0.0000000000
59753  41.227  -13.150  46.468 0.0000000000
61015  40.444  -11.896  47.052 0.0000000000
60990  40.171  -11.616  48.124 0.0000000000
62217  40.046  -11.162  48.459 0.0000000000
61016  39.836  -11.347  46.924 0.0000000000
61037  39.353  -11.675  45.672 0.0000000000
61017  39.222  -10.956  46.451 0.0000000000
59806  39.466  -13.076  43.604 0.0000000000
58495  40.227  -14.218  42.338 0.0000000000
58486  39.562  -13.366  42.971 0.0000000000
58504  39.818  -14.252  41.237 0.0000000000
57276  40.250  -14.856  40.573 0.0000000000
56014  41.448  -15.600  43.000 0.0000000000
56024  41.296  -15.290  42.542 0.0000000000
56027  38.774  -15.340  42.225 0.0000000000
56040  39.391  -15.413  41.318 0.0000000000
56052  39.566  -15.381  40.597 0.0000000000
57263  39.073  -15.380  40.842 0.0000000000
57264  38.559  -15.086  40.880 0.0000000000
57253  38.129  -14.858  41.796 0.0000000000
57241  36.309  -14.861  42.967 0.0000000000
57255  35.823  -14.549  42.474 0.0000000000
57256  34.815  -14.884  42.851 0.0000000000
53287  40.039  -17.246  46.853 0.0000000000
53295  37.502  -17.142  45.920 0.0000000000
54691  38.457  -16.565  45.454 0.0000000000
50733  33.953  -19.550  46.063 0.0000000000
52021  34.368  -18.965  46.078 0.0000000000
52029  33.852  -18.745  45.544 0.0000000000
53304  33.505  -17.725  44.421 0.0000000000
53298  34.231  -17.846  45.217 0.0000000000
53303  34.535  -17.206  44.748 0.0000000000
54694  35.870  -16.657  44.986 0.0000000000
54704  34.835  -16.672  44.418 0.0000000000
56011  35.465  -16.157  44.154 0.0000000000
54711  34.594  -16.338  43.892 0.0000000000
53312  32.137  -17.263  42.833 0.0000000000
54715  33.289  -16.334  43.097 0.0000000000
54716  32.636  -16.644  42.828 0.0000000000
56031  33.369  -15.485  42.534 0.0000000000
54717  31.812  -16.748  42.404 0.0000000000
54725  31.393  -16.480  41.883 0.0000000000
54718  31.223  -17.105  42.146 0.0000000000
50818  29.103  -20.077  40.736 0.0000000000
52059  29.862  -18.669  41.241 0.0000000000
49468  28.789  -20.179  40.481 0.0000000000
49473  28.667  -20.022  40.109 0.0000000000
49469  28.417  -20.198  40.095 0.0000000000
84065  53.667  4.697  34.765 0.0000000000
85546  54.225  5.803  36.063 0.0000000000
84064  54.436  5.348  34.468 0.0000000000
87001  54.704  5.963  37.503 0.0000000000
87033  55.330  6.505  35.674 0.0000000000
55792  33.617  -14.342  55.918 0.0000000000
57085  31.534  -14.476  55.660 0.0000000000
54520  31.160  -16.099  54.792 0.0000000000
54521  30.351  -16.311  55.204 0.0000000000
51916  29.498  -18.512  55.569 0.0000000000
51915  30.150  -18.495  54.926 0.0000000000
50597  30.026  -19.618  55.222 0.0000000000
49223  31.327  -21.381  55.362 0.0000000000
47835  30.714  -21.610  55.718 0.0000000000
45338  28.293  -23.529  53.153 0.0000000000
46490  28.628  -23.252  53.220 0.0000000000
46503  27.523  -23.213  52.343 0.0000000000
45363  25.929  -23.226  51.145 0.0000000000
45351  25.565  -23.831  51.470 0.0000000000
41785  24.763  -26.817  51.265 0.0000000000
41784  25.517  -26.916  51.793 0.0000000000
42979  25.846  -26.047  52.176 0.0000000000
42964  28.184  -25.187  53.787 0.0000000000
44158  27.030  -25.085  52.957 0.0000000000
44160  25.623  -25.438  51.980 0.0000000000
43003  23.273  -25.629  50.391 0.0000000000
44187  23.870  -24.753  50.377 0.0000000000
43004  22.602  -25.624  50.021 0.0000000000
43014  22.040  -25.591  49.703 0.0000000000
41805  20.616  -26.349  49.526 0.0000000000
77246  50.690  -0.538  22.318 0.0000000000
77177  51.805  -0.139  24.789 0.0000000000
78682  51.658  -0.206  27.968 0.0000000000
77130  52.012  -0.305  29.235 0.0000000000
78661  53.387  0.523  29.574 0.0000000000
81398  51.557  2.400  32.534 0.0000000000
82683  52.620  4.007  34.813 0.0000000000
84026  52.206  4.241  36.285 0.0000000000
84046  52.679  4.327  35.601 0.0000000000
82632  51.837  4.003  37.764 0.0000000000
83967  52.957  4.054  39.615 0.0000000000
83965  53.987  4.140  39.334 0.0000000000
82608  53.573  3.510  39.963 0.0000000000
79919  53.806  2.067  40.615 0.0000000000
79918  54.007  2.269  40.381 0.0000000000
79944  50.878  1.045  40.297 0.0000000000
76936  51.516  -0.331  41.030 0.0000000000
75541  51.074  -1.010  38.760 0.0000000000
76959  52.119  0.251  39.715 0.0000000000
76998  51.336  -1.060  38.022 0.0000000000
72655  50.162  -3.076  37.009 0.0000000000
72656  49.550  -3.379  37.382 0.0000000000
71108  48.938  -4.412  37.346 0.0000000000
67921  48.077  -5.940  43.883 0.0000000000
69426  48.094  -5.726  43.532 0.0000000000
66308  45.242  -8.182  45.597 0.0000000000
66288  45.509  -8.147  46.255 0.0000000000
64835  46.074  -8.458  46.164 0.0000000000
64845  45.612  -8.429  45.444 0.0000000000
66353  44.391  -8.285  43.647 0.0000000000
64880  44.329  -8.367  43.382 0.0000000000
64878  45.759  -8.817  43.516 0.0000000000
63493  45.281  -9.010  43.097 0.0000000000
64857  46.479  -8.584  44.544 0.0000000000
64876  47.006  -8.055  43.988 0.0000000000
66400  46.331  -7.513  42.346 0.0000000000
67941  47.104  -6.234  42.385 0.0000000000
67960  46.880  -6.049  41.790 0.0000000000
67986  45.894  -6.469  40.362 0.0000000000
68012  46.014  -6.116  39.678 0.0000000000
64954  44.845  -9.591  39.836 0.0000000000
68046  45.814  -7.273  38.002 0.0000000000
66481  45.830  -8.078  38.009 0.0000000000
64988  46.511  -9.289  37.503 0.0000000000
62341  43.471  -10.222  36.078 0.0000000000
65032  42.693  -8.958  34.811 0.0000000000
65018  43.337  -9.353  35.374 0.0000000000
66466  40.023  -7.556  38.853 0.0000000000
65004  39.132  -7.993  36.652 0.0000000000
63591  39.805  -9.240  35.349 0.0000000000
65022  37.343  -8.058  35.434 0.0000000000
65036  37.874  -8.497  34.850 0.0000000000
63607  38.451  -9.491  33.436 0.0000000000
59829  37.615  -12.268  41.017 0.0000000000
59841  37.420  -12.433  39.960 0.0000000000
58546  38.381  -14.584  38.525 0.0000000000
58562  37.464  -14.218  37.186 0.0000000000
58547  38.011  -14.271  37.962 0.0000000000
59869  36.827  -12.581  38.081 0.0000000000
59888  36.126  -13.180  36.440 0.0000000000
58582  35.705  -13.357  35.771 0.0000000000
59898  35.383  -13.082  35.617 0.0000000000
58599  35.475  -13.728  35.181 0.0000000000
57284  31.127  -14.799  40.288 0.0000000000
57300  32.357  -14.118  40.149 0.0000000000
57301  31.676  -14.200  39.921 0.0000000000
58550  32.546  -13.657  38.342 0.0000000000
58564  33.376  -13.924  37.451 0.0000000000
58585  30.771  -13.282  36.458 0.0000000000
58601  33.375  -14.163  35.723 0.0000000000
57375  33.948  -14.560  35.904 0.0000000000
57344  34.102  -14.502  36.692 0.0000000000
56121  35.296  -15.284  35.615 0.0000000000
56201  35.051  -15.262  33.575 0.0000000000
57423  35.357  -15.011  33.960 0.0000000000
81608  49.961  2.559  17.823 0.0000000000
78790  52.604  0.700  21.378 0.0000000000
81574  52.358  2.390  19.122 0.0000000000
54536  35.093  -16.117  54.574 0.0000000000
55813  33.586  -14.825  55.602 0.0000000000
62219  39.155  -10.232  47.518 0.0000000000
63454  38.752  -9.436  47.621 0.0000000000
64825  38.592  -8.478  47.328 0.0000000000
66273  38.722  -7.682  47.121 0.0000000000
63468  37.896  -9.342  45.044 0.0000000000
64848  37.819  -8.976  44.708 0.0000000000
61060  37.671  -10.864  43.692 0.0000000000
81418  54.483  2.163  31.202 0.0000000000
52037  26.615  -18.837  45.130 0.0000000000
52032  26.267  -18.881  45.702 0.0000000000
46551  24.725  -22.253  49.528 0.0000000000
46571  23.818  -22.241  48.628 0.0000000000
46553  23.418  -23.032  49.056 0.0000000000
45391  22.396  -23.521  48.765 0.0000000000
43025  20.977  -25.233  49.011 0.0000000000
55985  43.427  -15.609  46.418 0.0000000000
57203  43.285  -15.158  46.163 0.0000000000
54696  42.557  -16.265  44.667 0.0000000000
54682  39.908  -16.868  46.004 0.0000000000
49348  31.829  -20.074  46.857 0.0000000000
49360  31.687  -20.253  46.129 0.0000000000
49361  31.065  -20.265  45.717 0.0000000000
50749  30.622  -20.194  45.256 0.0000000000
36896  22.537  -30.546  51.789 0.0000000000
79973  51.256  2.201  37.924 0.0000000000
72566  49.504  -3.261  41.628 0.0000000000
66404  41.825  -7.324  41.323 0.0000000000
66403  42.581  -7.776  41.482 0.0000000000
66426  42.216  -7.775  40.911 0.0000000000
64955  43.577  -9.768  40.020 0.0000000000
63540  43.017  -9.664  38.916 0.0000000000
63558  42.637  -9.766  38.158 0.0000000000
58520  35.222  -13.886  40.516 0.0000000000
58521  34.595  -13.806  40.368 0.0000000000
78816  50.365  1.251  19.795 0.0000000000
78806  51.530  0.919  20.327 0.0000000000
49299  33.526  -20.475  50.170 0.0000000000
50674  32.623  -20.030  49.874 0.0000000000
49283  33.468  -20.662  51.015 0.0000000000
47846  33.488  -21.541  54.134 0.0000000000
49238  33.533  -21.048  54.429 0.0000000000
46474  32.881  -21.863  54.029 0.0000000000
47863  31.736  -21.888  53.564 0.0000000000
47879  30.736  -21.642  53.110 0.0000000000
47864  31.216  -22.161  53.691 0.0000000000
53241  41.204  -17.440  50.310 0.0000000000
51977  40.621  -17.749  49.980 0.0000000000
51993  40.084  -17.829  49.457 0.0000000000
50644  36.984  -19.459  52.557 0.0000000000
49297  35.529  -20.774  50.521 0.0000000000
47922  34.969  -20.912  49.613 0.0000000000
47908  35.082  -21.054  50.012 0.0000000000
47909  34.603  -20.879  50.259 0.0000000000
67772  40.253  -6.026  51.752 0.0000000000
69336  42.743  -5.990  49.859 0.0000000000
67895  39.652  -6.741  45.802 0.0000000000
69410  40.480  -6.248  46.190 0.0000000000
67946  40.090  -6.634  42.951 0.0000000000
66408  37.775  -7.543  41.383 0.0000000000
63518  36.626  -9.474  41.775 0.0000000000
63529  36.399  -9.380  40.967 0.0000000000
63542  35.723  -9.246  39.128 0.0000000000
61107  35.567  -10.978  37.996 0.0000000000
53332  28.795  -18.291  39.834 0.0000000000
53346  28.679  -17.721  39.365 0.0000000000
53362  28.230  -17.668  38.516 0.0000000000
78730  53.623  0.677  25.560 0.0000000000
78729  54.314  1.081  25.912 0.0000000000
80107  55.206  1.794  28.250 0.0000000000
80142  54.834  1.491  26.354 0.0000000000
49444  22.486  -20.282  43.130 0.0000000000
50710  28.039  -19.375  48.542 0.0000000000
50726  26.445  -19.348  47.439 0.0000000000
49362  24.791  -20.051  46.805 0.0000000000
49363  24.277  -20.320  46.608 0.0000000000
46606  21.668  -22.395  46.971 0.0000000000
47961  21.772  -21.985  46.452 0.0000000000
46607  20.954  -22.669  46.408 0.0000000000
58468  41.501  -13.204  45.838 0.0000000000
61036  40.268  -11.944  46.298 0.0000000000
57251  40.752  -14.778  41.828 0.0000000000
56028  37.740  -14.999  42.732 0.0000000000
56029  36.912  -15.000  43.051 0.0000000000
52010  38.034  -18.011  48.173 0.0000000000
53280  37.929  -17.700  47.306 0.0000000000
53281  37.122  -17.784  47.093 0.0000000000
53290  36.652  -17.611  46.517 0.0000000000
49394  32.176  -20.287  44.089 0.0000000000
52030  33.210  -19.033  45.284 0.0000000000
50779  32.121  -19.847  43.788 0.0000000000
52042  32.393  -18.907  44.078 0.0000000000
53305  32.790  -18.295  44.196 0.0000000000
53308  33.212  -17.278  43.701 0.0000000000
53309  32.480  -17.803  43.506 0.0000000000
53310  31.784  -18.363  43.244 0.0000000000
53313  31.527  -17.832  42.735 0.0000000000
52058  30.352  -18.688  41.756 0.0000000000
50797  29.779  -20.045  41.723 0.0000000000
49458  29.075  -20.382  41.022 0.0000000000
50800  26.902  -19.606  42.381 0.0000000000
50839  25.157  -19.284  40.615 0.0000000000
85529  54.517  6.165  36.791 0.0000000000
85509  55.205  5.618  37.201 0.0000000000
84002  55.223  5.281  37.182 0.0000000000
51905  28.992  -18.524  56.301 0.0000000000
47825  30.690  -22.068  55.922 0.0000000000
47826  29.745  -21.720  55.944 0.0000000000
45315  30.289  -23.238  55.405 0.0000000000
45339  27.602  -23.869  52.850 0.0000000000
39314  23.586  -28.630  50.865 0.0000000000
41786  24.111  -27.062  50.893 0.0000000000
41793  24.223  -26.378  50.976 0.0000000000
41794  23.548  -26.633  50.688 0.0000000000
77200  51.240  -0.456  24.182 0.0000000000
81373  51.192  2.973  33.249 0.0000000000
82662  52.358  4.058  35.381 0.0000000000
82609  53.021  3.600  40.294 0.0000000000
82591  53.517  3.240  40.789 0.0000000000
79920  53.165  1.532  40.778 0.0000000000
78443  50.803  0.525  41.594 0.0000000000
75556  51.057  -1.399  37.890 0.0000000000
71075  48.039  -4.178  38.980 0.0000000000
69534  47.437  -5.651  37.526 0.0000000000
67906  47.731  -6.899  44.765 0.0000000000
67872  44.452  -7.032  46.929 0.0000000000
67890  44.496  -7.295  46.157 0.0000000000
66309  44.684  -7.771  45.391 0.0000000000
64915  44.646  -9.290  42.025 0.0000000000
64900  44.682  -9.032  42.523 0.0000000000
63504  44.995  -9.441  42.316 0.0000000000
63503  45.331  -9.102  42.710 0.0000000000
64898  46.286  -8.306  42.978 0.0000000000
67962  45.781  -7.464  41.250 0.0000000000
66447  45.207  -7.996  40.010 0.0000000000
63537  45.105  -9.888  39.167 0.0000000000
63596  42.254  -9.488  34.916 0.0000000000
66483  39.142  -7.521  38.003 0.0000000000
66496  38.853  -7.594  37.352 0.0000000000
63608  37.209  -9.102  33.642 0.0000000000
63601  37.588  -8.776  34.315 0.0000000000
59818  38.209  -12.560  41.847 0.0000000000
57316  37.010  -14.984  38.180 0.0000000000
58563  37.017  -13.813  36.766 0.0000000000
58580  37.059  -14.384  36.677 0.0000000000
57401  36.219  -14.739  35.746 0.0000000000
57303  30.003  -14.784  39.313 0.0000000000
58538  30.870  -13.836  38.922 0.0000000000
58551  31.490  -13.606  38.258 0.0000000000
58624  31.659  -13.113  34.517 0.0000000000
57404  33.669  -14.519  35.126 0.0000000000
57424  34.337  -15.061  34.697 0.0000000000
78789  53.423  0.887  21.781 0.0000000000
80216  53.317  1.174  21.193 0.0000000000
49252  36.090  -20.045  53.149 0.0000000000
49253  35.470  -20.504  53.340 0.0000000000
50630  34.325  -19.740  53.713 0.0000000000
51943  34.051  -18.719  53.428 0.0000000000
51944  33.296  -18.578  53.609 0.0000000000
51926  32.616  -18.578  53.869 0.0000000000
51927  31.820  -18.606  54.195 0.0000000000
51939  37.606  -18.099  53.273 0.0000000000
50627  37.112  -18.662  53.212 0.0000000000
63432  38.886  -9.416  50.765 0.0000000000
66236  38.808  -7.411  50.294 0.0000000000
66235  39.169  -6.845  50.724 0.0000000000
67774  39.261  -6.691  50.255 0.0000000000
69339  40.144  -5.797  49.124 0.0000000000
67853  39.615  -6.557  47.424 0.0000000000
66272  39.158  -7.108  46.905 0.0000000000
67876  39.630  -6.685  46.591 0.0000000000
66311  39.103  -7.141  45.338 0.0000000000
66330  39.063  -7.116  44.845 0.0000000000
64881  38.135  -7.795  43.583 0.0000000000
64882  37.701  -8.287  43.288 0.0000000000
63495  37.506  -9.261  43.664 0.0000000000
63506  36.930  -9.371  42.387 0.0000000000
61089  36.605  -11.399  40.387 0.0000000000
50869  27.027  -19.799  38.608 0.0000000000
50879  26.702  -19.587  37.788 0.0000000000
50880  25.779  -19.497  37.619 0.0000000000
80108  54.413  1.282  28.361 0.0000000000
50788  22.964  -20.040  43.464 0.0000000000
49423  22.862  -20.345  44.015 0.0000000000
49400  21.863  -21.156  44.320 0.0000000000
49335  26.010  -20.445  48.831 0.0000000000
49336  25.374  -20.769  48.632 0.0000000000
47948  23.952  -21.392  47.861 0.0000000000
47950  22.806  -21.915  47.438 0.0000000000
46591  22.409  -22.269  47.552 0.0000000000
57220  42.403  -14.210  45.697 0.0000000000
54709  41.150  -15.999  43.330 0.0000000000
54700  38.109  -16.059  44.767 0.0000000000
49344  34.705  -19.876  47.432 0.0000000000
50718  35.103  -19.346  47.395 0.0000000000
50719  34.604  -19.720  47.184 0.0000000000
49375  32.532  -20.261  45.065 0.0000000000
49395  31.776  -20.634  44.215 0.0000000000
49419  31.174  -20.709  43.459 0.0000000000
49421  29.484  -20.497  42.575 0.0000000000
85492  54.274  5.303  38.343 0.0000000000
83984  54.457  4.709  38.462 0.0000000000
38055  20.731  -29.586  51.668 0.0000000000
81271  52.349  2.208  41.465 0.0000000000
71077  46.791  -5.184  38.828 0.0000000000
64833  47.161  -7.847  46.793 0.0000000000
67924  43.569  -7.283  43.959 0.0000000000
66355  43.166  -7.422  42.882 0.0000000000
66381  43.477  -8.037  42.516 0.0000000000
63527  44.582  -9.753  40.726 0.0000000000
62316  44.479  -11.016  38.062 0.0000000000
62335  43.197  -10.429  36.527 0.0000000000
66486  36.643  -7.807  37.467 0.0000000000
66498  37.366  -7.630  36.851 0.0000000000
66499  36.634  -7.843  36.503 0.0000000000
65038  35.989  -8.389  34.792 0.0000000000
57295  39.177  -15.230  39.475 0.0000000000
58568  29.149  -13.868  37.293 0.0000000000
58587  28.821  -13.686  36.348 0.0000000000
58604  30.271  -13.094  35.560 0.0000000000
59901  29.797  -12.936  35.138 0.0000000000
58625  30.812  -12.954  34.976 0.0000000000
82910  51.493  3.239  17.974 0.0000000000
80229  54.685  1.597  20.935 0.0000000000
50722  30.400  -19.487  47.374 0.0000000000
50737  28.527  -18.967  46.676 0.0000000000
50675  32.136  -19.811  50.012 0.0000000000
50692  30.623  -19.531  49.269 0.0000000000
50694  28.585  -19.656  49.529 0.0000000000
49320  28.055  -19.971  49.881 0.0000000000
47859  34.967  -21.387  53.117 0.0000000000
47895  33.528  -20.974  51.921 0.0000000000
47896  32.968  -20.965  52.312 0.0000000000
49285  31.471  -20.468  51.666 0.0000000000
49303  29.766  -20.181  50.903 0.0000000000
49321  27.515  -20.271  49.864 0.0000000000
49306  26.894  -21.178  50.358 0.0000000000
47897  28.949  -21.190  51.771 0.0000000000
47911  27.357  -21.394  50.845 0.0000000000
47913  25.615  -22.196  50.169 0.0000000000
46533  24.940  -22.666  50.071 0.0000000000
46534  24.367  -23.099  49.934 0.0000000000
53275  42.619  -16.727  48.415 0.0000000000
53278  40.231  -17.500  47.737 0.0000000000
52002  39.944  -17.768  49.050 0.0000000000
52009  38.838  -17.790  48.454 0.0000000000
52006  36.446  -18.849  48.387 0.0000000000
51963  38.925  -18.469  51.920 0.0000000000
51980  37.839  -18.980  50.616 0.0000000000
50687  37.296  -19.236  50.473 0.0000000000
50704  36.509  -19.278  48.996 0.0000000000
50705  35.764  -19.573  48.414 0.0000000000
49331  34.948  -20.143  47.945 0.0000000000
49317  34.493  -20.644  49.350 0.0000000000
49333  33.626  -20.546  48.323 0.0000000000
49347  32.491  -20.162  47.366 0.0000000000
50721  31.564  -19.754  47.333 0.0000000000
75539  53.493  -1.613  38.193 0.0000000000
76937  50.416  0.236  41.174 0.0000000000
76914  50.446  -0.093  41.630 0.0000000000
78419  50.923  -0.079  42.509 0.0000000000
67850  43.582  -6.442  48.347 0.0000000000
67873  43.619  -6.461  47.102 0.0000000000
69381  41.296  -5.671  47.822 0.0000000000
69409  40.841  -6.022  46.179 0.0000000000
67963  41.818  -7.025  41.820 0.0000000000
66405  41.242  -7.113  41.010 0.0000000000
66448  41.219  -7.656  39.723 0.0000000000
66465  40.769  -7.718  39.088 0.0000000000
66467  39.153  -7.323  38.858 0.0000000000
66468  38.325  -7.323  38.701 0.0000000000
66469  37.482  -7.502  38.556 0.0000000000
64938  37.037  -7.873  40.414 0.0000000000
63560  35.560  -9.377  38.458 0.0000000000
63582  34.833  -10.254  36.445 0.0000000000
57270  32.236  -14.792  41.274 0.0000000000
56053  31.193  -15.182  40.679 0.0000000000
54747  29.411  -16.711  39.818 0.0000000000
56055  29.705  -16.141  40.083 0.0000000000
56070  30.124  -15.109  39.706 0.0000000000
57322  28.869  -14.830  38.415 0.0000000000
53363  27.757  -17.644  37.790 0.0000000000
56087  28.152  -15.952  38.164 0.0000000000
56103  28.270  -15.347  38.020 0.0000000000
57346  28.403  -14.759  37.723 0.0000000000
77266  51.960  0.161  21.705 0.0000000000
77244  52.338  0.119  22.358 0.0000000000
78776  53.677  0.695  22.591 0.0000000000
78698  54.184  1.091  27.082 0.0000000000
50738  27.998  -18.805  46.470 0.0000000000
52023  27.517  -18.763  46.524 0.0000000000
50753  25.833  -19.078  45.752 0.0000000000
50739  25.970  -19.187  46.277 0.0000000000
50772  23.762  -19.986  45.008 0.0000000000
49398  23.186  -20.368  44.797 0.0000000000
49380  22.815  -21.064  46.120 0.0000000000
47995  22.086  -21.265  45.119 0.0000000000
47996  21.585  -21.506  44.894 0.0000000000
47997  21.005  -21.866  44.089 0.0000000000
63431  39.227  -10.140  50.713 0.0000000000
63439  39.366  -10.118  49.892 0.0000000000
63447  39.361  -10.037  48.930 0.0000000000
61050  38.270  -11.205  44.732 0.0000000000
59794  38.660  -12.088  44.193 0.0000000000
58518  39.587  -14.410  40.309 0.0000000000
57250  41.259  -14.870  42.463 0.0000000000
57261  40.846  -15.017  41.465 0.0000000000
57275  40.629  -14.992  40.907 0.0000000000
56051  40.046  -15.211  40.410 0.0000000000
56068  39.650  -15.189  39.932 0.0000000000
57266  36.355  -14.235  41.316 0.0000000000
56041  33.154  -14.928  41.862 0.0000000000
54683  39.024  -16.798  45.918 0.0000000000
54701  37.090  -16.145  44.756 0.0000000000
50731  34.948  -18.912  46.850 0.0000000000
52019  35.579  -18.313  46.831 0.0000000000
53291  35.849  -17.635  46.141 0.0000000000
54693  36.400  -16.659  45.188 0.0000000000
56009  36.739  -15.725  44.206 0.0000000000
57243  34.974  -15.321  43.309 0.0000000000
54712  33.729  -16.637  43.640 0.0000000000
56021  34.292  -15.663  43.284 0.0000000000
56030  34.149  -15.178  42.786 0.0000000000
56042  32.572  -15.252  41.752 0.0000000000
54726  30.747  -16.774  41.533 0.0000000000
53323  29.797  -17.814  40.820 0.0000000000
52069  29.401  -18.712  40.691 0.0000000000
52070  28.897  -18.903  40.192 0.0000000000
50852  28.158  -19.974  39.564 0.0000000000
49442  29.111  -20.508  41.849 0.0000000000
50856  24.147  -19.191  39.711 0.0000000000
84082  54.405  5.062  33.938 0.0000000000
87012  55.064  6.304  36.854 0.0000000000
85528  54.912  6.396  36.516 0.0000000000
85561  54.799  6.050  35.037 0.0000000000
78516  54.547  0.520  37.832 0.0000000000
55791  33.866  -14.285  55.906 0.0000000000
55833  32.243  -15.676  54.774 0.0000000000
54539  31.744  -16.554  54.436 0.0000000000
53194  31.287  -17.568  54.246 0.0000000000
55816  30.365  -15.275  55.853 0.0000000000
53195  30.465  -17.492  54.649 0.0000000000
50615  31.394  -19.532  54.520 0.0000000000
47848  31.893  -21.431  54.997 0.0000000000
46476  31.522  -22.459  54.724 0.0000000000
46488  30.550  -22.713  53.861 0.0000000000
46477  30.831  -22.878  54.961 0.0000000000
46489  29.223  -23.085  53.417 0.0000000000
46517  27.193  -22.784  51.781 0.0000000000
45366  23.779  -24.057  49.977 0.0000000000
46457  28.806  -22.119  56.265 0.0000000000
44147  28.605  -24.563  53.959 0.0000000000
45329  28.239  -24.102  53.427 0.0000000000
45340  26.823  -24.188  52.443 0.0000000000
42992  24.678  -25.733  51.232 0.0000000000
44174  25.326  -24.859  51.583 0.0000000000
45352  25.017  -24.079  51.068 0.0000000000
44202  22.148  -24.616  49.258 0.0000000000
43016  20.670  -25.696  49.180 0.0000000000
41804  21.498  -26.389  49.868 0.0000000000
40522  20.323  -27.700  50.419 0.0000000000
77267  51.004  -0.117  21.279 0.0000000000
78660  53.949  0.869  29.195 0.0000000000
80094  54.057  0.940  29.816 0.0000000000
80067  54.020  1.466  31.084 0.0000000000
78604  51.452  1.138  32.005 0.0000000000
80046  52.026  1.640  32.018 0.0000000000
81397  52.388  2.413  32.317 0.0000000000
82682  53.199  4.228  34.473 0.0000000000
81289  53.890  3.124  40.343 0.0000000000
81288  54.097  2.665  40.056 0.0000000000
79940  54.188  1.885  39.804 0.0000000000
78502  53.070  0.148  38.580 0.0000000000
78441  52.148  0.606  42.023 0.0000000000
70937  49.050  -4.759  43.689 0.0000000000
70956  47.934  -5.131  42.262 0.0000000000
64834  46.640  -8.312  46.460 0.0000000000
66329  43.999  -7.533  44.410 0.0000000000
66328  44.490  -8.113  44.197 0.0000000000
64859  45.101  -8.388  44.740 0.0000000000
67923  46.902  -7.263  43.270 0.0000000000
66379  46.533  -7.765  43.046 0.0000000000
69467  47.168  -5.222  41.052 0.0000000000
69494  46.497  -5.499  39.326 0.0000000000
63577  44.319  -10.300  36.476 0.0000000000
63570  40.937  -8.759  37.497 0.0000000000
66513  37.974  -7.641  36.383 0.0000000000
65021  38.318  -8.051  35.739 0.0000000000
61078  37.180  -11.604  41.268 0.0000000000
58531  38.838  -14.364  39.044 0.0000000000
59855  38.384  -13.817  38.905 0.0000000000
59842  36.711  -11.908  39.746 0.0000000000
61106  36.076  -11.515  38.417 0.0000000000
59879  36.439  -12.920  37.020 0.0000000000
59880  35.664  -12.174  36.838 0.0000000000
59890  34.815  -12.087  35.765 0.0000000000
59899  34.902  -12.531  35.258 0.0000000000
57282  32.758  -14.267  40.706 0.0000000000
58536  32.669  -13.782  39.347 0.0000000000
57343  35.056  -14.876  36.805 0.0000000000
58567  30.147  -13.586  37.302 0.0000000000
58566  31.180  -13.481  37.366 0.0000000000
57402  35.690  -14.873  35.013 0.0000000000
56176  35.224  -15.321  34.445 0.0000000000
58621  34.887  -13.415  34.230 0.0000000000
59910  34.615  -12.454  34.341 0.0000000000
80232  52.199  1.309  20.218 0.0000000000
82909  51.828  3.303  18.095 0.0000000000
80239  54.305  1.749  20.270 0.0000000000
41796  21.951  -26.725  50.288 0.0000000000
44121  29.299  -23.899  55.219 0.0000000000
44136  29.096  -24.099  54.649 0.0000000000
44173  25.765  -24.249  51.917 0.0000000000
44189  22.468  -25.131  49.708 0.0000000000
45288  30.238  -22.669  56.018 0.0000000000
45302  30.272  -22.959  55.916 0.0000000000
45303  29.446  -23.446  55.677 0.0000000000
45316  29.756  -23.709  55.027 0.0000000000
45327  29.618  -23.632  54.186 0.0000000000
45328  28.801  -23.737  53.674 0.0000000000
45350  26.335  -23.625  51.862 0.0000000000
45365  24.483  -23.762  50.384 0.0000000000
45378  24.007  -23.423  49.846 0.0000000000
46454  30.996  -22.455  55.651 0.0000000000
46455  30.708  -22.497  55.835 0.0000000000
46467  30.702  -22.768  55.595 0.0000000000
46485  32.740  -21.815  53.782 0.0000000000
46487  31.706  -22.287  54.080 0.0000000000
46518  26.440  -22.728  51.148 0.0000000000
46574  21.688  -22.983  48.035 0.0000000000
46592  21.819  -22.672  47.723 0.0000000000
47824  31.075  -22.240  55.749 0.0000000000
47833  31.851  -22.109  55.334 0.0000000000
47834  31.488  -21.927  55.552 0.0000000000
47836  29.973  -21.170  55.733 0.0000000000
47844  34.815  -21.313  53.524 0.0000000000
47860  34.045  -21.503  53.339 0.0000000000
47862  32.422  -21.667  53.463 0.0000000000
47881  28.832  -22.028  52.382 0.0000000000
47924  25.967  -21.328  49.761 0.0000000000
47926  24.598  -22.068  49.212 0.0000000000
47938  23.665  -22.029  48.315 0.0000000000
47949  23.375  -21.692  47.651 0.0000000000
49224  30.609  -20.790  55.369 0.0000000000
49240  31.604  -20.658  54.783 0.0000000000
49266  32.556  -20.907  52.285 0.0000000000
49282  34.027  -20.685  50.549 0.0000000000
49298  34.093  -20.611  49.941 0.0000000000
49337  24.709  -21.156  48.445 0.0000000000
49351  23.795  -21.251  47.534 0.0000000000
49357  34.065  -19.936  46.466 0.0000000000
49374  33.068  -20.017  45.477 0.0000000000
49417  32.059  -20.256  43.788 0.0000000000
49474  28.471  -20.027  39.874 0.0000000000
50583  28.842  -19.650  56.336 0.0000000000
50616  30.656  -19.289  54.782 0.0000000000
50631  33.459  -19.405  53.830 0.0000000000
50632  32.976  -19.116  53.864 0.0000000000
50642  38.140  -18.431  52.664 0.0000000000
50713  25.845  -20.286  48.500 0.0000000000
50725  27.482  -19.125  47.742 0.0000000000
50747  33.395  -19.583  45.613 0.0000000000
50764  32.515  -19.713  44.451 0.0000000000
50817  29.503  -19.673  41.152 0.0000000000
50835  28.970  -19.749  40.424 0.0000000000
50851  28.569  -19.613  39.842 0.0000000000
51928  30.927  -18.519  54.481 0.0000000000
51992  40.693  -17.698  49.518 0.0000000000
52003  39.436  -17.884  48.978 0.0000000000
52013  28.187  -18.834  47.066 0.0000000000
52020  34.863  -18.657  46.384 0.0000000000
52022  28.016  -18.772  46.779 0.0000000000
52027  35.253  -18.021  46.103 0.0000000000
52033  25.801  -19.026  45.450 0.0000000000
52036  32.868  -18.800  44.727 0.0000000000
52038  25.974  -18.879  45.071 0.0000000000
53177  29.774  -17.466  55.294 0.0000000000
53192  34.282  -17.190  53.828 0.0000000000
53208  34.580  -17.841  53.562 0.0000000000
53299  33.733  -18.188  45.069 0.0000000000
53302  35.042  -16.879  44.815 0.0000000000
54505  29.845  -15.954  56.000 0.0000000000
54703  35.486  -16.512  44.603 0.0000000000
54710  35.143  -16.308  44.144 0.0000000000
54727  30.198  -17.119  41.026 0.0000000000
55815  31.307  -15.332  55.245 0.0000000000
55834  31.612  -15.854  54.780 0.0000000000
55965  43.425  -15.593  46.929 0.0000000000
55986  43.236  -15.192  46.671 0.0000000000
56010  35.905  -15.939  44.198 0.0000000000
56033  31.720  -16.193  41.966 0.0000000000
56038  40.533  -15.164  41.030 0.0000000000
56050  40.427  -15.084  40.703 0.0000000000
56069  39.539  -15.316  40.067 0.0000000000
56122  35.019  -15.373  35.415 0.0000000000
56149  34.893  -15.502  34.876 0.0000000000
57218  43.359  -15.384  45.948 0.0000000000
57238  42.480  -15.613  43.800 0.0000000000
57321  29.575  -14.553  38.693 0.0000000000
59878  37.154  -13.619  37.119 0.0000000000
59900  30.186  -12.822  34.932 0.0000000000
62337  34.735  -10.785  36.302 0.0000000000
64937  42.179  -7.961  40.534 0.0000000000
65019  39.924  -9.093  35.693 0.0000000000
66515  36.941  -7.847  35.886 0.0000000000
67875  40.131  -6.405  46.311 0.0000000000
67912  39.005  -7.094  44.461 0.0000000000
67988  40.713  -6.887  41.096 0.0000000000
69362  40.082  -5.852  48.713 0.0000000000
81268  54.080  2.419  40.225 0.0000000000
87013  54.742  6.124  37.256 0.0000000000
