#!ascii label  , from subject  vox2ras=TkReg coords=orig
254
79537  18.835  1.206  -31.299 1.0000000000
79536  19.483  0.724  -31.640 1.0000000000
80960  18.637  2.359  -32.380 1.0000000000
79548  19.817  1.061  -32.864 1.0000000000
80959  19.103  1.545  -32.219 1.0000000000
80950  18.919  1.297  -31.594 1.0000000000
82296  18.103  3.219  -32.389 1.0000000000
80971  19.539  2.203  -33.511 1.0000000000
79560  20.062  1.349  -33.427 1.0000000000
79571  21.012  1.289  -34.358 1.0000000000
83600  17.990  3.919  -32.909 1.0000000000
82304  19.122  3.079  -33.826 1.0000000000
80972  18.694  2.777  -33.228 1.0000000000
82305  18.635  3.462  -33.686 1.0000000000
80982  20.469  1.939  -34.237 1.0000000000
80983  19.986  2.784  -34.328 1.0000000000
82313  20.836  2.351  -34.777 1.0000000000
89326  17.729  7.471  -34.660 0.5000000000
86476  17.287  5.882  -33.395 0.8750000000
85023  17.557  5.246  -33.428 1.0000000000
87927  17.937  6.205  -34.452 1.0000000000
83617  18.434  4.044  -33.905 1.0000000000
85004  17.561  4.807  -33.149 1.0000000000
82316  18.837  3.782  -34.357 1.0000000000
82315  19.484  3.886  -34.929 1.0000000000
82314  20.372  2.961  -34.949 0.8750000000
90668  17.868  7.666  -35.046 0.6250000000
89325  18.018  7.010  -34.815 0.6250000000
87928  17.500  6.326  -33.954 0.7500000000
86514  19.103  5.414  -35.262 1.0000000000
86515  18.652  5.803  -35.063 1.0000000000
86497  18.494  5.416  -34.571 1.0000000000
85037  19.096  4.109  -35.437 1.0000000000
83630  18.858  3.965  -34.689 1.0000000000
85021  18.716  4.443  -34.497 1.0000000000
85036  18.815  3.942  -35.784 0.8750000000
157095  18.710  3.685  -35.658 1.0000000000
83628  20.239  4.011  -35.723 0.8750000000
90694  17.917  7.942  -35.357 0.8750000000
89354  18.320  7.402  -35.629 1.0000000000
87950  18.749  6.044  -35.274 1.0000000000
87971  18.521  6.877  -35.550 1.0000000000
87987  18.898  6.923  -36.166 1.0000000000
157103  20.033  4.757  -36.049 1.0000000000
86513  19.677  4.550  -35.568 1.0000000000
87970  18.871  6.543  -35.716 1.0000000000
86537  19.708  5.565  -36.410 1.0000000000
92169  18.246  9.032  -36.813 1.0000000000
90723  18.228  8.511  -36.164 1.0000000000
90747  18.954  8.439  -37.270 1.0000000000
90722  18.536  8.598  -36.764 1.0000000000
89395  19.147  7.836  -36.812 1.0000000000
89378  18.721  7.573  -36.310 1.0000000000
87999  19.816  6.476  -37.220 1.0000000000
89377  19.186  7.464  -36.655 1.0000000000
86549  20.015  5.571  -36.974 0.8750000000
157247  14.473  12.739  -39.659 1.0000000000
93720  16.922  9.959  -37.918 1.0000000000
92193  18.238  9.149  -37.458 1.0000000000
157235  14.455  13.389  -40.114 1.0000000000
96895  14.693  12.180  -40.004 1.0000000000
93795  14.887  10.402  -39.703 1.0000000000
93794  15.346  10.604  -40.513 1.0000000000
93746  16.244  10.514  -38.795 1.0000000000
92218  17.980  9.521  -38.132 1.0000000000
93745  17.498  10.144  -38.818 1.0000000000
92217  18.627  9.249  -38.351 1.0000000000
157251  14.882  13.346  -40.812 1.0000000000
93774  16.401  10.691  -40.010 1.0000000000
157237  15.443  11.503  -41.207 1.0000000000
79559  20.747  0.688  -33.650 1.0000000000
89379  18.377  7.821  -36.037 1.0000000000
79525  19.489  0.375  -30.678 0.7500000000
78036  20.085  -0.426  -31.292 1.0000000000
79535  20.215  0.010  -31.845 1.0000000000
79547  20.389  0.217  -32.480 1.0000000000
80981  21.247  1.813  -34.786 0.8750000000
82324  20.717  3.247  -35.483 0.8750000000
93747  15.242  10.385  -38.643 0.8750000000
90761  19.101  8.606  -37.922 1.0000000000
101349  14.758  14.856  -40.837 1.0000000000
157238  15.598  11.331  -41.595 1.0000000000
102527  17.031  16.973  -38.818 0.6250000000
80970  20.183  1.515  -33.697 1.0000000000
85005  17.099  5.307  -32.800 0.8750000000
83618  17.874  4.385  -33.243 1.0000000000
89297  17.721  6.640  -34.294 0.6250000000
86498  17.735  5.606  -33.967 1.0000000000
85022  18.118  4.828  -33.779 1.0000000000
157108  19.310  3.722  -36.240 0.8750000000
82323  21.164  2.571  -35.413 0.8750000000
87951  18.439  6.413  -35.107 1.0000000000
86529  19.200  5.983  -35.640 1.0000000000
86496  19.064  4.777  -34.792 1.0000000000
157105  20.168  4.598  -35.971 0.8750000000
89353  18.549  7.091  -35.815 1.0000000000
87986  19.254  6.682  -36.394 1.0000000000
87969  19.229  6.239  -35.880 1.0000000000
156967  17.881  9.261  -36.301 0.7500000000
92194  17.630  9.607  -37.880 1.0000000000
93776  14.733  10.487  -39.128 1.0000000000
93775  15.361  10.409  -39.521 1.0000000000
157236  15.872  10.546  -41.872 1.0000000000
101363  14.950  14.731  -41.641 1.0000000000
101348  15.071  15.477  -40.241 1.0000000000
101362  15.263  15.194  -41.480 1.0000000000
157233  15.703  10.911  -42.095 1.0000000000
73640  20.640  -3.602  -30.203 0.7500000000
72173  22.058  -4.048  -31.811 0.7500000000
75086  20.261  -2.817  -29.816 0.7500000000
73657  21.386  -3.488  -31.381 0.7500000000
73658  20.931  -3.233  -30.781 0.7500000000
75085  20.457  -2.683  -30.510 0.7500000000
73675  21.863  -3.350  -32.251 0.7500000000
75102  21.364  -2.598  -31.881 0.7500000000
75103  20.919  -2.587  -31.159 0.7500000000
78025  19.870  -0.592  -30.415 0.7500000000
76541  20.357  -2.009  -30.879 0.7500000000
76557  20.131  -1.298  -30.868 0.8750000000
73690  22.087  -3.115  -32.794 0.7500000000
76555  21.285  -2.011  -32.309 0.7500000000
76556  20.740  -1.621  -31.623 0.8750000000
75133  22.021  -2.591  -33.134 0.7500000000
76569  21.523  -1.802  -32.898 0.7500000000
76570  21.186  -1.327  -32.330 0.8750000000
78047  21.702  -1.296  -33.137 0.7500000000
78048  21.271  -0.616  -32.884 0.8750000000
79557  22.233  -0.346  -33.931 0.8750000000
78060  21.477  -0.143  -33.422 0.8750000000
79558  21.837  0.111  -33.853 0.8750000000
79584  22.174  0.991  -35.509 0.7500000000
79570  21.758  0.875  -34.732 0.7500000000
81007  22.857  1.468  -36.332 0.7500000000
80994  21.934  1.643  -35.682 0.7500000000
81008  22.394  2.025  -36.296 0.6250000000
82337  21.915  2.572  -36.406 0.6250000000
157101  20.857  4.491  -36.560 0.7500000000
157104  21.270  4.786  -37.285 0.6250000000
86548  20.630  5.287  -37.249 0.7500000000
86561  21.650  5.612  -38.763 0.6250000000
87998  20.230  6.097  -37.531 0.7500000000
89403  20.022  7.281  -37.941 0.6250000000
89394  19.481  7.667  -37.247 0.8750000000
88022  20.926  6.607  -39.176 0.6250000000
89402  20.289  7.771  -38.750 0.6250000000
90746  19.324  8.346  -37.666 0.8750000000
93744  18.346  10.205  -39.232 0.8750000000
90760  19.604  8.493  -38.352 0.7500000000
92216  19.169  9.194  -38.774 0.8750000000
93773  17.642  10.877  -40.453 0.8750000000
90772  19.904  8.694  -39.015 0.6250000000
93793  16.626  10.189  -41.726 0.8750000000
157229  16.630  10.429  -42.972 0.7500000000
92234  18.913  9.700  -39.113 0.7500000000
99994  15.749  14.771  -41.808 0.8750000000
99984  16.116  15.172  -40.920 0.7500000000
157227  16.556  11.132  -43.017 0.8750000000
93792  17.623  10.480  -41.967 0.7500000000
101317  17.236  16.015  -39.018 0.6250000000
101332  16.512  15.608  -39.148 0.7500000000
99972  16.602  14.764  -39.652 0.7500000000
99958  16.960  15.371  -39.216 0.7500000000
98442  16.666  14.073  -40.534 0.7500000000
99983  16.372  14.695  -40.381 0.7500000000
98443  16.328  13.817  -41.196 0.7500000000
157241  17.412  11.704  -41.997 0.7500000000
99957  17.606  15.119  -39.047 0.7500000000
78035  20.654  -0.634  -32.094 0.8750000000
79569  22.357  -0.054  -34.542 0.6250000000
99973  15.831  15.477  -40.140 0.8750000000
157242  17.013  12.147  -41.495 0.7500000000
157230  17.030  11.074  -43.009 0.7500000000
83646  22.473  2.924  -37.184 0.6250000000
83637  21.230  3.489  -35.960 0.7500000000
72138  20.878  -4.558  -29.716 0.7500000000
73628  20.483  -3.891  -29.696 0.7500000000
73641  20.446  -3.471  -29.742 0.7500000000
75087  20.169  -2.439  -29.631 0.7500000000
72152  21.666  -4.618  -30.777 0.7500000000
73639  21.029  -3.870  -30.778 0.7500000000
73674  22.365  -3.638  -32.673 0.6250000000
73689  22.526  -3.285  -33.151 0.7500000000
76583  22.610  -1.663  -33.824 0.6250000000
88010  20.185  6.614  -37.761 0.7500000000
85046  21.412  3.863  -36.432 0.6250000000
101382  15.339  14.428  -41.715 0.8750000000
157249  15.892  13.294  -41.111 0.8750000000
72191  22.221  -3.801  -32.305 0.7500000000
75117  21.671  -2.604  -32.587 0.7500000000
76584  21.986  -1.849  -33.421 0.7500000000
78059  22.013  -0.797  -33.486 0.7500000000
78058  22.604  -0.821  -34.179 0.6250000000
78089  23.136  -0.310  -35.784 0.6250000000
80993  22.311  1.065  -35.878 0.7500000000
86547  21.402  5.128  -37.812 0.6250000000
86562  20.937  5.889  -38.381 0.6250000000
88009  20.558  6.549  -38.386 0.6250000000
90759  20.091  8.403  -38.881 0.6250000000
92248  17.273  10.132  -42.527 0.7500000000
98455  16.016  14.133  -41.571 0.7500000000
96894  17.797  10.949  -42.138 0.7500000000
72153  20.986  -4.188  -30.410 0.7500000000
72137  21.442  -4.981  -30.045 0.7500000000
73629  20.306  -3.612  -29.308 0.7500000000
72139  20.433  -4.160  -29.407 0.7500000000
70597  21.527  -5.490  -29.497 0.6250000000
70596  22.091  -5.760  -29.850 0.6250000000
70580  21.205  -5.787  -28.819 0.6250000000
70598  20.964  -5.224  -29.127 0.6250000000
70610  22.446  -5.595  -30.474 0.6250000000
69048  22.047  -6.021  -29.455 0.6250000000
69064  22.909  -6.170  -30.373 0.5000000000
70581  20.641  -5.471  -28.611 0.6250000000
69035  20.420  -5.997  -28.187 0.5000000000
83629  19.518  3.859  -36.131 0.8750000000
157094  18.982  3.920  -35.685 1.0000000000
157099  19.153  3.814  -35.849 1.0000000000
82368  19.473  3.930  -35.722 0.8750000000
86528  19.437  5.717  -35.836 1.0000000000
157096  18.875  3.782  -35.756 1.0000000000
157098  18.936  3.869  -35.956 0.8750000000
157097  21.105  4.161  -36.210 0.6250000000
157107  20.367  4.648  -36.245 0.8750000000
157102  19.518  3.623  -36.336 0.8750000000
157106  19.542  3.667  -36.394 0.8750000000
157248  14.427  13.052  -39.902 1.0000000000
96880  14.321  12.030  -39.240 0.7500000000
157245  15.469  11.854  -41.292 1.0000000000
157231  16.053  11.506  -41.763 1.0000000000
92261  16.079  10.442  -42.537 1.0000000000
93807  16.256  10.254  -42.419 0.7500000000
101381  15.311  14.924  -41.997 0.8750000000
157228  16.006  10.674  -42.736 1.0000000000
72190  22.595  -4.137  -32.318 0.7500000000
83647  21.834  3.441  -36.972 0.6250000000
85055  21.454  4.217  -36.922 0.6250000000
157100  21.147  4.320  -36.499 0.7500000000
85081  22.313  5.173  -38.697 0.5000000000
88008  21.072  6.219  -38.921 0.6250000000
89413  20.798  7.226  -39.523 0.5000000000
157224  16.521  10.758  -43.180 0.7500000000
157226  16.310  10.842  -43.055 0.7500000000
157225  16.594  10.839  -43.154 0.7500000000
92247  17.534  10.753  -42.612 0.7500000000
100008  15.501  14.759  -41.914 0.8750000000
100009  15.751  14.385  -41.691 0.8750000000
157232  16.700  11.760  -41.833 0.8750000000
157243  16.292  13.209  -41.044 0.7500000000
157234  17.360  11.459  -42.265 0.7500000000
157240  17.667  11.577  -41.941 0.7500000000
72123  20.677  -4.930  -29.064 0.6250000000
70611  21.795  -5.303  -30.157 0.6250000000
72151  22.424  -5.087  -30.976 0.6250000000
157246  16.006  13.860  -41.487 0.7500000000
