#!ascii label  , from subject S2_Demo vox2ras=TkReg
291
22087  40.318  -44.264  -0.462 0.0000000000
17026  40.028  -50.098  -7.083 0.0000000000
18605  44.666  -48.152  -2.187 0.0000000000
20192  39.228  -47.397  -3.086 0.0000000000
15285  41.816  -52.793  -2.093 0.0000000000
17737  41.577  -50.417  0.306 0.0000000000
15267  40.935  -53.141  0.147 0.0000000000
16949  38.659  -49.669  -3.955 0.0000000000
22144  36.582  -44.446  -4.683 0.0000000000
21128  43.554  -44.968  -2.831 0.0000000000
19397  41.778  -47.260  -2.762 0.0000000000
16931  40.263  -50.580  -1.398 0.0000000000
15319  40.807  -52.275  -4.707 0.0000000000
15330  44.015  -53.185  -5.283 0.0000000000
22014  39.397  -44.521  2.592 0.0000000000
20153  42.991  -46.612  0.182 0.0000000000
19377  46.528  -47.679  -2.142 0.0000000000
24136  38.018  -42.298  -3.673 0.0000000000
15235  41.809  -52.811  1.368 0.0000000000
17006  38.917  -50.054  -5.947 0.0000000000
18651  37.767  -48.420  -5.603 0.0000000000
19414  44.358  -46.637  -3.567 0.0000000000
18606  43.579  -47.909  -1.882 0.0000000000
16099  40.952  -51.324  -0.556 0.0000000000
16922  40.725  -50.667  -0.686 0.0000000000
16107  40.625  -51.396  -1.423 0.0000000000
16116  40.501  -51.766  -2.589 0.0000000000
15301  40.986  -52.358  -3.576 0.0000000000
15346  43.430  -52.482  -6.274 0.0000000000
19362  44.309  -47.531  0.314 0.0000000000
19371  44.297  -46.884  -0.709 0.0000000000
18595  45.772  -47.955  -0.560 0.0000000000
20207  40.007  -46.182  -3.460 0.0000000000
22129  38.981  -44.389  -3.374 0.0000000000
24178  36.715  -42.759  -6.019 0.0000000000
26433  36.827  -40.551  -5.175 0.0000000000
17734  44.076  -49.602  0.292 0.0000000000
17744  43.188  -49.134  -0.240 0.0000000000
16911  42.751  -50.576  1.069 0.0000000000
16098  41.305  -51.715  0.131 0.0000000000
15274  41.496  -52.806  -1.155 0.0000000000
18619  38.910  -48.555  -3.232 0.0000000000
20209  37.509  -46.482  -3.586 0.0000000000
18630  37.598  -47.860  -4.261 0.0000000000
21188  36.512  -45.542  -6.039 0.0000000000
18684  40.855  -48.863  -8.120 0.0000000000
21118  42.328  -44.491  -1.711 0.0000000000
20206  41.202  -45.858  -3.679 0.0000000000
19398  40.674  -47.926  -2.598 0.0000000000
18598  42.311  -48.688  -0.729 0.0000000000
18609  40.584  -48.794  -1.643 0.0000000000
18618  39.780  -48.670  -2.547 0.0000000000
16937  39.331  -50.311  -2.758 0.0000000000
16148  39.470  -51.073  -4.683 0.0000000000
16161  40.201  -51.610  -6.058 0.0000000000
15299  42.498  -53.230  -2.943 0.0000000000
15331  42.690  -52.702  -5.321 0.0000000000
15347  42.333  -52.280  -6.250 0.0000000000
16188  41.886  -50.896  -7.324 0.0000000000
24040  37.355  -42.776  2.226 0.0000000000
22053  39.115  -44.397  1.404 0.0000000000
21067  41.088  -45.818  1.634 0.0000000000
21096  41.428  -45.250  -0.046 0.0000000000
21104  43.314  -45.412  -1.621 0.0000000000
20187  44.861  -45.918  -2.700 0.0000000000
18615  46.020  -47.811  -3.074 0.0000000000
17754  47.085  -49.343  -1.992 0.0000000000
17742  45.609  -49.348  -1.242 0.0000000000
24137  37.113  -42.450  -3.970 0.0000000000
23074  39.317  -44.028  0.044 0.0000000000
23091  38.645  -43.148  -0.471 0.0000000000
23090  39.597  -43.613  -0.668 0.0000000000
17005  39.496  -50.414  -6.383 0.0000000000
17824  38.602  -49.372  -6.149 0.0000000000
18616  45.022  -47.684  -2.804 0.0000000000
19395  44.118  -47.250  -3.206 0.0000000000
18596  44.226  -48.453  -1.482 0.0000000000
16106  41.146  -52.108  -1.015 0.0000000000
16115  41.055  -52.102  -1.933 0.0000000000
15286  41.250  -52.384  -2.669 0.0000000000
15344  45.855  -52.423  -7.222 0.0000000000
19361  45.008  -48.022  -0.062 0.0000000000
21143  39.260  -45.394  -3.312 0.0000000000
20208  38.807  -46.678  -3.184 0.0000000000
27479  37.168  -39.627  -6.797 0.0000000000
16910  43.815  -50.379  1.005 0.0000000000
16889  43.585  -51.250  1.550 0.0000000000
15256  41.073  -53.222  0.481 0.0000000000
16091  41.685  -51.913  1.058 0.0000000000
15255  41.330  -52.666  0.546 0.0000000000
15266  41.201  -52.698  -0.347 0.0000000000
17773  38.783  -49.288  -3.491 0.0000000000
18629  38.076  -48.350  -3.877 0.0000000000
17789  38.164  -48.914  -4.474 0.0000000000
19444  37.279  -47.538  -5.462 0.0000000000
20257  36.754  -46.338  -6.509 0.0000000000
22171  36.695  -44.624  -6.596 0.0000000000
22097  42.466  -44.077  -2.387 0.0000000000
22111  42.972  -44.334  -3.107 0.0000000000
20190  40.906  -46.837  -3.191 0.0000000000
19382  41.662  -47.855  -2.006 0.0000000000
17736  42.015  -50.093  0.512 0.0000000000
17745  42.137  -49.365  -0.057 0.0000000000
17747  40.549  -50.042  -0.897 0.0000000000
18600  40.719  -49.459  -0.946 0.0000000000
17757  40.113  -49.754  -1.537 0.0000000000
17758  39.558  -49.850  -2.174 0.0000000000
16932  39.716  -50.495  -2.029 0.0000000000
16131  40.072  -51.654  -3.863 0.0000000000
16147  40.085  -51.734  -5.127 0.0000000000
15333  40.764  -52.076  -5.700 0.0000000000
13029  45.343  -55.785  -4.126 0.0000000000
14482  44.577  -53.516  -4.838 0.0000000000
14447  44.434  -54.077  -3.754 0.0000000000
14464  44.012  -53.535  -4.253 0.0000000000
15317  43.005  -53.217  -4.130 0.0000000000
15316  43.657  -53.347  -4.563 0.0000000000
16171  43.891  -51.870  -6.965 0.0000000000
16172  42.996  -51.757  -6.867 0.0000000000
16173  42.103  -51.592  -6.840 0.0000000000
16187  42.697  -51.049  -7.379 0.0000000000
23038  38.900  -44.259  2.052 0.0000000000
23056  38.256  -43.587  1.543 0.0000000000
22032  39.323  -44.536  1.974 0.0000000000
20140  42.988  -46.964  0.909 0.0000000000
20132  41.634  -46.317  1.931 0.0000000000
20142  41.636  -46.158  0.948 0.0000000000
21082  41.185  -45.600  0.745 0.0000000000
20154  42.333  -46.114  0.096 0.0000000000
20165  42.574  -45.715  -0.561 0.0000000000
20164  43.274  -46.015  -0.865 0.0000000000
19378  45.798  -47.021  -1.910 0.0000000000
20174  45.281  -46.520  -1.916 0.0000000000
20201  45.578  -46.588  -3.010 0.0000000000
19392  46.640  -47.833  -2.666 0.0000000000
16928  47.869  -50.652  -1.349 0.0000000000
16929  47.103  -50.025  -1.472 0.0000000000
16930  46.479  -49.518  -1.583 0.0000000000
20210  36.954  -45.903  -3.866 0.0000000000
21145  37.192  -45.328  -3.608 0.0000000000
23136  36.766  -43.299  -4.377 0.0000000000
16988  38.643  -49.844  -5.272 0.0000000000
17807  38.130  -49.084  -5.226 0.0000000000
21139  43.583  -45.272  -3.439 0.0000000000
22125  42.953  -44.676  -3.608 0.0000000000
19415  43.559  -46.705  -3.583 0.0000000000
19381  42.633  -47.583  -2.310 0.0000000000
16921  41.250  -50.802  -0.003 0.0000000000
16108  40.062  -51.132  -1.991 0.0000000000
15345  44.838  -52.562  -6.620 0.0000000000
19363  43.551  -47.075  0.249 0.0000000000
19372  43.584  -46.642  -0.424 0.0000000000
19370  45.230  -47.400  -0.844 0.0000000000
19369  46.095  -47.665  -1.332 0.0000000000
23122  38.441  -43.267  -3.564 0.0000000000
23146  36.619  -43.582  -5.304 0.0000000000
24167  36.662  -42.531  -5.059 0.0000000000
25260  36.666  -41.635  -5.580 0.0000000000
27480  36.880  -39.604  -6.073 0.0000000000
17743  44.397  -49.031  -0.755 0.0000000000
16912  41.758  -50.950  0.905 0.0000000000
19400  38.804  -47.711  -3.169 0.0000000000
19416  38.095  -47.497  -3.350 0.0000000000
19417  37.578  -47.433  -3.906 0.0000000000
20225  36.832  -46.402  -4.416 0.0000000000
18640  37.644  -48.224  -4.746 0.0000000000
19430  36.809  -46.904  -4.873 0.0000000000
21170  36.489  -45.498  -5.040 0.0000000000
23161  36.682  -43.835  -6.092 0.0000000000
24177  37.174  -42.486  -6.676 0.0000000000
18669  40.449  -48.958  -7.726 0.0000000000
22086  41.158  -44.296  -0.952 0.0000000000
23100  40.666  -43.293  -1.683 0.0000000000
22098  41.602  -43.832  -1.789 0.0000000000
20191  39.844  -47.183  -3.085 0.0000000000
18607  42.487  -48.078  -1.468 0.0000000000
17746  41.247  -49.938  -0.252 0.0000000000
18599  41.365  -49.039  -0.744 0.0000000000
18608  41.531  -48.382  -1.333 0.0000000000
19383  41.108  -48.264  -1.893 0.0000000000
19399  39.540  -47.943  -2.966 0.0000000000
17765  39.274  -49.434  -2.796 0.0000000000
16948  38.911  -50.019  -3.445 0.0000000000
16117  39.723  -51.103  -2.769 0.0000000000
16132  39.370  -50.759  -3.639 0.0000000000
16966  38.889  -50.251  -4.402 0.0000000000
16987  39.151  -50.497  -5.391 0.0000000000
16162  39.638  -51.153  -5.689 0.0000000000
17004  40.137  -50.616  -6.798 0.0000000000
13730  45.382  -54.780  -4.292 0.0000000000
15300  41.918  -52.762  -3.287 0.0000000000
15318  41.820  -52.632  -4.417 0.0000000000
15332  41.610  -52.381  -5.472 0.0000000000
15348  41.451  -52.017  -6.295 0.0000000000
16175  40.600  -51.096  -6.726 0.0000000000
17025  40.755  -50.227  -7.222 0.0000000000
17841  41.139  -49.590  -7.634 0.0000000000
24062  36.600  -41.912  1.247 0.0000000000
22074  38.950  -44.240  0.933 0.0000000000
22073  39.431  -44.356  0.564 0.0000000000
20127  41.691  -46.274  2.948 0.0000000000
22030  40.119  -45.069  2.493 0.0000000000
22051  40.102  -45.035  1.765 0.0000000000
21097  40.770  -45.043  0.324 0.0000000000
21107  41.084  -44.744  -0.407 0.0000000000
21106  41.767  -44.752  -0.913 0.0000000000
21105  42.615  -45.245  -1.189 0.0000000000
21117  43.081  -44.746  -2.175 0.0000000000
20163  43.889  -46.453  -0.955 0.0000000000
20176  43.717  -45.746  -1.629 0.0000000000
21127  44.093  -45.423  -2.918 0.0000000000
21138  44.454  -45.743  -3.231 0.0000000000
19394  45.198  -47.186  -3.271 0.0000000000
18604  45.720  -48.357  -2.531 0.0000000000
18614  46.485  -47.700  -2.768 0.0000000000
17755  46.208  -48.977  -2.032 0.0000000000
17756  45.176  -48.694  -1.710 0.0000000000
21144  38.177  -45.456  -3.360 0.0000000000
22130  37.735  -44.374  -3.535 0.0000000000
25229  37.509  -41.437  -4.026 0.0000000000
24152  36.823  -42.358  -4.439 0.0000000000
25244  37.040  -41.067  -4.342 0.0000000000
13731  44.866  -54.390  -3.974 0.0000000000
14463  44.942  -53.928  -4.460 0.0000000000
15349  40.844  -51.683  -6.330 0.0000000000
16174  41.344  -51.356  -6.786 0.0000000000
16176  39.929  -51.069  -6.394 0.0000000000
16189  41.231  -50.754  -7.166 0.0000000000
16891  42.056  -51.546  1.292 0.0000000000
16967  38.478  -49.506  -4.549 0.0000000000
17024  41.611  -50.100  -7.618 0.0000000000
17735  42.971  -49.758  0.544 0.0000000000
17764  39.834  -49.284  -2.108 0.0000000000
17774  38.488  -49.097  -4.002 0.0000000000
17790  37.889  -48.737  -4.787 0.0000000000
17808  37.801  -48.664  -5.082 0.0000000000
17823  39.086  -49.809  -6.442 0.0000000000
17842  40.488  -49.385  -7.530 0.0000000000
17843  39.556  -49.576  -6.974 0.0000000000
17844  39.030  -49.465  -6.660 0.0000000000
17862  41.069  -49.209  -7.816 0.0000000000
18603  46.726  -48.418  -2.291 0.0000000000
18617  44.181  -47.674  -2.543 0.0000000000
18620  38.441  -48.048  -3.367 0.0000000000
18628  38.583  -48.833  -3.653 0.0000000000
18639  37.926  -48.582  -4.458 0.0000000000
18683  41.302  -48.980  -8.324 0.0000000000
19379  45.061  -46.777  -1.453 0.0000000000
19393  46.048  -47.100  -2.983 0.0000000000
19412  45.491  -46.654  -3.220 0.0000000000
19413  45.163  -46.634  -3.349 0.0000000000
19429  37.200  -47.326  -4.586 0.0000000000
19445  36.897  -47.136  -5.083 0.0000000000
20141  42.338  -46.620  1.124 0.0000000000
20155  41.718  -45.749  0.287 0.0000000000
20175  44.441  -46.155  -1.764 0.0000000000
20186  45.391  -46.451  -2.545 0.0000000000
20202  45.096  -46.189  -3.175 0.0000000000
20203  44.415  -46.054  -3.573 0.0000000000
20204  43.455  -45.984  -3.815 0.0000000000
20224  37.246  -46.927  -4.097 0.0000000000
20241  36.712  -46.590  -5.450 0.0000000000
21068  40.547  -45.448  2.157 0.0000000000
21083  40.608  -45.334  1.262 0.0000000000
21095  42.088  -45.457  -0.354 0.0000000000
21115  44.395  -45.671  -2.527 0.0000000000
21116  43.820  -45.416  -2.232 0.0000000000
21126  44.564  -45.678  -2.927 0.0000000000
21130  39.530  -45.142  -3.439 0.0000000000
21137  44.802  -45.829  -3.062 0.0000000000
21156  36.714  -45.328  -4.183 0.0000000000
22013  39.819  -44.794  2.706 0.0000000000
22031  39.720  -44.768  2.198 0.0000000000
22052  39.617  -44.667  1.481 0.0000000000
22072  40.117  -44.819  0.833 0.0000000000
22088  39.617  -44.127  -0.147 0.0000000000
22099  40.951  -43.914  -1.224 0.0000000000
22115  39.368  -44.909  -3.370 0.0000000000
22131  36.859  -44.353  -3.861 0.0000000000
22154  36.540  -44.589  -5.621 0.0000000000
23055  38.758  -44.094  1.299 0.0000000000
23075  38.804  -43.835  0.443 0.0000000000
23089  40.196  -43.722  -0.924 0.0000000000
23092  38.060  -42.668  -0.426 0.0000000000
23099  41.277  -43.409  -1.903 0.0000000000
23123  37.359  -43.347  -3.715 0.0000000000
25230  36.958  -41.947  -4.214 0.0000000000
25245  36.805  -41.546  -4.651 0.0000000000
25274  36.851  -41.668  -6.389 0.0000000000
26418  36.911  -40.891  -4.603 0.0000000000
26449  36.699  -40.798  -6.059 0.0000000000
