#!ascii label  , from subject S2_Demo vox2ras=TkReg
1544
113543  -46.437  19.523  21.890 0.0000000000
116848  -56.264  21.887  18.734 0.0000000000
122594  -50.243  28.564  9.184 0.0000000000
113593  -56.147  19.805  19.606 0.0000000000
107821  -55.257  13.641  15.556 0.0000000000
120587  -52.867  26.498  19.890 0.0000000000
118013  -59.596  23.607  0.997 0.0000000000
116013  -47.412  21.300  -5.204 0.0000000000
103890  -48.477  11.415  20.411 0.0000000000
113564  -50.304  19.037  21.127 0.0000000000
115659  -51.860  21.485  23.233 0.0000000000
116832  -49.994  22.010  19.769 0.0000000000
118037  -54.303  23.643  -0.540 0.0000000000
122660  -55.725  28.645  5.892 0.0000000000
116017  -57.248  22.447  -5.418 0.0000000000
114926  -54.569  20.470  -2.692 0.0000000000
115001  -50.782  20.823  -9.042 0.0000000000
119736  -53.924  25.168  17.860 0.0000000000
114689  -44.225  20.386  17.506 0.0000000000
118861  -48.826  24.457  14.528 0.0000000000
111530  -63.734  17.128  13.233 0.0000000000
111486  -56.056  17.247  14.934 0.0000000000
111473  -50.756  17.224  17.664 0.0000000000
107816  -48.914  14.027  17.490 0.0000000000
119669  -54.632  25.995  22.865 0.0000000000
123486  -56.608  29.032  19.694 0.0000000000
123538  -51.970  29.418  15.643 0.0000000000
123571  -56.156  29.691  13.449 0.0000000000
119844  -57.472  25.490  6.919 0.0000000000
112712  -56.066  18.001  1.381 0.0000000000
115952  -51.537  20.923  -0.298 0.0000000000
112457  -48.510  18.657  21.810 0.0000000000
114613  -49.296  20.554  22.150 0.0000000000
114636  -48.293  20.557  20.963 0.0000000000
117091  -53.694  22.487  -5.698 0.0000000000
118079  -56.098  23.339  -3.123 0.0000000000
117120  -55.525  22.394  -7.554 0.0000000000
114996  -54.568  20.947  -7.424 0.0000000000
116834  -54.539  23.382  18.992 0.0000000000
115819  -43.713  21.930  14.732 0.0000000000
118869  -45.888  24.376  12.729 0.0000000000
109151  -55.397  14.660  14.728 0.0000000000
111477  -54.190  17.353  15.817 0.0000000000
110333  -53.536  16.524  17.462 0.0000000000
105218  -48.835  12.469  18.088 0.0000000000
109123  -43.546  15.972  17.219 0.0000000000
111419  -41.711  17.680  19.341 0.0000000000
111463  -40.668  17.336  17.615 0.0000000000
114642  -57.093  20.431  20.858 0.0000000000
117807  -51.917  23.293  21.691 0.0000000000
117793  -53.375  23.468  23.146 0.0000000000
119687  -53.244  25.677  21.480 0.0000000000
122448  -55.213  27.643  21.933 0.0000000000
122473  -54.246  28.184  19.725 0.0000000000
123555  -48.757  29.659  14.651 0.0000000000
120628  -50.697  26.766  15.145 0.0000000000
124625  -50.941  30.087  12.128 0.0000000000
120747  -58.952  26.585  2.460 0.0000000000
123647  -55.728  29.483  9.594 0.0000000000
121626  -58.703  27.758  7.552 0.0000000000
122570  -58.460  28.121  11.889 0.0000000000
118933  -58.995  24.944  4.660 0.0000000000
117996  -56.804  23.353  2.249 0.0000000000
117017  -57.763  21.731  0.661 0.0000000000
113868  -50.790  19.736  -4.059 0.0000000000
114905  -52.400  20.522  -1.652 0.0000000000
114921  -49.643  20.298  -2.627 0.0000000000
114900  -48.309  20.932  -1.698 0.0000000000
116002  -46.529  21.362  -4.007 0.0000000000
113590  -53.302  19.655  19.743 0.0000000000
114616  -53.094  20.274  21.993 0.0000000000
113537  -51.214  19.967  23.056 0.0000000000
115697  -50.652  21.693  21.972 0.0000000000
117859  -51.274  23.797  19.344 0.0000000000
121643  -52.739  27.727  4.406 0.0000000000
122625  -52.862  28.710  7.610 0.0000000000
119870  -55.245  25.713  2.162 0.0000000000
119009  -58.022  24.386  -0.681 0.0000000000
117051  -59.196  22.718  -2.224 0.0000000000
114910  -57.831  19.946  -2.250 0.0000000000
114959  -56.088  21.043  -4.560 0.0000000000
114970  -52.938  20.375  -5.532 0.0000000000
114968  -49.287  20.004  -6.286 0.0000000000
120630  -54.237  26.385  14.962 0.0000000000
113585  -44.831  19.643  20.203 0.0000000000
115758  -47.419  21.080  17.626 0.0000000000
116882  -46.760  22.018  15.388 0.0000000000
121596  -47.555  27.420  13.380 0.0000000000
123617  -47.348  29.848  10.356 0.0000000000
123680  -47.030  28.992  7.645 0.0000000000
122637  -49.643  28.631  6.393 0.0000000000
112533  -60.309  19.123  14.692 0.0000000000
111528  -60.602  17.180  12.585 0.0000000000
112525  -57.678  19.192  16.679 0.0000000000
113627  -54.026  19.383  18.202 0.0000000000
112494  -51.108  19.070  19.289 0.0000000000
106492  -56.908  13.467  18.821 0.0000000000
105171  -51.535  12.322  20.565 0.0000000000
106488  -52.913  12.539  18.302 0.0000000000
109105  -54.040  13.077  16.753 0.0000000000
109129  -50.465  15.612  17.580 0.0000000000
111409  -45.772  17.711  21.005 0.0000000000
116818  -57.337  22.198  20.486 0.0000000000
115661  -53.917  21.871  23.430 0.0000000000
116762  -55.295  22.884  23.647 0.0000000000
117849  -56.212  23.894  21.210 0.0000000000
119724  -55.347  25.415  20.124 0.0000000000
120624  -55.544  26.885  17.277 0.0000000000
120658  -55.933  27.039  13.711 0.0000000000
116870  -49.349  22.920  17.032 0.0000000000
118839  -51.289  25.174  16.965 0.0000000000
120613  -52.380  26.461  17.726 0.0000000000
122582  -53.722  29.239  10.189 0.0000000000
124565  -53.935  30.317  14.918 0.0000000000
122500  -54.042  28.896  17.635 0.0000000000
123518  -56.066  29.716  17.689 0.0000000000
120660  -58.012  27.355  13.581 0.0000000000
119815  -55.673  26.034  9.650 0.0000000000
112727  -56.653  17.817  -0.504 0.0000000000
112718  -55.012  18.461  0.565 0.0000000000
113821  -52.477  19.401  1.611 0.0000000000
114872  -50.744  21.012  1.253 0.0000000000
115961  -46.517  21.602  0.023 0.0000000000
112445  -47.199  19.159  22.436 0.0000000000
114587  -48.014  19.945  22.478 0.0000000000
114610  -46.816  20.049  21.474 0.0000000000
117106  -54.721  22.545  -6.673 0.0000000000
116053  -54.763  21.987  -9.475 0.0000000000
116835  -55.029  22.957  19.265 0.0000000000
107839  -55.911  13.643  14.990 0.0000000000
110308  -54.647  15.796  15.188 0.0000000000
109109  -54.699  14.621  15.327 0.0000000000
109142  -43.293  15.312  16.926 0.0000000000
110322  -41.942  16.461  17.377 0.0000000000
113613  -57.670  19.741  18.785 0.0000000000
114661  -56.089  19.923  20.188 0.0000000000
118799  -52.294  24.748  20.743 0.0000000000
118784  -52.676  24.563  21.786 0.0000000000
120572  -53.190  26.321  20.688 0.0000000000
120573  -53.666  26.768  20.894 0.0000000000
121517  -53.296  26.988  19.971 0.0000000000
123597  -49.340  29.734  11.220 0.0000000000
124608  -49.594  30.527  12.880 0.0000000000
122578  -50.741  28.613  9.964 0.0000000000
119893  -59.959  25.522  1.738 0.0000000000
121632  -58.668  27.729  5.718 0.0000000000
120716  -59.566  26.453  4.635 0.0000000000
120712  -59.240  26.458  6.741 0.0000000000
118941  -59.921  24.990  3.665 0.0000000000
117983  -58.483  23.905  2.720 0.0000000000
118012  -59.170  23.316  1.485 0.0000000000
114953  -48.904  19.755  -4.741 0.0000000000
114938  -49.922  19.851  -3.705 0.0000000000
114937  -48.773  20.061  -3.460 0.0000000000
114936  -47.915  20.427  -3.087 0.0000000000
116003  -47.072  21.051  -4.362 0.0000000000
113565  -50.928  19.352  21.185 0.0000000000
113566  -51.896  19.612  21.025 0.0000000000
115712  -49.756  21.307  21.239 0.0000000000
115696  -50.053  20.916  22.426 0.0000000000
115713  -50.501  22.066  20.860 0.0000000000
116815  -51.096  22.767  20.579 0.0000000000
116833  -50.433  22.520  19.771 0.0000000000
120742  -53.461  26.225  2.337 0.0000000000
120726  -53.997  26.743  3.167 0.0000000000
119888  -54.696  25.346  1.558 0.0000000000
118092  -57.060  23.410  -4.528 0.0000000000
119019  -56.992  23.824  -1.565 0.0000000000
119030  -58.159  23.820  -2.425 0.0000000000
119021  -58.788  24.221  -1.568 0.0000000000
117066  -58.564  22.684  -3.540 0.0000000000
115997  -57.808  21.396  -3.620 0.0000000000
116005  -56.608  21.511  -5.136 0.0000000000
114994  -52.761  20.456  -7.866 0.0000000000
114982  -52.895  20.395  -6.843 0.0000000000
113901  -51.312  19.901  -7.191 0.0000000000
113885  -50.626  19.712  -5.833 0.0000000000
114980  -50.140  20.008  -7.139 0.0000000000
119751  -54.078  25.881  16.597 0.0000000000
114690  -45.102  20.386  17.696 0.0000000000
114691  -45.961  20.561  17.686 0.0000000000
115803  -46.011  21.622  15.502 0.0000000000
122550  -46.050  28.184  13.508 0.0000000000
119777  -46.736  25.630  12.686 0.0000000000
123553  -46.702  29.718  14.186 0.0000000000
124589  -47.276  30.612  13.695 0.0000000000
124630  -46.294  30.388  11.173 0.0000000000
122617  -45.710  28.662  6.899 0.0000000000
122620  -48.096  28.844  7.184 0.0000000000
122671  -49.134  28.381  4.798 0.0000000000
121641  -50.734  28.048  4.180 0.0000000000
120739  -50.467  26.467  2.595 0.0000000000
113669  -61.767  19.410  14.393 0.0000000000
112555  -62.608  18.408  13.289 0.0000000000
109191  -60.580  15.995  12.371 0.0000000000
111512  -57.954  17.125  13.212 0.0000000000
112539  -58.107  18.360  14.405 0.0000000000
112521  -56.169  17.909  15.646 0.0000000000
113628  -54.759  19.380  18.263 0.0000000000
112519  -55.355  18.010  16.240 0.0000000000
111475  -52.233  17.209  17.327 0.0000000000
112515  -52.452  19.180  18.496 0.0000000000
112513  -50.609  17.752  18.200 0.0000000000
103877  -49.643  11.657  20.597 0.0000000000
106461  -50.945  11.993  18.897 0.0000000000
105202  -50.986  13.583  18.270 0.0000000000
107798  -53.665  12.707  17.390 0.0000000000
106510  -51.220  13.945  18.089 0.0000000000
107819  -51.676  14.747  17.790 0.0000000000
107817  -49.715  14.498  17.723 0.0000000000
111408  -44.782  17.859  21.006 0.0000000000
111421  -43.465  17.581  19.803 0.0000000000
116819  -58.256  21.657  20.171 0.0000000000
114592  -52.472  20.501  22.806 0.0000000000
114593  -53.617  21.085  22.788 0.0000000000
114573  -53.258  21.476  23.254 0.0000000000
118767  -53.550  24.441  22.817 0.0000000000
117794  -54.186  23.457  23.486 0.0000000000
118750  -54.571  24.271  23.423 0.0000000000
117797  -56.048  24.372  23.411 0.0000000000
157898  -56.113  25.580  23.224 0.0000000000
118800  -55.440  24.702  20.531 0.0000000000
157900  -56.261  26.513  22.621 0.0000000000
122461  -55.766  28.566  20.568 0.0000000000
122451  -57.088  28.085  20.716 0.0000000000
121540  -57.488  27.957  18.625 0.0000000000
120632  -55.566  27.033  16.288 0.0000000000
121561  -57.114  27.670  16.712 0.0000000000
116884  -48.425  22.816  15.901 0.0000000000
115759  -48.339  21.535  17.704 0.0000000000
117900  -49.145  23.674  15.701 0.0000000000
122519  -51.518  28.596  15.464 0.0000000000
119757  -50.977  25.740  15.894 0.0000000000
120621  -51.875  26.481  16.595 0.0000000000
119742  -51.710  25.782  17.318 0.0000000000
121571  -52.504  28.112  16.379 0.0000000000
122659  -54.577  28.595  5.929 0.0000000000
122597  -53.069  28.850  9.489 0.0000000000
122627  -54.812  29.356  7.535 0.0000000000
123604  -56.535  29.454  11.247 0.0000000000
123585  -55.321  29.707  12.534 0.0000000000
123541  -54.891  29.939  15.301 0.0000000000
123516  -54.077  29.390  16.838 0.0000000000
123517  -54.855  29.603  17.337 0.0000000000
122501  -54.752  29.292  17.948 0.0000000000
123542  -56.195  29.674  15.557 0.0000000000
120706  -58.636  26.287  8.917 0.0000000000
121601  -58.451  27.818  13.382 0.0000000000
119818  -57.912  26.126  9.730 0.0000000000
120692  -56.706  26.513  10.826 0.0000000000
119826  -56.601  25.794  8.709 0.0000000000
119843  -56.321  25.421  6.807 0.0000000000
118924  -56.925  25.084  5.114 0.0000000000
115939  -55.833  21.364  1.596 0.0000000000
116996  -55.454  22.367  2.240 0.0000000000
114909  -56.128  19.873  -2.136 0.0000000000
112734  -57.698  18.523  -1.579 0.0000000000
113852  -56.153  19.603  -1.603 0.0000000000
114889  -52.068  20.775  -0.662 0.0000000000
114876  -54.092  20.109  -0.050 0.0000000000
114875  -53.169  20.354  0.313 0.0000000000
112710  -54.352  18.525  0.885 0.0000000000
114862  -52.639  20.141  1.000 0.0000000000
113820  -51.832  19.905  1.698 0.0000000000
114873  -51.265  20.870  0.845 0.0000000000
115985  -46.515  21.083  -2.072 0.0000000000
115963  -48.490  21.405  -0.421 0.0000000000
115984  -45.760  21.453  -1.645 0.0000000000
115972  -45.782  21.634  -0.657 0.0000000000
112458  -49.269  18.775  21.663 0.0000000000
113535  -49.223  19.403  22.537 0.0000000000
113534  -48.217  19.462  22.557 0.0000000000
114612  -48.435  20.336  22.037 0.0000000000
115711  -49.121  20.963  20.660 0.0000000000
118038  -55.097  23.625  -0.846 0.0000000000
117079  -55.545  23.057  -4.326 0.0000000000
118113  -56.300  23.168  -5.742 0.0000000000
116027  -55.978  22.219  -7.017 0.0000000000
116026  -55.717  21.620  -6.949 0.0000000000
116034  -55.136  21.378  -7.944 0.0000000000
115013  -53.324  20.981  -9.338 0.0000000000
118824  -53.974  24.595  18.402 0.0000000000
115801  -43.978  21.274  15.443 0.0000000000
116894  -45.294  22.556  14.140 0.0000000000
117910  -44.589  23.075  13.777 0.0000000000
110355  -55.865  16.962  14.057 0.0000000000
111478  -55.047  17.584  15.782 0.0000000000
110335  -55.042  15.994  14.934 0.0000000000
111476  -53.852  17.201  15.802 0.0000000000
110344  -52.493  16.532  17.016 0.0000000000
103909  -48.759  11.431  20.108 0.0000000000
105229  -47.281  12.643  17.297 0.0000000000
110325  -44.814  16.996  17.710 0.0000000000
111439  -43.325  17.440  18.876 0.0000000000
111466  -43.168  17.160  18.030 0.0000000000
111436  -41.018  17.551  18.185 0.0000000000
116776  -51.923  22.666  22.339 0.0000000000
116759  -52.593  22.535  23.055 0.0000000000
117808  -52.442  23.614  22.251 0.0000000000
118766  -52.927  24.314  22.434 0.0000000000
119668  -54.008  25.620  22.566 0.0000000000
120550  -54.581  26.513  22.475 0.0000000000
121485  -54.291  26.897  21.745 0.0000000000
121501  -54.582  27.672  21.205 0.0000000000
122474  -55.140  28.649  19.742 0.0000000000
121598  -49.177  27.001  13.939 0.0000000000
119769  -50.075  25.710  14.751 0.0000000000
122536  -49.818  28.397  14.743 0.0000000000
124561  -50.137  30.179  15.077 0.0000000000
124577  -51.245  30.542  14.619 0.0000000000
121647  -57.187  27.743  4.598 0.0000000000
123695  -55.924  29.311  7.149 0.0000000000
122662  -57.553  28.634  5.925 0.0000000000
123649  -57.271  29.319  8.866 0.0000000000
123605  -57.356  29.206  10.850 0.0000000000
123572  -57.222  29.320  13.244 0.0000000000
122600  -58.375  28.169  9.899 0.0000000000
120707  -58.983  26.661  8.536 0.0000000000
119853  -58.539  25.365  5.926 0.0000000000
118932  -57.769  24.685  4.422 0.0000000000
117982  -57.617  23.926  2.860 0.0000000000
118010  -57.354  23.107  1.628 0.0000000000
114865  -56.712  20.025  0.908 0.0000000000
114941  -52.785  20.256  -3.390 0.0000000000
114907  -54.443  20.423  -1.773 0.0000000000
114924  -52.603  20.348  -2.557 0.0000000000
114904  -51.379  20.616  -1.722 0.0000000000
114888  -51.162  20.789  -1.065 0.0000000000
115965  -50.300  21.093  -0.818 0.0000000000
114902  -49.464  20.648  -1.877 0.0000000000
115986  -47.227  20.776  -2.589 0.0000000000
115995  -46.353  21.266  -3.155 0.0000000000
113591  -54.270  19.692  19.491 0.0000000000
113569  -54.968  19.953  20.181 0.0000000000
113567  -52.965  19.879  20.859 0.0000000000
114615  -52.112  20.116  22.318 0.0000000000
114571  -51.648  20.561  23.226 0.0000000000
113536  -50.426  19.783  22.830 0.0000000000
115677  -50.787  21.089  23.064 0.0000000000
115678  -51.406  21.842  22.628 0.0000000000
116796  -51.489  22.816  21.385 0.0000000000
117846  -51.533  23.623  20.283 0.0000000000
118812  -51.791  24.634  19.716 0.0000000000
122639  -51.562  28.542  6.547 0.0000000000
122624  -51.801  28.538  7.467 0.0000000000
122675  -53.103  28.136  5.114 0.0000000000
122676  -54.205  28.149  5.170 0.0000000000
121662  -55.604  27.180  3.950 0.0000000000
118988  -55.940  24.397  0.236 0.0000000000
118967  -56.346  24.906  0.902 0.0000000000
120745  -56.872  26.292  2.694 0.0000000000
119891  -58.291  25.788  1.469 0.0000000000
119917  -59.470  24.786  0.187 0.0000000000
118025  -59.825  23.422  0.058 0.0000000000
115956  -59.287  21.400  -0.263 0.0000000000
115978  -58.732  21.236  -2.156 0.0000000000
114929  -57.538  20.521  -2.833 0.0000000000
114943  -54.749  20.476  -3.658 0.0000000000
114972  -55.029  20.939  -5.646 0.0000000000
114957  -53.915  20.437  -4.553 0.0000000000
114956  -52.830  20.262  -4.283 0.0000000000
113877  -51.636  19.829  -4.313 0.0000000000
113875  -49.831  19.660  -5.175 0.0000000000
116014  -48.185  21.020  -5.701 0.0000000000
113562  -45.305  19.510  20.892 0.0000000000
114634  -46.327  19.959  20.840 0.0000000000
114678  -46.141  20.340  18.674 0.0000000000
115782  -47.213  21.539  16.634 0.0000000000
117898  -47.816  23.042  14.884 0.0000000000
117923  -46.573  23.496  13.460 0.0000000000
117924  -47.425  23.959  13.579 0.0000000000
119779  -48.542  25.504  13.564 0.0000000000
122534  -48.309  28.766  14.218 0.0000000000
124590  -48.299  30.698  13.781 0.0000000000
123643  -48.762  28.904  9.184 0.0000000000
123615  -45.406  30.046  10.649 0.0000000000
123641  -46.579  29.571  9.445 0.0000000000
123665  -48.515  28.739  8.364 0.0000000000
122622  -49.848  28.574  7.275 0.0000000000
122673  -51.053  28.370  4.885 0.0000000000
120741  -52.394  26.507  2.330 0.0000000000
118964  -53.020  24.959  0.969 0.0000000000
113643  -59.625  19.584  16.660 0.0000000000
113631  -57.901  19.493  17.905 0.0000000000
109181  -62.598  15.421  12.968 0.0000000000
111517  -62.844  17.302  12.932 0.0000000000
112552  -60.158  18.397  13.565 0.0000000000
112527  -58.360  19.016  15.745 0.0000000000
113611  -55.519  19.583  18.785 0.0000000000
113610  -54.552  19.514  18.719 0.0000000000
113609  -53.582  19.475  18.741 0.0000000000
113607  -51.925  19.363  19.519 0.0000000000
112497  -53.479  19.284  18.152 0.0000000000
112495  -51.987  19.283  18.936 0.0000000000
112472  -50.062  18.776  20.641 0.0000000000
112471  -49.391  18.621  20.848 0.0000000000
105184  -53.160  12.955  20.293 0.0000000000
106444  -50.590  11.955  19.247 0.0000000000
106463  -52.381  12.585  20.110 0.0000000000
105204  -53.784  12.773  18.522 0.0000000000
106489  -53.383  12.854  17.941 0.0000000000
107800  -54.594  13.244  16.641 0.0000000000
107802  -55.192  13.431  16.003 0.0000000000
109106  -54.313  14.044  16.029 0.0000000000
109130  -51.386  15.575  17.518 0.0000000000
110330  -50.353  16.628  17.619 0.0000000000
112454  -45.822  18.700  21.787 0.0000000000
112453  -44.947  18.572  21.452 0.0000000000
113540  -44.147  19.023  20.960 0.0000000000
114655  -43.685  19.843  19.272 0.0000000000
114675  -43.430  20.233  18.380 0.0000000000
115766  -58.986  21.508  17.506 0.0000000000
115729  -57.547  21.678  19.137 0.0000000000
116836  -56.389  22.311  19.655 0.0000000000
114617  -54.236  20.610  21.904 0.0000000000
114594  -54.863  21.077  22.522 0.0000000000
116760  -53.590  22.635  23.439 0.0000000000
115662  -54.913  22.100  23.423 0.0000000000
115663  -55.668  22.224  23.208 0.0000000000
116779  -56.926  22.766  22.217 0.0000000000
116817  -56.608  22.950  20.802 0.0000000000
117862  -56.063  23.334  20.534 0.0000000000
117861  -55.375  23.614  20.118 0.0000000000
118815  -54.914  24.655  19.906 0.0000000000
119737  -54.396  25.591  18.460 0.0000000000
122441  -56.260  27.346  22.192 0.0000000000
120605  -55.766  26.704  19.096 0.0000000000
120614  -54.850  26.463  17.858 0.0000000000
120631  -54.559  26.497  15.696 0.0000000000
120642  -54.948  26.706  14.521 0.0000000000
120666  -54.901  26.584  12.494 0.0000000000
114680  -47.707  20.661  19.090 0.0000000000
115760  -48.990  21.669  18.102 0.0000000000
116854  -49.599  22.502  17.849 0.0000000000
118837  -50.011  24.035  16.347 0.0000000000
117877  -50.296  23.494  17.484 0.0000000000
116844  -50.295  22.791  18.677 0.0000000000
117868  -51.022  23.779  18.719 0.0000000000
119721  -51.790  25.225  18.881 0.0000000000
120603  -52.624  26.521  18.878 0.0000000000
122579  -51.613  28.679  10.094 0.0000000000
123582  -52.261  29.809  12.293 0.0000000000
124594  -52.470  30.442  13.636 0.0000000000
123646  -54.912  29.499  9.887 0.0000000000
124613  -54.049  29.995  13.057 0.0000000000
124553  -52.751  30.037  15.946 0.0000000000
122508  -52.913  28.847  16.605 0.0000000000
122499  -53.307  28.164  17.549 0.0000000000
121537  -53.191  27.149  19.412 0.0000000000
122492  -54.186  28.579  18.898 0.0000000000
123503  -56.028  29.525  18.674 0.0000000000
122537  -57.833  28.838  14.060 0.0000000000
123531  -57.392  29.289  16.807 0.0000000000
123521  -57.687  28.775  17.285 0.0000000000
120659  -57.131  27.361  13.946 0.0000000000
120679  -55.809  26.536  11.633 0.0000000000
118938  -56.028  24.237  3.623 0.0000000000
114879  -58.766  20.164  -0.346 0.0000000000
112723  -58.105  17.851  0.270 0.0000000000
111674  -56.958  16.930  0.386 0.0000000000
113843  -55.160  19.729  -0.646 0.0000000000
112719  -55.586  18.127  0.291 0.0000000000
111672  -55.510  17.367  0.591 0.0000000000
111671  -55.086  17.691  0.699 0.0000000000
110526  -54.318  16.347  0.683 0.0000000000
110525  -52.959  16.318  1.302 0.0000000000
115964  -49.436  21.327  -0.528 0.0000000000
115948  -48.288  21.608  0.652 0.0000000000
118110  -46.864  23.175  -6.775 0.0000000000
117085  -46.472  22.489  -5.505 0.0000000000
117084  -45.542  22.990  -5.341 0.0000000000
117071  -45.229  22.766  -4.663 0.0000000000
117056  -44.339  22.891  -3.955 0.0000000000
112455  -46.830  18.842  22.109 0.0000000000
113544  -47.034  19.652  22.241 0.0000000000
116847  -55.449  22.158  18.452 0.0000000000
106527  -58.031  13.349  16.546 0.0000000000
106540  -57.927  13.471  15.287 0.0000000000
107822  -55.631  13.549  15.405 0.0000000000
109141  -42.820  15.095  16.956 0.0000000000
118813  -52.242  25.194  20.073 0.0000000000
119704  -52.623  25.722  20.404 0.0000000000
120588  -53.359  26.814  20.334 0.0000000000
123619  -49.786  29.067  10.244 0.0000000000
119894  -60.240  25.181  2.232 0.0000000000
120732  -60.085  26.064  2.851 0.0000000000
118970  -60.142  24.774  2.325 0.0000000000
119859  -59.871  25.805  4.122 0.0000000000
117999  -59.513  23.924  1.801 0.0000000000
118950  -59.691  24.323  2.633 0.0000000000
114966  -48.199  20.497  -5.168 0.0000000000
114952  -47.830  20.430  -4.242 0.0000000000
115727  -49.562  21.557  19.959 0.0000000000
115728  -50.069  21.866  20.298 0.0000000000
118965  -54.101  24.805  1.007 0.0000000000
119869  -54.304  25.740  2.131 0.0000000000
118987  -54.653  24.224  0.159 0.0000000000
118105  -57.450  23.046  -5.412 0.0000000000
118081  -57.743  23.382  -3.804 0.0000000000
118094  -58.129  23.017  -4.552 0.0000000000
118082  -58.197  23.108  -4.032 0.0000000000
117080  -57.966  22.738  -4.760 0.0000000000
116006  -57.543  21.987  -4.777 0.0000000000
114993  -51.715  20.073  -7.965 0.0000000000
113900  -51.036  19.953  -7.491 0.0000000000
113894  -50.562  19.845  -6.889 0.0000000000
114992  -50.677  20.242  -7.834 0.0000000000
119744  -53.724  25.223  17.160 0.0000000000
114676  -44.394  20.184  18.475 0.0000000000
114705  -45.068  20.603  16.866 0.0000000000
123552  -45.811  29.619  14.167 0.0000000000
122532  -46.390  29.012  13.892 0.0000000000
124572  -46.082  30.117  14.148 0.0000000000
124588  -46.341  30.448  13.670 0.0000000000
124620  -45.812  30.571  11.855 0.0000000000
121656  -49.401  27.512  3.645 0.0000000000
121640  -49.767  28.053  4.161 0.0000000000
112570  -63.362  17.875  13.047 0.0000000000
112556  -62.994  17.868  13.175 0.0000000000
111494  -57.011  18.002  14.591 0.0000000000
112520  -55.963  18.090  16.064 0.0000000000
111474  -51.424  17.178  17.524 0.0000000000
112514  -51.816  19.127  18.809 0.0000000000
111472  -50.113  17.313  18.141 0.0000000000
111445  -48.699  18.255  19.634 0.0000000000
103891  -49.075  11.457  20.249 0.0000000000
106508  -50.052  13.783  18.196 0.0000000000
106509  -50.620  13.910  18.082 0.0000000000
107818  -50.844  14.685  17.765 0.0000000000
111441  -45.118  17.478  18.973 0.0000000000
111422  -44.420  17.573  19.988 0.0000000000
111440  -44.193  17.432  19.044 0.0000000000
115682  -56.677  21.728  22.477 0.0000000000
114572  -52.612  21.130  23.227 0.0000000000
119647  -54.188  24.776  23.150 0.0000000000
119648  -54.793  25.276  23.258 0.0000000000
119649  -55.231  24.955  23.475 0.0000000000
120537  -55.535  25.440  23.371 0.0000000000
157901  -56.101  26.197  23.095 0.0000000000
120536  -55.114  26.325  22.951 0.0000000000
123475  -56.170  28.790  20.180 0.0000000000
123476  -56.630  28.581  20.458 0.0000000000
123487  -57.044  28.733  19.818 0.0000000000
122494  -57.517  28.564  18.258 0.0000000000
117899  -48.500  23.373  15.300 0.0000000000
117887  -48.828  23.163  16.016 0.0000000000
118848  -49.054  24.004  15.288 0.0000000000
121570  -52.047  27.517  16.035 0.0000000000
121558  -52.303  27.028  16.591 0.0000000000
122520  -52.213  28.530  16.016 0.0000000000
122677  -55.332  28.190  5.194 0.0000000000
122642  -55.012  29.193  6.806 0.0000000000
123586  -56.423  29.541  12.338 0.0000000000
123558  -55.718  29.818  14.472 0.0000000000
123529  -55.511  29.716  16.487 0.0000000000
119828  -58.127  25.996  9.227 0.0000000000
120702  -58.292  26.417  9.931 0.0000000000
119827  -57.538  25.822  8.861 0.0000000000
119817  -57.465  26.060  9.574 0.0000000000
119835  -57.555  25.663  7.936 0.0000000000
119852  -57.258  25.285  5.977 0.0000000000
114864  -55.930  20.238  1.482 0.0000000000
113824  -55.423  19.136  1.758 0.0000000000
114927  -55.526  20.366  -2.764 0.0000000000
114908  -55.446  20.071  -1.824 0.0000000000
113822  -53.454  19.470  1.088 0.0000000000
114874  -52.005  20.775  0.396 0.0000000000
114861  -51.952  20.316  1.258 0.0000000000
115951  -51.088  21.010  -0.014 0.0000000000
115994  -45.784  21.472  -2.542 0.0000000000
112448  -48.953  18.887  22.230 0.0000000000
112447  -48.362  18.936  22.393 0.0000000000
114611  -47.405  20.109  21.935 0.0000000000
115726  -48.788  21.053  19.845 0.0000000000
117064  -54.786  22.768  -3.546 0.0000000000
117078  -54.733  22.714  -4.532 0.0000000000
117107  -55.817  22.836  -6.369 0.0000000000
117121  -55.851  22.389  -6.944 0.0000000000
117108  -56.418  22.693  -6.240 0.0000000000
116036  -55.861  22.204  -7.508 0.0000000000
116035  -55.751  21.955  -8.200 0.0000000000
116052  -53.580  21.627  -9.603 0.0000000000
116041  -53.872  21.247  -9.233 0.0000000000
115012  -52.565  20.935  -9.666 0.0000000000
117870  -54.171  23.828  18.840 0.0000000000
115820  -44.640  21.862  14.720 0.0000000000
116893  -44.232  22.495  14.220 0.0000000000
109160  -56.144  15.035  13.650 0.0000000000
110346  -55.209  16.064  14.681 0.0000000000
110307  -54.302  15.843  15.423 0.0000000000
111446  -53.852  16.871  15.598 0.0000000000
110305  -53.781  15.941  15.750 0.0000000000
111484  -52.845  17.098  16.990 0.0000000000
110353  -52.837  16.604  16.674 0.0000000000
109144  -44.827  15.962  16.879 0.0000000000
109124  -44.450  16.269  17.245 0.0000000000
109125  -45.262  16.537  17.265 0.0000000000
110324  -43.856  16.731  17.587 0.0000000000
111464  -41.456  17.154  17.675 0.0000000000
112512  -40.639  17.728  18.067 0.0000000000
116777  -52.433  23.000  22.616 0.0000000000
119667  -53.288  24.932  22.232 0.0000000000
119688  -53.831  26.084  21.986 0.0000000000
120549  -54.147  26.343  22.171 0.0000000000
120560  -53.901  26.530  21.620 0.0000000000
121518  -53.827  27.450  20.290 0.0000000000
121500  -54.163  27.100  21.304 0.0000000000
121519  -54.584  28.086  20.423 0.0000000000
122535  -49.181  28.694  14.467 0.0000000000
121582  -49.495  27.574  14.286 0.0000000000
123535  -49.438  29.905  14.963 0.0000000000
124592  -50.404  30.694  13.805 0.0000000000
124576  -50.212  30.543  14.606 0.0000000000
123537  -50.852  29.562  15.270 0.0000000000
124593  -51.453  30.598  13.711 0.0000000000
120730  -58.504  27.021  3.130 0.0000000000
122679  -57.451  28.265  5.255 0.0000000000
121648  -58.387  27.667  4.728 0.0000000000
121629  -58.718  27.766  6.629 0.0000000000
122646  -58.282  28.384  7.088 0.0000000000
122613  -57.805  28.837  8.449 0.0000000000
123627  -57.316  29.292  9.823 0.0000000000
122599  -57.855  28.799  9.391 0.0000000000
122583  -57.929  28.717  10.382 0.0000000000
121623  -58.668  27.706  8.467 0.0000000000
119857  -59.393  25.653  5.136 0.0000000000
120710  -59.082  26.507  7.706 0.0000000000
119854  -59.234  25.820  6.369 0.0000000000
119846  -59.041  25.988  7.360 0.0000000000
119856  -58.968  25.249  5.248 0.0000000000
118926  -58.688  25.153  5.260 0.0000000000
118011  -58.301  23.268  1.479 0.0000000000
117997  -57.919  23.655  2.140 0.0000000000
117007  -57.571  22.322  1.016 0.0000000000
115940  -56.664  21.261  1.121 0.0000000000
115941  -57.385  21.456  0.778 0.0000000000
113869  -51.313  19.868  -3.775 0.0000000000
114940  -51.868  20.107  -3.422 0.0000000000
114939  -51.017  19.960  -3.339 0.0000000000
114922  -50.652  20.306  -2.614 0.0000000000
114903  -50.395  20.743  -1.675 0.0000000000
114920  -48.759  20.445  -2.503 0.0000000000
115996  -47.114  20.815  -3.577 0.0000000000
117058  -46.049  21.629  -3.779 0.0000000000
113568  -53.996  19.931  20.412 0.0000000000
113547  -51.395  19.721  22.215 0.0000000000
113548  -52.391  19.941  21.651 0.0000000000
114614  -51.748  19.952  22.466 0.0000000000
114591  -51.754  20.097  22.751 0.0000000000
113526  -51.163  20.257  23.218 0.0000000000
114589  -49.779  20.192  22.795 0.0000000000
115676  -50.279  20.606  22.884 0.0000000000
115698  -51.298  22.236  21.936 0.0000000000
116795  -50.995  22.312  21.347 0.0000000000
116816  -51.461  23.142  20.808 0.0000000000
118798  -51.875  24.237  20.364 0.0000000000
122674  -52.052  28.232  5.008 0.0000000000
122657  -52.344  28.503  5.783 0.0000000000
120743  -54.634  26.198  2.661 0.0000000000
121661  -54.478  27.201  3.874 0.0000000000
120727  -55.113  26.656  3.331 0.0000000000
121645  -54.923  27.657  4.560 0.0000000000
120744  -55.742  26.188  2.748 0.0000000000
118067  -55.715  23.335  -2.324 0.0000000000
119007  -55.517  23.936  -0.398 0.0000000000
118054  -56.343  23.622  -1.677 0.0000000000
118989  -57.181  24.689  0.325 0.0000000000
119008  -56.695  24.087  -0.807 0.0000000000
119890  -57.007  25.433  1.283 0.0000000000
119872  -57.424  25.996  2.009 0.0000000000
119873  -58.041  26.214  1.952 0.0000000000
119906  -57.850  25.206  0.754 0.0000000000
118057  -59.185  23.549  -1.903 0.0000000000
119010  -59.071  24.653  -0.476 0.0000000000
119022  -59.353  24.098  -1.075 0.0000000000
119011  -59.697  24.188  -0.313 0.0000000000
117037  -59.386  22.613  -1.414 0.0000000000
115979  -59.130  21.741  -1.963 0.0000000000
114946  -57.280  21.053  -3.711 0.0000000000
114945  -56.686  20.775  -3.628 0.0000000000
114944  -55.755  20.635  -3.652 0.0000000000
116025  -55.100  21.264  -7.276 0.0000000000
114985  -55.441  21.288  -6.060 0.0000000000
114984  -54.866  21.041  -6.534 0.0000000000
114969  -52.117  20.207  -6.261 0.0000000000
114971  -54.269  20.664  -5.602 0.0000000000
113887  -52.245  20.014  -4.765 0.0000000000
113878  -52.212  20.035  -4.323 0.0000000000
113886  -51.657  19.896  -5.423 0.0000000000
113884  -49.727  19.805  -6.212 0.0000000000
113883  -49.207  19.868  -6.034 0.0000000000
113874  -49.240  19.777  -5.627 0.0000000000
114967  -48.834  20.257  -5.955 0.0000000000
119759  -53.563  25.719  15.309 0.0000000000
120641  -54.128  26.380  14.313 0.0000000000
113586  -45.326  19.743  20.252 0.0000000000
114633  -45.748  19.845  20.252 0.0000000000
114657  -45.463  19.989  19.572 0.0000000000
115804  -46.754  21.708  15.941 0.0000000000
115757  -46.702  20.923  17.267 0.0000000000
116883  -47.619  22.383  15.634 0.0000000000
116896  -47.379  22.724  14.777 0.0000000000
117922  -45.349  23.437  13.349 0.0000000000
116907  -46.083  22.860  13.766 0.0000000000
118882  -46.348  24.890  12.568 0.0000000000
120653  -47.192  26.523  12.933 0.0000000000
119778  -47.673  25.554  13.022 0.0000000000
118871  -48.083  24.647  13.540 0.0000000000
120654  -48.111  26.476  13.365 0.0000000000
121597  -48.566  27.513  13.814 0.0000000000
122552  -47.762  28.234  13.761 0.0000000000
124606  -47.540  30.728  12.904 0.0000000000
124632  -47.997  30.243  11.086 0.0000000000
124633  -48.395  30.069  11.136 0.0000000000
123618  -48.517  29.713  10.614 0.0000000000
123679  -46.177  28.875  7.723 0.0000000000
123640  -45.560  29.649  9.502 0.0000000000
123616  -46.371  29.975  10.377 0.0000000000
123663  -46.828  29.217  8.491 0.0000000000
122636  -48.734  28.652  6.340 0.0000000000
122606  -48.473  28.701  7.828 0.0000000000
122621  -48.965  28.608  7.186 0.0000000000
122607  -49.133  28.594  8.134 0.0000000000
122655  -50.348  28.552  5.615 0.0000000000
122638  -50.573  28.549  6.461 0.0000000000
120740  -51.414  26.557  2.473 0.0000000000
120724  -51.899  27.040  2.989 0.0000000000
119868  -52.389  26.187  1.884 0.0000000000
120753  -52.781  26.176  1.933 0.0000000000
119886  -52.519  25.691  1.582 0.0000000000
113655  -62.002  19.692  14.799 0.0000000000
113668  -60.876  19.314  14.573 0.0000000000
113653  -60.505  19.524  15.460 0.0000000000
113652  -59.692  19.353  15.847 0.0000000000
113632  -58.675  19.525  17.716 0.0000000000
113651  -58.999  19.345  16.014 0.0000000000
110384  -60.768  16.549  12.462 0.0000000000
109180  -61.422  15.642  12.637 0.0000000000
110372  -61.410  16.793  12.568 0.0000000000
110373  -62.343  16.481  12.709 0.0000000000
111515  -61.226  17.788  12.884 0.0000000000
111516  -62.113  17.580  12.911 0.0000000000
111514  -60.308  17.916  12.964 0.0000000000
112526  -57.826  18.887  15.912 0.0000000000
112540  -58.946  18.475  14.486 0.0000000000
113640  -57.564  19.382  17.345 0.0000000000
113641  -57.974  19.346  16.981 0.0000000000
113630  -57.085  19.550  18.152 0.0000000000
113608  -52.650  19.463  19.163 0.0000000000
112499  -54.988  17.854  16.034 0.0000000000
112518  -54.746  17.877  16.324 0.0000000000
112517  -53.837  19.264  18.010 0.0000000000
112484  -51.360  19.220  19.514 0.0000000000
112483  -50.562  18.946  19.962 0.0000000000
112482  -49.505  18.581  20.134 0.0000000000
106511  -57.283  13.423  18.113 0.0000000000
105172  -52.430  12.615  20.487 0.0000000000
105183  -52.646  12.704  20.125 0.0000000000
103921  -48.549  12.064  18.071 0.0000000000
103892  -49.506  11.553  20.204 0.0000000000
105201  -49.965  11.784  18.930 0.0000000000
106462  -51.486  12.491  18.741 0.0000000000
106464  -52.921  12.592  18.601 0.0000000000
107799  -53.941  13.170  16.957 0.0000000000
107801  -55.026  13.305  16.361 0.0000000000
109107  -54.463  14.059  15.835 0.0000000000
110331  -51.030  16.465  17.432 0.0000000000
111424  -46.356  17.617  20.059 0.0000000000
111410  -46.684  17.880  20.973 0.0000000000
111397  -45.373  18.114  21.526 0.0000000000
111396  -45.077  18.049  21.440 0.0000000000
111407  -43.723  17.915  20.554 0.0000000000
112467  -44.185  18.511  21.010 0.0000000000
111420  -42.589  17.638  19.550 0.0000000000
113582  -42.022  19.546  19.836 0.0000000000
113583  -43.036  19.421  19.961 0.0000000000
114654  -42.680  19.903  19.199 0.0000000000
114688  -43.193  20.566  17.383 0.0000000000
115748  -59.120  21.494  18.477 0.0000000000
116799  -57.884  21.769  20.919 0.0000000000
115730  -58.374  21.583  19.185 0.0000000000
116837  -57.729  21.800  19.755 0.0000000000
114639  -53.701  20.191  21.259 0.0000000000
114640  -54.708  20.285  21.040 0.0000000000
117792  -52.754  23.284  22.798 0.0000000000
116761  -54.490  22.740  23.611 0.0000000000
116778  -56.546  22.481  22.663 0.0000000000
116763  -56.002  23.041  23.287 0.0000000000
117810  -56.593  24.396  22.280 0.0000000000
117829  -56.697  23.681  22.159 0.0000000000
116797  -56.581  23.364  21.357 0.0000000000
117848  -55.760  24.045  20.753 0.0000000000
119705  -55.800  25.671  20.710 0.0000000000
118814  -54.423  24.697  19.142 0.0000000000
119723  -54.955  25.660  19.431 0.0000000000
122439  -55.372  27.325  22.411 0.0000000000
120616  -56.313  27.223  18.793 0.0000000000
120606  -56.349  27.036  19.564 0.0000000000
120615  -55.752  26.945  18.187 0.0000000000
120623  -54.769  26.456  16.864 0.0000000000
120643  -55.971  27.316  14.997 0.0000000000
120657  -54.949  26.680  13.498 0.0000000000
114679  -47.059  20.536  18.709 0.0000000000
114659  -47.090  20.455  19.852 0.0000000000
115742  -47.826  20.929  18.350 0.0000000000
116853  -48.953  21.970  17.548 0.0000000000
115744  -49.241  21.648  18.918 0.0000000000
120640  -50.126  26.479  14.577 0.0000000000
118849  -49.745  24.508  15.612 0.0000000000
119756  -50.481  25.671  15.385 0.0000000000
119749  -51.257  25.616  16.445 0.0000000000
118838  -50.687  24.528  16.647 0.0000000000
116855  -50.209  23.063  18.070 0.0000000000
118830  -50.932  24.104  17.787 0.0000000000
118821  -51.022  23.938  18.327 0.0000000000
119743  -52.061  25.800  17.884 0.0000000000
119734  -51.753  25.314  18.103 0.0000000000
119735  -52.205  25.792  18.471 0.0000000000
122640  -52.614  28.643  6.651 0.0000000000
122610  -52.025  28.547  8.416 0.0000000000
122581  -53.279  29.089  10.200 0.0000000000
122580  -52.522  28.863  10.161 0.0000000000
123622  -52.961  29.179  10.902 0.0000000000
123583  -53.170  29.754  12.399 0.0000000000
123668  -55.754  29.494  8.694 0.0000000000
123667  -54.974  29.513  9.040 0.0000000000
124581  -54.559  30.149  13.954 0.0000000000
123569  -54.485  29.978  13.229 0.0000000000
124580  -53.984  30.280  14.147 0.0000000000
124579  -53.197  30.429  14.376 0.0000000000
123539  -53.292  30.178  15.790 0.0000000000
123527  -53.361  29.755  16.239 0.0000000000
121547  -53.601  28.244  18.325 0.0000000000
121546  -53.081  27.413  18.282 0.0000000000
121538  -53.661  27.873  19.161 0.0000000000
123502  -55.319  29.477  18.218 0.0000000000
122493  -54.804  29.064  18.581 0.0000000000
122562  -58.102  28.520  12.234 0.0000000000
121587  -58.480  27.930  14.239 0.0000000000
122538  -58.276  28.389  14.642 0.0000000000
122521  -58.140  28.502  15.532 0.0000000000
124544  -57.109  29.542  17.925 0.0000000000
121563  -58.087  28.138  15.859 0.0000000000
121562  -57.775  27.898  16.268 0.0000000000
121599  -57.906  27.436  14.183 0.0000000000
120699  -56.222  26.164  9.914 0.0000000000
120680  -56.787  26.743  11.780 0.0000000000
120691  -55.750  26.294  10.577 0.0000000000
119809  -55.227  26.185  10.305 0.0000000000
119825  -55.546  25.731  8.622 0.0000000000
118939  -57.204  24.318  3.600 0.0000000000
118931  -56.516  24.696  4.321 0.0000000000
117981  -56.522  23.806  3.001 0.0000000000
115928  -54.801  21.444  2.512 0.0000000000
117994  -55.183  23.011  2.740 0.0000000000
114880  -59.227  20.767  -0.800 0.0000000000
114893  -58.832  20.003  -1.106 0.0000000000
112728  -57.467  17.881  -1.072 0.0000000000
111690  -58.251  17.647  -0.997 0.0000000000
111684  -57.832  17.166  -0.649 0.0000000000
111675  -57.800  17.027  0.370 0.0000000000
111682  -56.418  17.018  -0.109 0.0000000000
114906  -53.455  20.485  -1.674 0.0000000000
114892  -55.140  20.045  -1.113 0.0000000000
114891  -54.429  20.233  -0.788 0.0000000000
113832  -55.106  19.374  0.004 0.0000000000
111673  -56.007  17.109  0.429 0.0000000000
112709  -53.555  18.468  1.403 0.0000000000
111660  -53.429  17.400  1.353 0.0000000000
112700  -52.613  18.336  1.819 0.0000000000
114860  -51.319  20.418  1.695 0.0000000000
115938  -50.017  21.241  1.301 0.0000000000
115975  -48.681  21.086  -1.218 0.0000000000
115962  -47.479  21.463  -0.264 0.0000000000
115947  -47.263  21.667  0.822 0.0000000000
118099  -45.823  23.565  -5.549 0.0000000000
118098  -45.094  23.501  -5.110 0.0000000000
117070  -44.513  22.990  -4.493 0.0000000000
112446  -47.598  19.043  22.454 0.0000000000
113533  -47.460  19.531  22.453 0.0000000000
117092  -54.761  22.654  -5.571 0.0000000000
117119  -54.548  22.425  -7.789 0.0000000000
116043  -55.258  22.014  -9.176 0.0000000000
117142  -54.844  22.156  -9.349 0.0000000000
117141  -54.019  22.109  -9.463 0.0000000000
117151  -52.145  22.132  -10.369 0.0000000000
116892  -43.375  22.629  14.422 0.0000000000
117909  -43.809  23.171  13.837 0.0000000000
106552  -57.958  13.698  14.523 0.0000000000
109134  -55.123  14.723  15.006 0.0000000000
110306  -53.845  15.543  15.705 0.0000000000
110323  -42.904  16.555  17.434 0.0000000000
113614  -58.604  19.660  18.662 0.0000000000
114662  -56.536  20.108  20.249 0.0000000000
114641  -55.894  20.179  20.789 0.0000000000
117827  -52.149  23.934  21.378 0.0000000000
120559  -53.500  26.342  21.168 0.0000000000
124591  -49.355  30.720  13.833 0.0000000000
124624  -49.933  30.126  12.045 0.0000000000
123620  -50.975  28.905  10.840 0.0000000000
120748  -59.777  26.140  2.313 0.0000000000
121665  -58.890  27.194  3.827 0.0000000000
120731  -59.595  26.612  3.446 0.0000000000
121633  -59.225  27.116  5.190 0.0000000000
121630  -59.219  27.129  6.184 0.0000000000
121627  -59.052  27.120  7.135 0.0000000000
120714  -59.444  26.410  5.713 0.0000000000
118934  -59.574  25.364  4.367 0.0000000000
118940  -58.661  24.323  3.463 0.0000000000
118949  -59.023  23.959  2.817 0.0000000000
117998  -58.962  23.664  2.229 0.0000000000
117018  -58.318  21.957  0.547 0.0000000000
114954  -49.669  19.680  -4.512 0.0000000000
113589  -52.347  19.534  20.054 0.0000000000
117845  -51.027  23.175  19.800 0.0000000000
120725  -52.935  26.969  2.965 0.0000000000
121660  -53.395  27.314  3.737 0.0000000000
118966  -55.239  24.898  0.865 0.0000000000
118080  -56.933  23.463  -3.497 0.0000000000
118068  -56.635  23.515  -2.573 0.0000000000
118069  -57.599  23.605  -2.731 0.0000000000
119020  -57.774  24.000  -1.786 0.0000000000
118990  -58.387  24.785  0.136 0.0000000000
119031  -58.495  23.941  -2.205 0.0000000000
118070  -58.541  23.429  -2.841 0.0000000000
117050  -58.966  22.707  -2.828 0.0000000000
115988  -58.519  21.674  -2.831 0.0000000000
115998  -58.227  22.119  -3.992 0.0000000000
114961  -57.427  21.385  -4.135 0.0000000000
114995  -53.732  20.658  -7.646 0.0000000000
114983  -53.894  20.610  -6.617 0.0000000000
114981  -52.020  20.057  -7.108 0.0000000000
113895  -51.354  19.915  -6.447 0.0000000000
113893  -49.937  19.890  -6.825 0.0000000000
114979  -49.541  20.297  -6.963 0.0000000000
119760  -53.872  25.885  16.002 0.0000000000
114677  -45.284  20.234  18.575 0.0000000000
115781  -46.089  21.025  16.609 0.0000000000
120664  -45.989  25.739  12.581 0.0000000000
119788  -46.318  25.317  12.550 0.0000000000
120652  -46.237  26.500  12.721 0.0000000000
121595  -46.621  27.412  13.102 0.0000000000
122551  -46.961  28.250  13.576 0.0000000000
122533  -47.313  29.032  13.988 0.0000000000
124573  -47.004  30.213  14.122 0.0000000000
124621  -46.847  30.468  12.002 0.0000000000
124631  -47.104  30.298  11.137 0.0000000000
122619  -47.353  28.902  6.957 0.0000000000
123681  -47.553  28.923  7.508 0.0000000000
122635  -47.883  28.805  6.259 0.0000000000
122654  -49.408  28.558  5.564 0.0000000000
121657  -50.367  27.548  3.630 0.0000000000
120723  -50.919  27.004  3.094 0.0000000000
113670  -62.566  19.060  14.057 0.0000000000
113686  -62.895  18.420  13.679 0.0000000000
112544  -62.058  18.959  13.764 0.0000000000
112543  -61.393  18.995  13.930 0.0000000000
110382  -59.338  16.499  12.565 0.0000000000
111527  -59.716  17.246  12.645 0.0000000000
111513  -59.234  17.873  13.338 0.0000000000
111503  -58.334  18.011  13.808 0.0000000000
112530  -57.767  18.492  14.923 0.0000000000
113629  -55.951  19.554  18.366 0.0000000000
112523  -53.766  17.966  17.042 0.0000000000
112516  -53.158  19.207  18.148 0.0000000000
112493  -50.002  18.616  19.719 0.0000000000
105200  -49.084  12.990  18.089 0.0000000000
106485  -50.532  11.945  18.776 0.0000000000
106486  -51.232  12.125  18.747 0.0000000000
106487  -52.033  12.350  18.687 0.0000000000
105203  -51.184  13.606  18.242 0.0000000000
107797  -51.953  14.171  18.206 0.0000000000
107820  -52.206  14.722  17.889 0.0000000000
111442  -46.061  17.458  18.854 0.0000000000
111423  -45.409  17.596  20.034 0.0000000000
115731  -59.016  21.449  19.488 0.0000000000
116780  -57.512  21.963  21.533 0.0000000000
118749  -54.015  24.081  23.233 0.0000000000
117795  -54.885  23.595  23.672 0.0000000000
117796  -55.500  23.813  23.605 0.0000000000
118751  -55.096  24.428  23.562 0.0000000000
117811  -56.524  24.618  22.719 0.0000000000
118768  -56.513  24.904  22.096 0.0000000000
157893  -56.475  25.198  21.953 0.0000000000
119689  -56.353  25.839  21.602 0.0000000000
120575  -56.367  26.297  21.100 0.0000000000
122460  -55.205  28.207  20.965 0.0000000000
122449  -55.966  28.169  21.517 0.0000000000
123471  -56.368  28.365  21.018 0.0000000000
121521  -57.357  27.900  19.622 0.0000000000
121548  -56.040  27.244  17.587 0.0000000000
121560  -56.225  27.375  16.958 0.0000000000
121572  -56.512  27.451  15.983 0.0000000000
121584  -56.868  27.485  15.252 0.0000000000
115783  -47.944  21.662  16.986 0.0000000000
116869  -48.640  22.446  16.748 0.0000000000
117888  -49.466  23.439  16.397 0.0000000000
121569  -51.141  27.617  15.276 0.0000000000
120629  -51.250  26.471  15.792 0.0000000000
118831  -51.336  24.868  17.541 0.0000000000
120612  -52.081  26.345  17.145 0.0000000000
121559  -52.660  27.520  16.990 0.0000000000
122641  -53.746  28.812  6.767 0.0000000000
122611  -52.991  28.739  8.599 0.0000000000
122626  -54.040  29.100  7.858 0.0000000000
122598  -53.677  29.168  9.705 0.0000000000
123626  -56.552  29.459  10.212 0.0000000000
123625  -55.675  29.480  10.527 0.0000000000
123603  -55.551  29.544  11.506 0.0000000000
123570  -54.939  29.945  13.539 0.0000000000
124566  -54.487  30.194  14.555 0.0000000000
123540  -53.832  30.097  15.662 0.0000000000
123528  -54.433  29.748  16.311 0.0000000000
123530  -56.589  29.573  16.659 0.0000000000
120695  -58.685  26.881  10.061 0.0000000000
122563  -58.439  28.180  12.789 0.0000000000
120694  -58.326  26.960  10.990 0.0000000000
120682  -58.277  27.214  12.144 0.0000000000
120681  -57.748  26.782  11.965 0.0000000000
120669  -57.770  27.185  12.900 0.0000000000
120701  -57.508  26.317  10.158 0.0000000000
119816  -56.719  26.013  9.450 0.0000000000
119834  -56.492  25.595  7.769 0.0000000000
117006  -56.371  22.394  1.648 0.0000000000
116997  -56.097  22.883  2.135 0.0000000000
117005  -55.662  21.937  1.797 0.0000000000
115929  -55.293  21.415  1.994 0.0000000000
113862  -57.516  19.735  -2.241 0.0000000000
113854  -57.919  19.194  -1.906 0.0000000000
113853  -56.988  19.263  -1.717 0.0000000000
113845  -56.807  18.513  -0.990 0.0000000000
114890  -53.288  20.515  -0.722 0.0000000000
113831  -54.217  19.452  0.528 0.0000000000
115950  -50.327  21.219  0.353 0.0000000000
115974  -47.680  21.133  -1.471 0.0000000000
115973  -46.618  21.364  -1.034 0.0000000000
117031  -45.118  22.011  -1.260 0.0000000000
112459  -49.835  18.836  21.260 0.0000000000
113546  -50.085  19.209  21.947 0.0000000000
113545  -49.365  19.024  22.172 0.0000000000
114588  -48.783  20.001  22.620 0.0000000000
114637  -49.013  20.661  21.411 0.0000000000
119006  -54.887  23.840  -0.376 0.0000000000
117036  -54.725  23.108  -1.966 0.0000000000
117048  -54.962  22.979  -2.581 0.0000000000
117065  -55.525  23.103  -3.416 0.0000000000
117093  -55.622  23.036  -5.313 0.0000000000
118091  -56.258  23.324  -4.011 0.0000000000
118104  -56.962  23.190  -5.553 0.0000000000
117094  -57.103  22.766  -5.644 0.0000000000
116016  -56.642  22.136  -5.938 0.0000000000
116042  -54.694  21.507  -8.975 0.0000000000
115005  -54.427  21.028  -8.215 0.0000000000
115003  -52.626  20.574  -8.826 0.0000000000
115002  -51.654  20.447  -8.989 0.0000000000
114704  -44.097  20.712  16.368 0.0000000000
115802  -45.004  21.457  15.372 0.0000000000
115779  -44.577  21.132  15.815 0.0000000000
117921  -44.305  23.723  13.389 0.0000000000
118868  -44.803  24.383  12.877 0.0000000000
120663  -45.578  25.573  12.587 0.0000000000
109167  -56.599  15.772  13.485 0.0000000000
111480  -55.654  17.070  14.906 0.0000000000
111479  -55.064  17.188  15.393 0.0000000000
110334  -54.998  15.913  15.252 0.0000000000
111447  -54.378  17.036  15.419 0.0000000000
112524  -53.903  17.715  16.525 0.0000000000
111483  -50.954  16.958  17.417 0.0000000000
103908  -48.409  11.397  20.188 0.0000000000
103920  -48.114  11.892  17.977 0.0000000000
103931  -48.369  12.050  17.722 0.0000000000
103929  -47.765  12.297  17.404 0.0000000000
105230  -48.097  12.595  17.387 0.0000000000
105217  -48.605  12.861  17.637 0.0000000000
111468  -44.720  17.329  18.387 0.0000000000
111467  -44.043  17.257  18.207 0.0000000000
111438  -42.457  17.411  18.672 0.0000000000
111465  -42.283  17.105  17.849 0.0000000000
111437  -41.669  17.443  18.417 0.0000000000
116758  -51.905  22.130  22.925 0.0000000000
117809  -52.947  23.858  22.781 0.0000000000
120561  -54.342  26.721  22.019 0.0000000000
121486  -54.606  27.147  21.950 0.0000000000
122475  -55.797  28.797  20.012 0.0000000000
119780  -49.050  25.620  13.849 0.0000000000
118862  -49.520  24.935  14.836 0.0000000000
120639  -49.527  26.581  14.093 0.0000000000
121583  -50.319  27.609  14.833 0.0000000000
124560  -49.685  30.115  15.027 0.0000000000
123536  -50.007  29.709  15.135 0.0000000000
122518  -50.498  28.735  15.037 0.0000000000
124562  -51.064  30.187  15.209 0.0000000000
122678  -56.438  28.201  5.219 0.0000000000
122643  -56.187  28.995  6.475 0.0000000000
122661  -56.747  28.648  5.826 0.0000000000
123696  -56.675  29.185  6.895 0.0000000000
123669  -56.542  29.451  8.357 0.0000000000
122663  -58.230  28.375  6.208 0.0000000000
123670  -57.220  29.252  7.983 0.0000000000
123648  -56.545  29.481  9.250 0.0000000000
123587  -57.437  29.119  12.048 0.0000000000
122569  -58.003  28.630  11.392 0.0000000000
122584  -58.504  28.141  10.912 0.0000000000
121624  -59.024  27.155  8.055 0.0000000000
121621  -58.937  27.146  8.914 0.0000000000
121614  -58.608  27.447  10.346 0.0000000000
120703  -58.811  26.719  9.344 0.0000000000
119845  -58.497  25.643  7.133 0.0000000000
118925  -58.081  25.029  5.247 0.0000000000
113825  -56.310  19.008  1.237 0.0000000000
114925  -53.579  20.423  -2.605 0.0000000000
114923  -51.638  20.332  -2.570 0.0000000000
115967  -51.441  20.841  -0.655 0.0000000000
114887  -50.720  20.905  -1.057 0.0000000000
115976  -49.416  20.996  -1.304 0.0000000000
114901  -48.770  20.733  -1.783 0.0000000000
114919  -48.101  20.730  -2.204 0.0000000000
113592  -55.195  19.685  19.435 0.0000000000
114638  -53.179  20.068  21.401 0.0000000000
113549  -52.917  20.009  21.484 0.0000000000
115658  -51.278  20.902  23.327 0.0000000000
114590  -50.513  20.357  23.073 0.0000000000
113525  -50.855  20.121  23.175 0.0000000000
114570  -51.010  20.521  23.282 0.0000000000
117826  -51.712  23.462  21.051 0.0000000000
117847  -51.908  23.986  20.754 0.0000000000
122623  -50.793  28.475  7.358 0.0000000000
122609  -51.019  28.477  8.301 0.0000000000
122658  -53.432  28.488  5.886 0.0000000000
121644  -53.817  27.701  4.470 0.0000000000
121646  -56.056  27.674  4.596 0.0000000000
119889  -55.809  25.280  1.536 0.0000000000
119871  -56.355  25.742  2.132 0.0000000000
120728  -56.256  26.723  3.332 0.0000000000
121663  -56.758  27.248  3.944 0.0000000000
120729  -57.400  26.874  3.238 0.0000000000
120746  -57.961  26.555  2.446 0.0000000000
120755  -58.482  26.306  2.004 0.0000000000
118991  -58.917  24.993  0.014 0.0000000000
119907  -58.969  25.294  0.520 0.0000000000
119892  -59.337  25.688  1.339 0.0000000000
119908  -59.744  25.106  0.938 0.0000000000
118992  -59.802  24.315  0.565 0.0000000000
117026  -59.475  22.496  -0.477 0.0000000000
114894  -59.084  20.901  -1.464 0.0000000000
114911  -58.370  20.451  -2.013 0.0000000000
115987  -58.037  21.093  -3.014 0.0000000000
114928  -56.537  20.232  -2.685 0.0000000000
116015  -56.064  21.493  -5.810 0.0000000000
114973  -55.601  21.138  -5.320 0.0000000000
114958  -55.057  20.674  -4.722 0.0000000000
114942  -53.719  20.386  -3.529 0.0000000000
114955  -52.244  20.082  -3.944 0.0000000000
113876  -50.775  19.633  -4.868 0.0000000000
113867  -50.172  19.689  -4.455 0.0000000000
113563  -45.848  19.545  21.379 0.0000000000
114658  -46.305  20.194  19.651 0.0000000000
114692  -46.694  20.605  17.948 0.0000000000
116868  -47.894  21.963  16.457 0.0000000000
117913  -48.106  23.607  14.593 0.0000000000
115821  -45.538  21.902  14.789 0.0000000000
116895  -46.570  22.451  14.555 0.0000000000
118870  -46.975  24.644  12.878 0.0000000000
117912  -47.370  23.228  14.192 0.0000000000
118860  -48.008  23.936  14.042 0.0000000000
119767  -48.989  25.161  13.947 0.0000000000
120655  -48.980  26.318  13.764 0.0000000000
121581  -48.918  28.173  14.157 0.0000000000
123554  -47.668  29.709  14.354 0.0000000000
124574  -48.025  30.280  14.248 0.0000000000
124607  -48.542  30.666  12.863 0.0000000000
124623  -48.774  30.276  11.632 0.0000000000
123596  -48.845  29.888  11.179 0.0000000000
123644  -49.542  28.748  9.386 0.0000000000
123664  -47.820  28.900  8.225 0.0000000000
123642  -47.627  29.383  9.389 0.0000000000
122593  -49.514  28.614  8.832 0.0000000000
122608  -50.070  28.528  8.178 0.0000000000
122656  -51.319  28.500  5.691 0.0000000000
121642  -51.712  27.875  4.297 0.0000000000
121659  -52.342  27.391  3.673 0.0000000000
120754  -53.094  25.950  1.825 0.0000000000
118986  -53.497  24.314  0.379 0.0000000000
118985  -52.458  24.263  0.325 0.0000000000
113654  -61.295  19.746  15.205 0.0000000000
113644  -60.364  19.731  16.398 0.0000000000
113633  -59.478  19.692  17.530 0.0000000000
113612  -56.599  19.738  18.842 0.0000000000
112554  -61.780  18.423  13.360 0.0000000000
112542  -60.599  18.859  14.083 0.0000000000
111504  -59.049  18.242  13.971 0.0000000000
112531  -58.783  18.852  15.235 0.0000000000
112532  -59.672  19.008  15.019 0.0000000000
113588  -51.360  19.325  20.223 0.0000000000
113587  -50.621  19.114  20.593 0.0000000000
112496  -52.858  19.333  18.465 0.0000000000
112469  -48.115  18.444  21.346 0.0000000000
112456  -47.691  18.615  21.898 0.0000000000
105185  -54.157  13.191  20.238 0.0000000000
105205  -53.893  12.945  18.886 0.0000000000
105169  -50.052  11.797  20.395 0.0000000000
106446  -51.225  12.221  19.407 0.0000000000
106447  -52.112  12.462  20.247 0.0000000000
106490  -55.127  13.304  19.808 0.0000000000
106491  -56.018  13.337  19.382 0.0000000000
109108  -54.682  14.323  15.459 0.0000000000
109132  -53.194  15.930  17.410 0.0000000000
109131  -52.443  15.586  17.434 0.0000000000
109150  -52.908  16.123  16.899 0.0000000000
110332  -51.836  16.434  17.326 0.0000000000
107838  -48.997  14.517  17.398 0.0000000000
109148  -48.889  15.049  17.393 0.0000000000
109128  -49.448  15.876  17.664 0.0000000000
109127  -47.141  17.253  17.885 0.0000000000
110329  -49.563  16.749  18.035 0.0000000000
111398  -46.194  18.171  21.651 0.0000000000
113542  -45.473  19.150  21.535 0.0000000000
113541  -44.714  19.057  21.273 0.0000000000
112468  -44.754  18.244  21.293 0.0000000000
113561  -44.386  19.248  20.785 0.0000000000
114718  -43.582  20.999  15.997 0.0000000000
114717  -43.250  21.215  15.809 0.0000000000
114674  -42.371  20.428  18.332 0.0000000000
114703  -42.934  20.967  16.448 0.0000000000
115778  -42.816  21.310  15.945 0.0000000000
115747  -58.198  21.554  18.397 0.0000000000
115765  -57.919  21.464  17.478 0.0000000000
115746  -57.052  21.611  18.485 0.0000000000
113570  -55.675  19.861  20.042 0.0000000000
114618  -55.370  20.638  21.763 0.0000000000
115660  -52.952  21.831  23.388 0.0000000000
115680  -55.360  21.571  22.954 0.0000000000
115664  -56.190  22.216  22.859 0.0000000000
116764  -56.446  23.443  22.924 0.0000000000
116798  -56.943  22.741  21.458 0.0000000000
117860  -54.631  23.796  19.476 0.0000000000
121470  -55.383  26.828  22.750 0.0000000000
121487  -56.563  26.653  21.780 0.0000000000
120574  -56.074  26.290  20.547 0.0000000000
121488  -56.861  27.614  20.975 0.0000000000
120591  -56.420  26.757  20.336 0.0000000000
120590  -55.718  26.279  19.929 0.0000000000
120604  -55.103  26.349  18.757 0.0000000000
119745  -54.247  25.821  17.473 0.0000000000
114635  -47.291  20.322  20.869 0.0000000000
114660  -47.967  20.612  19.882 0.0000000000
115743  -48.415  21.159  18.823 0.0000000000
116843  -49.867  22.159  19.135 0.0000000000
118850  -50.450  24.982  15.907 0.0000000000
117889  -50.089  23.702  16.763 0.0000000000
117876  -49.756  23.217  17.105 0.0000000000
117858  -50.748  23.274  19.109 0.0000000000
118822  -51.361  24.459  18.548 0.0000000000
119722  -52.303  25.654  19.465 0.0000000000
122595  -51.295  28.517  9.222 0.0000000000
123621  -52.018  29.131  10.900 0.0000000000
123599  -51.555  29.662  11.809 0.0000000000
124610  -51.707  30.195  12.629 0.0000000000
124578  -52.269  30.486  14.546 0.0000000000
124563  -52.237  30.155  15.417 0.0000000000
123694  -55.294  29.406  7.471 0.0000000000
123666  -54.271  29.355  9.374 0.0000000000
123645  -54.179  29.348  10.104 0.0000000000
123624  -54.773  29.465  10.738 0.0000000000
123602  -54.542  29.583  11.653 0.0000000000
123601  -53.549  29.538  11.675 0.0000000000
124595  -53.396  30.288  13.586 0.0000000000
123526  -52.625  29.720  16.023 0.0000000000
122509  -53.600  29.205  16.818 0.0000000000
123485  -55.959  29.179  19.538 0.0000000000
123559  -57.005  29.511  14.539 0.0000000000
123543  -57.272  29.416  15.818 0.0000000000
122554  -58.387  28.281  13.704 0.0000000000
123560  -57.889  29.023  15.134 0.0000000000
123519  -56.931  29.541  17.512 0.0000000000
124542  -56.425  29.624  18.356 0.0000000000
124527  -56.765  29.521  18.579 0.0000000000
123505  -57.179  29.164  18.904 0.0000000000
121550  -57.666  28.056  17.380 0.0000000000
121573  -57.350  27.638  15.736 0.0000000000
120644  -56.888  27.442  14.747 0.0000000000
120668  -56.890  27.021  12.801 0.0000000000
120667  -55.873  26.767  12.641 0.0000000000
117995  -55.903  23.222  2.546 0.0000000000
117980  -55.531  23.615  3.123 0.0000000000
117019  -59.236  22.489  0.405 0.0000000000
115955  -58.771  21.130  0.235 0.0000000000
114878  -58.207  19.983  0.176 0.0000000000
113846  -58.523  18.977  -0.690 0.0000000000
113836  -58.337  18.914  -0.036 0.0000000000
113835  -57.847  18.845  0.424 0.0000000000
113834  -57.007  18.900  0.640 0.0000000000
112721  -56.646  17.925  0.847 0.0000000000
113844  -55.969  19.146  -0.791 0.0000000000
113833  -55.653  18.634  -0.130 0.0000000000
112720  -55.992  17.828  -0.149 0.0000000000
111664  -56.286  17.340  0.852 0.0000000000
111663  -55.901  17.227  1.175 0.0000000000
111662  -55.632  17.006  1.078 0.0000000000
110527  -55.683  16.291  0.568 0.0000000000
111661  -54.682  17.421  0.867 0.0000000000
110533  -55.208  15.773  0.441 0.0000000000
109345  -54.512  15.236  0.543 0.0000000000
113811  -51.575  19.457  2.145 0.0000000000
115949  -49.307  21.510  0.487 0.0000000000
115960  -45.728  21.796  0.278 0.0000000000
116049  -50.709  21.459  -9.548 0.0000000000
116024  -49.016  20.972  -6.893 0.0000000000
117101  -48.386  21.807  -6.936 0.0000000000
116023  -48.461  21.277  -6.439 0.0000000000
116022  -47.751  21.546  -5.999 0.0000000000
117086  -47.267  21.903  -5.874 0.0000000000
117099  -46.801  22.878  -6.320 0.0000000000
116012  -46.677  21.609  -4.715 0.0000000000
117072  -46.003  21.933  -4.410 0.0000000000
117057  -45.432  22.098  -3.465 0.0000000000
103907  -46.852  11.548  18.373 0.0000000000
103910  -49.136  11.464  19.993 0.0000000000
103930  -48.090  12.143  17.560 0.0000000000
105182  -50.216  11.838  18.815 0.0000000000
105219  -50.968  13.686  18.109 0.0000000000
105220  -51.083  13.618  18.140 0.0000000000
105231  -48.473  12.322  17.661 0.0000000000
106445  -50.794  12.090  19.319 0.0000000000
106460  -50.542  11.963  18.996 0.0000000000
107796  -49.676  13.825  18.081 0.0000000000
107872  -57.362  15.400  13.331 0.0000000000
109133  -55.104  14.939  14.861 0.0000000000
109149  -52.754  16.219  16.775 0.0000000000
109158  -52.877  16.343  16.557 0.0000000000
109159  -52.892  16.242  16.608 0.0000000000
109166  -56.591  15.840  13.566 0.0000000000
109174  -56.834  16.160  13.651 0.0000000000
109175  -57.039  15.835  13.395 0.0000000000
109176  -57.635  15.734  13.162 0.0000000000
109192  -61.068  16.230  12.462 0.0000000000
109346  -55.527  15.270  0.311 0.0000000000
110342  -50.668  16.934  17.445 0.0000000000
110343  -50.765  16.812  17.394 0.0000000000
110345  -53.144  16.474  16.985 0.0000000000
110354  -52.954  16.411  16.644 0.0000000000
110363  -56.018  16.014  13.678 0.0000000000
110368  -56.994  15.963  13.831 0.0000000000
110375  -63.975  16.810  13.127 0.0000000000
110383  -60.127  16.569  12.413 0.0000000000
110534  -55.841  15.615  0.306 0.0000000000
110536  -57.595  16.777  0.237 0.0000000000
110537  -57.910  16.674  0.133 0.0000000000
110538  -58.102  16.809  -0.154 0.0000000000
110544  -57.504  16.633  0.077 0.0000000000
110545  -57.779  16.703  -0.218 0.0000000000
110546  -58.019  16.870  -0.394 0.0000000000
111448  -54.757  17.059  15.415 0.0000000000
111449  -55.126  16.564  15.526 0.0000000000
111482  -50.789  17.003  17.402 0.0000000000
111485  -53.276  17.074  17.157 0.0000000000
111492  -52.892  16.847  16.685 0.0000000000
111493  -52.993  16.767  16.758 0.0000000000
111518  -63.991  17.670  13.008 0.0000000000
111526  -58.818  17.024  12.779 0.0000000000
111676  -58.236  17.124  0.071 0.0000000000
111683  -57.178  16.919  -0.344 0.0000000000
111685  -58.182  17.313  -0.533 0.0000000000
111689  -58.121  17.450  -0.968 0.0000000000
112452  -44.463  18.799  21.258 0.0000000000
112498  -54.804  17.671  15.907 0.0000000000
112541  -59.705  18.605  14.172 0.0000000000
112553  -60.941  18.417  13.475 0.0000000000
112571  -63.875  17.990  13.181 0.0000000000
112722  -57.427  17.810  0.515 0.0000000000
112729  -57.947  17.521  -1.115 0.0000000000
112730  -58.323  17.964  -0.288 0.0000000000
112735  -58.140  18.026  -1.398 0.0000000000
112736  -58.450  18.048  -0.970 0.0000000000
113532  -46.988  19.331  22.312 0.0000000000
113594  -57.341  20.127  19.819 0.0000000000
113642  -58.663  19.427  16.640 0.0000000000
113812  -52.093  18.904  2.008 0.0000000000
113855  -58.390  19.049  -1.372 0.0000000000
113861  -57.156  19.884  -2.403 0.0000000000
114706  -45.581  20.594  17.186 0.0000000000
114741  -62.883  19.211  14.039 0.0000000000
114853  -55.401  20.737  1.792 0.0000000000
114877  -57.475  19.923  0.547 0.0000000000
114912  -58.853  21.077  -1.879 0.0000000000
114930  -58.137  20.917  -2.680 0.0000000000
114960  -56.970  21.235  -4.354 0.0000000000
114978  -48.977  20.686  -6.533 0.0000000000
115004  -53.685  20.861  -8.677 0.0000000000
115780  -45.158  21.101  16.092 0.0000000000
115800  -42.892  21.766  15.342 0.0000000000
115818  -43.228  22.156  14.821 0.0000000000
115953  -57.193  20.762  0.738 0.0000000000
115954  -57.876  21.014  0.486 0.0000000000
115966  -51.027  20.884  -0.636 0.0000000000
115968  -59.371  21.624  -1.029 0.0000000000
115977  -49.890  20.928  -1.449 0.0000000000
115989  -59.018  22.230  -2.487 0.0000000000
116004  -56.088  21.295  -5.205 0.0000000000
116007  -58.009  22.423  -4.474 0.0000000000
116032  -48.775  21.465  -7.074 0.0000000000
116054  -55.106  22.072  -9.445 0.0000000000
116838  -58.388  21.615  19.680 0.0000000000
116908  -46.517  22.908  13.903 0.0000000000
117008  -58.751  22.699  1.050 0.0000000000
117009  -59.287  23.008  1.038 0.0000000000
117049  -55.558  23.187  -2.861 0.0000000000
117081  -58.232  22.734  -4.274 0.0000000000
117095  -57.607  22.743  -5.235 0.0000000000
117143  -55.118  22.131  -9.278 0.0000000000
117828  -56.531  23.988  21.807 0.0000000000
117867  -50.627  23.501  18.313 0.0000000000
117911  -46.792  22.965  13.974 0.0000000000
118039  -55.821  23.693  -1.010 0.0000000000
118040  -59.526  23.431  -0.851 0.0000000000
118052  -54.652  23.327  -1.418 0.0000000000
118053  -55.440  23.463  -1.524 0.0000000000
118055  -57.088  23.684  -2.060 0.0000000000
118056  -58.811  23.871  -2.176 0.0000000000
118066  -55.087  23.222  -1.951 0.0000000000
118071  -59.074  23.175  -2.510 0.0000000000
118093  -57.750  23.176  -4.836 0.0000000000
118103  -56.320  23.329  -4.987 0.0000000000
118114  -56.445  23.037  -6.043 0.0000000000
118118  -46.773  23.837  -6.872 0.0000000000
118737  -56.494  25.272  22.342 0.0000000000
118752  -55.494  24.606  23.531 0.0000000000
118769  -56.547  24.794  22.395 0.0000000000
118785  -56.344  25.056  21.675 0.0000000000
118801  -55.926  24.823  21.072 0.0000000000
118872  -48.664  24.894  13.834 0.0000000000
118883  -46.619  25.113  12.602 0.0000000000
118942  -60.245  25.304  3.145 0.0000000000
118951  -60.274  24.971  2.798 0.0000000000
118968  -56.921  25.064  0.827 0.0000000000
118969  -59.943  24.613  1.644 0.0000000000
119706  -56.146  25.566  21.261 0.0000000000
119748  -50.800  25.285  16.036 0.0000000000
119755  -49.878  25.275  14.975 0.0000000000
119768  -49.520  25.574  14.295 0.0000000000
119776  -45.272  25.165  12.628 0.0000000000
119787  -45.889  25.164  12.491 0.0000000000
119836  -58.492  25.866  8.216 0.0000000000
119837  -58.966  26.090  7.893 0.0000000000
119860  -60.128  25.746  3.335 0.0000000000
119874  -60.131  25.689  2.274 0.0000000000
119875  -60.252  25.568  2.724 0.0000000000
119887  -53.586  25.502  1.664 0.0000000000
119905  -57.226  25.117  0.802 0.0000000000
119916  -59.168  24.960  0.037 0.0000000000
120562  -56.452  26.253  21.600 0.0000000000
120589  -55.365  26.273  19.318 0.0000000000
120622  -52.312  26.732  16.983 0.0000000000
120651  -45.210  26.191  12.711 0.0000000000
120661  -58.265  27.579  13.476 0.0000000000
120670  -58.231  27.501  12.990 0.0000000000
120693  -57.607  26.653  10.923 0.0000000000
120700  -56.741  26.242  10.061 0.0000000000
120709  -58.893  26.245  8.254 0.0000000000
120749  -60.129  25.917  2.513 0.0000000000
120756  -59.110  26.162  1.830 0.0000000000
120757  -59.588  25.915  1.776 0.0000000000
121471  -55.850  26.619  22.934 0.0000000000
121476  -55.086  27.057  22.519 0.0000000000
121477  -55.478  27.099  22.635 0.0000000000
121502  -56.753  27.156  20.800 0.0000000000
121503  -57.131  27.798  20.405 0.0000000000
121520  -56.846  27.444  19.995 0.0000000000
121539  -56.978  27.523  19.111 0.0000000000
121549  -56.745  27.548  17.931 0.0000000000
121551  -57.906  28.203  16.560 0.0000000000
121574  -57.976  27.806  15.397 0.0000000000
121575  -58.347  28.028  15.068 0.0000000000
121585  -57.526  27.535  14.833 0.0000000000
121586  -58.179  27.704  14.606 0.0000000000
121600  -58.283  27.615  13.915 0.0000000000
121603  -58.438  27.733  12.452 0.0000000000
121607  -58.489  27.589  11.469 0.0000000000
121615  -58.841  27.112  9.628 0.0000000000
121620  -58.639  27.607  9.370 0.0000000000
121639  -48.812  28.033  4.151 0.0000000000
121649  -59.257  27.063  4.239 0.0000000000
121658  -51.339  27.516  3.622 0.0000000000
121664  -57.900  27.428  3.838 0.0000000000
121666  -59.309  26.984  3.809 0.0000000000
122440  -55.704  27.449  22.375 0.0000000000
122450  -56.677  27.988  21.224 0.0000000000
122462  -56.965  28.366  20.586 0.0000000000
122463  -57.202  28.304  20.124 0.0000000000
122476  -57.375  28.444  19.257 0.0000000000
122502  -57.642  28.599  17.522 0.0000000000
122503  -57.783  28.485  16.985 0.0000000000
122510  -57.975  28.531  16.324 0.0000000000
122553  -57.967  28.698  13.019 0.0000000000
122596  -52.241  28.642  9.329 0.0000000000
122612  -53.703  29.101  8.931 0.0000000000
122614  -58.317  28.272  8.928 0.0000000000
122628  -57.733  28.804  7.565 0.0000000000
122629  -58.318  28.356  7.998 0.0000000000
122644  -56.995  28.936  6.393 0.0000000000
122645  -57.584  28.769  6.718 0.0000000000
122672  -50.083  28.381  4.835 0.0000000000
122680  -58.121  28.252  5.505 0.0000000000
123470  -56.186  28.536  20.776 0.0000000000
123477  -56.974  28.536  20.261 0.0000000000
123504  -56.516  29.391  19.051 0.0000000000
123520  -57.453  29.152  17.738 0.0000000000
123532  -57.757  28.886  16.895 0.0000000000
123544  -57.934  29.041  16.117 0.0000000000
123556  -49.613  29.252  14.882 0.0000000000
123557  -54.944  30.038  14.375 0.0000000000
123581  -51.834  29.874  12.245 0.0000000000
123584  -54.227  29.846  12.724 0.0000000000
123598  -50.392  29.545  11.418 0.0000000000
123600  -52.579  29.499  11.654 0.0000000000
123623  -53.843  29.344  10.776 0.0000000000
123682  -54.370  29.333  8.651 0.0000000000
123683  -54.979  29.476  8.134 0.0000000000
123684  -55.833  29.450  7.874 0.0000000000
123685  -56.569  29.350  7.558 0.0000000000
123686  -57.170  29.132  7.222 0.0000000000
123697  -57.117  29.044  6.776 0.0000000000
124526  -56.438  29.527  18.682 0.0000000000
124528  -57.095  29.477  18.268 0.0000000000
124543  -56.769  29.678  18.079 0.0000000000
124554  -52.925  30.180  15.804 0.0000000000
124564  -53.094  30.352  15.270 0.0000000000
124575  -49.238  30.335  14.590 0.0000000000
124596  -54.228  30.086  13.433 0.0000000000
124597  -54.598  30.075  13.646 0.0000000000
124605  -46.570  30.642  12.872 0.0000000000
124609  -50.668  30.486  12.866 0.0000000000
124611  -52.780  30.133  12.917 0.0000000000
124612  -53.652  30.042  13.014 0.0000000000
124622  -47.799  30.541  11.925 0.0000000000
124626  -51.389  29.992  12.191 0.0000000000
157892  -56.481  25.580  22.032 0.0000000000
157894  -56.423  25.836  22.485 0.0000000000
157895  -56.446  26.084  21.798 0.0000000000
157896  -56.440  25.832  21.833 0.0000000000
157897  -56.419  25.598  21.790 0.0000000000
157899  -56.457  25.858  22.171 0.0000000000
157902  -56.148  26.419  22.970 0.0000000000
157903  -56.210  25.949  23.035 0.0000000000
