#!ascii label  , from subject S2_Demo vox2ras=TkReg
905
79546  -31.303  -6.484  40.325 0.0000000000
75599  -16.714  -9.512  43.253 0.0000000000
72760  -24.877  -10.833  40.519 0.0000000000
94918  -51.364  4.404  20.723 0.0000000000
94971  -55.509  4.679  16.798 0.0000000000
79387  -10.273  -6.498  47.144 0.0000000000
96283  -46.589  5.658  21.970 0.0000000000
79569  -34.569  -6.461  38.608 0.0000000000
75663  -28.173  -8.985  38.533 0.0000000000
78119  -13.542  -7.411  44.719 0.0000000000
74176  -13.458  -11.752  48.557 0.0000000000
85188  -28.113  -2.280  37.411 0.0000000000
82487  -31.235  -4.072  36.336 0.0000000000
75604  -20.776  -10.112  42.780 0.0000000000
85144  -24.633  -2.508  41.565 0.0000000000
86683  -42.064  -1.750  26.782 0.0000000000
90753  -45.044  1.782  24.555 0.0000000000
92136  -49.209  1.919  23.475 0.0000000000
71133  -6.772  -13.014  50.634 0.0000000000
68310  -4.522  -14.314  53.247 0.0000000000
85269  -32.257  -3.646  33.965 0.0000000000
85315  -34.881  -3.711  31.465 0.0000000000
84059  -38.504  -3.534  28.381 0.0000000000
72611  -9.512  -12.462  48.733 0.0000000000
74230  -17.131  -10.648  45.356 0.0000000000
75571  -19.143  -10.250  45.102 0.0000000000
79582  -29.206  -7.399  38.881 0.0000000000
79474  -15.861  -6.290  43.837 0.0000000000
76876  -14.628  -8.454  43.996 0.0000000000
75550  -15.133  -10.657  45.535 0.0000000000
89145  -28.195  0.340  41.222 0.0000000000
86455  -26.247  -0.536  39.669 0.0000000000
89420  -41.476  0.950  24.784 0.0000000000
89401  -43.256  0.652  25.681 0.0000000000
92105  -43.314  2.636  24.003 0.0000000000
93528  -47.842  3.406  21.548 0.0000000000
92165  -49.956  2.477  21.604 0.0000000000
90777  -51.677  1.627  23.357 0.0000000000
90812  -52.617  1.855  20.670 0.0000000000
90814  -54.617  1.492  20.585 0.0000000000
86525  -31.530  -1.393  36.786 0.0000000000
83945  -32.115  -4.115  34.954 0.0000000000
86555  -31.395  -1.491  34.336 0.0000000000
86613  -32.232  -1.657  30.568 0.0000000000
85344  -34.874  -2.401  29.056 0.0000000000
82629  -36.056  -4.156  29.542 0.0000000000
85360  -36.989  -2.454  28.105 0.0000000000
85392  -38.746  -1.848  26.809 0.0000000000
72732  -22.714  -10.949  41.699 0.0000000000
75510  -8.358  -9.590  48.423 0.0000000000
75529  -9.450  -9.958  47.146 0.0000000000
66766  -4.902  -15.990  56.213 0.0000000000
66750  -3.703  -16.190  56.901 0.0000000000
97713  -44.776  6.284  23.716 0.0000000000
81086  -36.826  -5.315  38.321 0.0000000000
74315  -26.643  -10.885  39.308 0.0000000000
78104  -11.725  -7.258  45.955 0.0000000000
74211  -11.331  -10.874  46.174 0.0000000000
74227  -13.138  -10.330  45.241 0.0000000000
96374  -56.055  5.520  15.689 0.0000000000
81098  -28.416  -5.754  36.532 0.0000000000
79621  -30.707  -6.704  36.548 0.0000000000
83905  -30.024  -3.620  36.974 0.0000000000
78171  -17.343  -7.566  42.549 0.0000000000
75616  -18.851  -9.341  42.486 0.0000000000
78174  -19.869  -7.404  41.487 0.0000000000
76926  -22.017  -8.465  40.720 0.0000000000
76928  -23.903  -8.799  41.092 0.0000000000
79503  -25.029  -6.529  42.065 0.0000000000
78197  -24.742  -7.604  40.671 0.0000000000
81067  -24.589  -5.681  39.261 0.0000000000
81096  -26.316  -5.516  36.515 0.0000000000
85346  -42.198  -2.769  30.055 0.0000000000
93517  -45.384  3.682  22.322 0.0000000000
90755  -46.952  1.664  24.452 0.0000000000
92189  -55.908  1.846  19.456 0.0000000000
71118  -5.692  -13.166  51.642 0.0000000000
68312  -6.580  -15.061  54.343 0.0000000000
79622  -32.401  -6.698  36.427 0.0000000000
79638  -34.191  -6.097  35.440 0.0000000000
83965  -35.422  -4.209  34.660 0.0000000000
86582  -31.446  -1.413  32.287 0.0000000000
85303  -34.039  -3.412  32.476 0.0000000000
85292  -36.200  -3.626  33.494 0.0000000000
83980  -36.699  -4.181  32.961 0.0000000000
82601  -38.457  -4.670  31.497 0.0000000000
84027  -40.643  -3.901  30.602 0.0000000000
85377  -40.244  -2.812  27.802 0.0000000000
88038  -40.092  -0.520  25.645 0.0000000000
75573  -20.968  -10.027  45.322 0.0000000000
74144  -6.791  -10.585  49.974 0.0000000000
71149  -8.216  -12.755  49.467 0.0000000000
72633  -12.028  -12.262  48.317 0.0000000000
68237  -2.261  -16.049  55.525 0.0000000000
74246  -17.268  -10.498  44.505 0.0000000000
74231  -17.901  -10.487  45.185 0.0000000000
74247  -18.006  -10.430  44.374 0.0000000000
79583  -29.687  -7.117  38.566 0.0000000000
76890  -16.154  -8.345  42.979 0.0000000000
76877  -15.345  -8.369  43.502 0.0000000000
75598  -15.891  -9.203  43.412 0.0000000000
74244  -15.665  -10.516  44.869 0.0000000000
93492  -41.747  2.859  24.501 0.0000000000
92104  -42.247  2.453  24.344 0.0000000000
93506  -42.796  3.976  23.931 0.0000000000
94917  -50.248  4.512  20.806 0.0000000000
93530  -50.082  3.398  20.821 0.0000000000
93538  -50.559  2.898  20.718 0.0000000000
90810  -50.955  1.993  21.206 0.0000000000
92177  -51.800  2.451  20.595 0.0000000000
92178  -52.670  2.482  20.358 0.0000000000
85246  -31.498  -2.011  35.775 0.0000000000
86631  -34.113  -1.582  29.127 0.0000000000
84056  -35.927  -2.784  28.644 0.0000000000
86649  -36.680  -1.714  28.230 0.0000000000
88003  -37.574  -1.267  27.789 0.0000000000
74287  -23.652  -10.537  40.996 0.0000000000
72697  -24.470  -12.091  43.234 0.0000000000
71226  -25.323  -12.216  42.311 0.0000000000
78089  -9.071  -7.958  47.683 0.0000000000
78090  -9.737  -7.582  47.047 0.0000000000
93577  -56.894  3.885  17.656 0.0000000000
66765  -3.799  -15.950  55.976 0.0000000000
81052  -34.805  -6.095  40.456 0.0000000000
81071  -35.564  -6.116  39.093 0.0000000000
75661  -26.565  -9.873  38.593 0.0000000000
75643  -28.867  -9.745  40.248 0.0000000000
79426  -13.898  -6.432  44.944 0.0000000000
79425  -12.972  -6.413  45.424 0.0000000000
79407  -12.656  -5.998  46.050 0.0000000000
78118  -12.789  -7.484  44.965 0.0000000000
76864  -11.957  -8.503  45.262 0.0000000000
75567  -13.223  -9.525  44.972 0.0000000000
74199  -16.111  -11.007  47.146 0.0000000000
74198  -15.304  -11.255  47.178 0.0000000000
82484  -28.236  -4.568  36.459 0.0000000000
82485  -29.410  -4.914  36.475 0.0000000000
83881  -28.771  -2.909  37.413 0.0000000000
79496  -18.614  -6.343  42.085 0.0000000000
78173  -18.801  -7.388  41.782 0.0000000000
79497  -19.597  -6.332  41.725 0.0000000000
78176  -21.439  -6.998  41.387 0.0000000000
78194  -22.942  -7.497  41.478 0.0000000000
76942  -22.334  -8.690  40.761 0.0000000000
78178  -23.884  -7.273  42.122 0.0000000000
86425  -24.877  -1.612  43.754 0.0000000000
82429  -24.968  -4.446  41.776 0.0000000000
78180  -24.726  -7.179  41.403 0.0000000000
79521  -24.854  -6.581  41.085 0.0000000000
79543  -24.711  -6.715  40.061 0.0000000000
83861  -24.616  -3.433  39.948 0.0000000000
86473  -26.603  -0.780  38.910 0.0000000000
85186  -25.583  -2.217  37.750 0.0000000000
83902  -26.835  -3.226  36.629 0.0000000000
81097  -27.372  -5.558  36.445 0.0000000000
85379  -42.226  -2.218  27.940 0.0000000000
85363  -42.627  -2.435  28.956 0.0000000000
86665  -42.503  -1.920  27.496 0.0000000000
89402  -44.188  0.910  25.707 0.0000000000
88021  -44.275  0.022  26.597 0.0000000000
97722  -45.623  6.288  22.961 0.0000000000
94906  -44.740  4.495  22.556 0.0000000000
96298  -46.123  4.765  21.853 0.0000000000
92153  -48.949  2.232  22.579 0.0000000000
92152  -47.886  2.393  22.676 0.0000000000
92135  -48.268  2.021  23.474 0.0000000000
92079  -48.069  1.964  24.856 0.0000000000
90827  -55.067  1.608  19.877 0.0000000000
92188  -54.881  1.968  19.249 0.0000000000
92201  -55.530  2.486  18.699 0.0000000000
72571  -6.247  -11.697  50.988 0.0000000000
72552  -5.536  -11.823  51.816 0.0000000000
71119  -6.096  -13.048  51.135 0.0000000000
68313  -7.222  -14.559  54.100 0.0000000000
68281  -6.777  -15.015  56.184 0.0000000000
82509  -31.016  -5.196  36.073 0.0000000000
79605  -31.807  -7.147  36.975 0.0000000000
82510  -31.843  -4.782  35.741 0.0000000000
83962  -32.253  -3.870  34.372 0.0000000000
82530  -32.711  -5.196  35.091 0.0000000000
82549  -33.882  -4.753  34.497 0.0000000000
82532  -35.182  -5.024  35.087 0.0000000000
83979  -33.712  -3.895  33.858 0.0000000000
87936  -31.574  -0.816  31.656 0.0000000000
85329  -33.874  -3.200  30.169 0.0000000000
85313  -33.009  -3.125  31.674 0.0000000000
85314  -34.029  -3.426  31.328 0.0000000000
85291  -35.087  -3.550  33.378 0.0000000000
85304  -35.098  -3.592  32.392 0.0000000000
83993  -35.481  -3.987  31.897 0.0000000000
84041  -37.681  -3.943  28.916 0.0000000000
82615  -37.232  -4.640  30.454 0.0000000000
82632  -38.679  -4.317  29.893 0.0000000000
82618  -39.904  -4.335  30.877 0.0000000000
84043  -39.530  -3.960  29.538 0.0000000000
84061  -40.339  -3.295  28.798 0.0000000000
84076  -39.299  -3.167  27.998 0.0000000000
89375  -38.783  -0.198  26.282 0.0000000000
88017  -39.262  -0.619  26.035 0.0000000000
89376  -39.254  0.442  25.981 0.0000000000
75603  -20.121  -9.902  43.101 0.0000000000
75588  -20.097  -9.973  44.216 0.0000000000
75589  -20.815  -10.127  43.947 0.0000000000
72630  -8.953  -11.515  48.120 0.0000000000
72629  -8.055  -11.314  48.580 0.0000000000
71150  -9.164  -12.840  49.496 0.0000000000
74212  -12.439  -10.971  46.043 0.0000000000
74194  -10.955  -11.400  46.894 0.0000000000
74175  -12.713  -12.090  48.174 0.0000000000
74200  -16.963  -10.633  47.147 0.0000000000
75532  -18.430  -10.323  47.016 0.0000000000
75552  -19.375  -10.010  46.110 0.0000000000
75553  -20.218  -9.622  46.263 0.0000000000
76977  -28.161  -8.330  38.391 0.0000000000
76945  -29.180  -8.560  40.031 0.0000000000
79451  -15.379  -6.255  44.143 0.0000000000
78134  -15.008  -7.332  44.026 0.0000000000
76867  -14.012  -8.465  44.454 0.0000000000
75568  -13.969  -9.718  44.655 0.0000000000
75569  -14.941  -10.241  44.891 0.0000000000
74228  -15.598  -10.749  45.564 0.0000000000
87843  -27.761  -0.488  39.608 0.0000000000
86475  -28.979  -1.255  39.083 0.0000000000
89113  -25.388  0.227  43.681 0.0000000000
86442  -24.941  -1.107  41.335 0.0000000000
89158  -27.332  0.357  40.760 0.0000000000
88040  -41.953  -0.247  25.427 0.0000000000
88019  -42.543  -0.722  26.134 0.0000000000
89400  -42.203  0.629  25.170 0.0000000000
90729  -43.652  1.312  25.124 0.0000000000
90752  -44.019  1.766  24.449 0.0000000000
94914  -47.207  4.247  21.578 0.0000000000
94915  -48.136  4.349  21.234 0.0000000000
92164  -48.502  2.696  21.889 0.0000000000
92154  -49.887  2.098  22.636 0.0000000000
92137  -50.167  1.946  23.523 0.0000000000
90788  -50.594  1.847  22.576 0.0000000000
90790  -52.353  1.436  22.357 0.0000000000
90791  -53.377  1.309  22.293 0.0000000000
90813  -53.664  1.600  20.640 0.0000000000
90825  -53.460  1.940  20.101 0.0000000000
69721  -7.456  -13.424  50.873 0.0000000000
69708  -6.877  -13.828  51.375 0.0000000000
69695  -8.598  -13.735  52.494 0.0000000000
83907  -31.409  -3.209  36.662 0.0000000000
82488  -31.591  -3.871  36.153 0.0000000000
85247  -31.694  -2.920  35.485 0.0000000000
85267  -31.524  -2.240  34.924 0.0000000000
85287  -31.542  -2.349  34.114 0.0000000000
87953  -32.547  -0.924  30.205 0.0000000000
86615  -33.569  -0.975  29.429 0.0000000000
86630  -33.607  -2.135  29.403 0.0000000000
84024  -34.667  -3.261  29.787 0.0000000000
84009  -35.284  -4.106  30.960 0.0000000000
84039  -35.532  -3.293  29.167 0.0000000000
84040  -36.671  -3.749  28.903 0.0000000000
84058  -37.566  -3.204  28.155 0.0000000000
84075  -38.551  -2.969  27.779 0.0000000000
85374  -37.769  -2.367  27.812 0.0000000000
74273  -21.488  -10.362  42.178 0.0000000000
74261  -21.523  -10.492  43.438 0.0000000000
72695  -22.884  -11.431  43.073 0.0000000000
75511  -8.988  -9.693  47.697 0.0000000000
72646  -9.628  -11.356  47.611 0.0000000000
66802  -4.020  -15.215  54.237 0.0000000000
69665  -3.687  -13.503  54.129 0.0000000000
66781  -3.494  -15.384  55.004 0.0000000000
68261  -3.044  -15.251  55.150 0.0000000000
68260  -2.838  -15.225  55.085 0.0000000000
82467  -37.366  -4.717  37.953 0.0000000000
74301  -25.351  -10.529  40.022 0.0000000000
72736  -26.139  -12.052  41.545 0.0000000000
79389  -11.746  -6.009  46.644 0.0000000000
79388  -11.216  -6.514  46.626 0.0000000000
78102  -10.505  -7.958  46.482 0.0000000000
76856  -11.446  -8.583  45.646 0.0000000000
75547  -12.251  -10.318  45.451 0.0000000000
74196  -13.463  -11.550  47.151 0.0000000000
75548  -13.850  -10.488  45.300 0.0000000000
74197  -14.427  -11.378  47.187 0.0000000000
74177  -14.344  -11.408  48.334 0.0000000000
96359  -55.761  5.171  16.242 0.0000000000
79584  -30.534  -7.123  38.262 0.0000000000
81112  -29.936  -6.277  36.376 0.0000000000
82508  -30.191  -5.458  36.253 0.0000000000
82486  -30.496  -4.398  36.485 0.0000000000
85173  -29.967  -2.162  38.677 0.0000000000
85191  -30.838  -2.545  38.382 0.0000000000
85207  -31.176  -2.556  38.075 0.0000000000
85208  -31.444  -2.313  37.657 0.0000000000
76891  -17.199  -8.511  42.588 0.0000000000
75600  -17.686  -9.673  42.962 0.0000000000
76907  -18.169  -8.441  42.279 0.0000000000
76908  -19.150  -8.478  41.831 0.0000000000
76909  -20.034  -8.543  41.488 0.0000000000
79498  -20.699  -6.272  41.740 0.0000000000
76924  -20.464  -8.087  41.167 0.0000000000
75629  -20.701  -9.321  41.473 0.0000000000
74285  -22.003  -10.173  41.442 0.0000000000
75632  -23.260  -9.665  40.841 0.0000000000
75633  -24.058  -9.670  40.723 0.0000000000
79502  -24.547  -6.760  42.595 0.0000000000
78179  -24.448  -7.261  41.822 0.0000000000
78196  -24.369  -7.884  41.176 0.0000000000
75641  -24.577  -9.680  40.323 0.0000000000
76944  -25.017  -8.864  39.725 0.0000000000
76959  -25.486  -9.122  38.950 0.0000000000
79581  -25.253  -6.850  37.720 0.0000000000
83878  -24.770  -3.345  38.771 0.0000000000
82481  -25.091  -4.445  37.399 0.0000000000
78252  -26.345  -7.128  36.912 0.0000000000
78254  -27.708  -7.390  37.430 0.0000000000
79602  -28.683  -6.874  37.605 0.0000000000
78153  -16.714  -7.200  42.887 0.0000000000
86684  -43.234  -0.991  26.925 0.0000000000
96273  -43.769  4.943  23.400 0.0000000000
92148  -44.239  3.372  22.900 0.0000000000
92107  -45.477  1.909  23.867 0.0000000000
93519  -46.765  3.066  22.222 0.0000000000
92133  -46.165  2.091  23.442 0.0000000000
90754  -46.058  1.692  24.413 0.0000000000
90733  -47.477  1.758  25.364 0.0000000000
92190  -56.950  2.421  19.498 0.0000000000
93566  -56.140  2.803  18.267 0.0000000000
94958  -55.222  4.099  17.319 0.0000000000
72551  -5.125  -11.988  52.255 0.0000000000
69691  -5.011  -13.574  52.502 0.0000000000
69693  -6.366  -14.344  52.163 0.0000000000
68322  -5.630  -14.676  52.684 0.0000000000
66822  -4.954  -15.116  53.561 0.0000000000
66783  -5.339  -15.675  55.460 0.0000000000
79585  -31.479  -7.095  38.089 0.0000000000
79587  -33.309  -6.996  37.883 0.0000000000
79588  -34.177  -6.735  37.835 0.0000000000
81115  -32.677  -5.992  35.677 0.0000000000
81116  -33.347  -6.346  35.679 0.0000000000
79608  -34.554  -6.519  36.938 0.0000000000
79626  -35.491  -5.822  36.513 0.0000000000
81119  -36.153  -5.193  36.658 0.0000000000
83926  -36.917  -4.083  36.104 0.0000000000
86568  -31.418  -1.760  33.226 0.0000000000
86569  -31.680  -2.490  32.999 0.0000000000
86598  -31.677  -1.599  31.558 0.0000000000
85312  -32.175  -2.696  32.019 0.0000000000
85289  -32.788  -3.519  33.451 0.0000000000
85290  -33.969  -3.642  33.476 0.0000000000
85272  -36.216  -3.725  34.603 0.0000000000
82599  -36.560  -4.580  31.276 0.0000000000
82584  -37.804  -4.535  32.390 0.0000000000
84045  -41.330  -3.237  29.925 0.0000000000
85361  -40.814  -2.821  28.370 0.0000000000
85395  -41.014  -2.244  27.173 0.0000000000
85393  -39.193  -2.080  26.732 0.0000000000
86681  -39.775  -1.486  26.336 0.0000000000
86701  -41.035  -1.203  25.901 0.0000000000
89419  -40.816  0.890  24.723 0.0000000000
92078  -40.970  2.595  25.089 0.0000000000
75587  -19.378  -10.119  44.221 0.0000000000
75572  -19.881  -9.929  45.227 0.0000000000
74248  -21.568  -10.337  44.624 0.0000000000
72590  -6.741  -11.873  50.374 0.0000000000
75493  -7.685  -9.802  48.861 0.0000000000
72609  -7.489  -11.706  49.308 0.0000000000
71134  -7.593  -12.886  50.154 0.0000000000
69723  -8.677  -13.283  51.008 0.0000000000
75530  -9.944  -9.781  46.647 0.0000000000
72647  -10.456  -11.721  47.491 0.0000000000
72632  -10.965  -12.242  48.225 0.0000000000
66736  -3.448  -16.474  58.119 0.0000000000
66764  -2.810  -15.587  56.026 0.0000000000
68259  -2.521  -15.491  55.220 0.0000000000
79547  -31.806  -6.436  39.831 0.0000000000
74258  -16.762  -10.241  43.901 0.0000000000
74259  -17.417  -10.245  43.710 0.0000000000
79564  -30.481  -7.020  39.497 0.0000000000
75585  -16.188  -9.869  43.793 0.0000000000
94877  -42.327  4.406  24.843 0.0000000000
93493  -42.344  3.518  24.217 0.0000000000
93531  -50.695  3.889  20.657 0.0000000000
93539  -51.120  3.249  20.526 0.0000000000
93540  -52.110  3.137  20.392 0.0000000000
86648  -35.985  -1.572  28.522 0.0000000000
72734  -24.411  -11.418  41.356 0.0000000000
71251  -24.570  -11.958  41.985 0.0000000000
71252  -24.995  -12.080  41.810 0.0000000000
79369  -9.635  -6.597  47.804 0.0000000000
94959  -56.258  4.277  17.201 0.0000000000
81053  -35.895  -5.718  40.494 0.0000000000
75662  -27.581  -9.621  38.557 0.0000000000
75650  -27.951  -10.064  38.939 0.0000000000
75651  -28.430  -9.582  39.229 0.0000000000
76865  -12.636  -8.514  45.018 0.0000000000
76866  -13.367  -8.514  44.751 0.0000000000
83903  -28.047  -3.233  36.712 0.0000000000
79500  -22.879  -6.588  42.429 0.0000000000
79520  -22.432  -7.031  41.586 0.0000000000
86434  -24.738  -1.645  42.416 0.0000000000
85134  -24.773  -2.728  42.448 0.0000000000
83831  -24.922  -3.282  41.932 0.0000000000
81027  -24.896  -5.563  41.509 0.0000000000
83830  -24.712  -2.912  41.657 0.0000000000
82444  -24.579  -4.513  40.771 0.0000000000
83844  -24.522  -3.367  41.023 0.0000000000
86492  -27.386  -1.480  37.831 0.0000000000
86511  -26.769  -1.707  37.544 0.0000000000
85187  -27.528  -1.919  37.409 0.0000000000
85206  -27.513  -2.660  36.884 0.0000000000
90730  -44.580  1.415  25.191 0.0000000000
89379  -44.655  0.605  26.271 0.0000000000
90731  -45.546  1.468  25.398 0.0000000000
97737  -46.106  5.918  22.397 0.0000000000
96282  -45.652  5.319  22.275 0.0000000000
92110  -48.548  1.897  24.331 0.0000000000
92200  -54.603  2.671  18.780 0.0000000000
72589  -6.395  -12.366  50.885 0.0000000000
83963  -33.082  -4.174  34.162 0.0000000000
83978  -33.418  -3.789  33.711 0.0000000000
85305  -35.916  -3.785  32.611 0.0000000000
82631  -37.886  -4.393  29.720 0.0000000000
84042  -38.606  -3.982  29.157 0.0000000000
84060  -39.358  -3.582  28.645 0.0000000000
71151  -10.136  -12.790  49.562 0.0000000000
74195  -12.266  -11.831  47.218 0.0000000000
69677  -4.687  -13.240  52.955 0.0000000000
69666  -4.148  -13.420  53.606 0.0000000000
81051  -33.675  -6.062  40.383 0.0000000000
74217  -17.026  -10.672  46.223 0.0000000000
74201  -17.593  -10.553  46.773 0.0000000000
74218  -17.796  -10.519  46.072 0.0000000000
75570  -18.500  -10.392  44.945 0.0000000000
75551  -18.575  -10.374  45.754 0.0000000000
78244  -28.526  -7.675  38.475 0.0000000000
78214  -29.405  -7.857  40.069 0.0000000000
79452  -15.919  -5.832  44.144 0.0000000000
78133  -14.294  -7.421  44.463 0.0000000000
75583  -14.443  -9.399  44.230 0.0000000000
74229  -16.344  -10.734  45.498 0.0000000000
74216  -16.254  -10.877  46.317 0.0000000000
89159  -27.966  0.147  40.630 0.0000000000
87827  -28.677  -0.303  40.540 0.0000000000
89128  -25.512  0.333  42.845 0.0000000000
89131  -28.609  0.746  42.255 0.0000000000
87826  -27.527  -0.057  40.189 0.0000000000
90750  -42.003  1.534  24.662 0.0000000000
90751  -43.004  1.854  24.606 0.0000000000
94916  -49.216  4.440  21.013 0.0000000000
93529  -48.933  3.367  21.246 0.0000000000
90799  -50.330  2.028  22.107 0.0000000000
90811  -51.487  1.923  21.034 0.0000000000
90801  -51.950  1.621  21.556 0.0000000000
90802  -52.994  1.441  21.440 0.0000000000
90824  -53.033  2.109  20.271 0.0000000000
85224  -31.561  -2.240  36.500 0.0000000000
83925  -31.773  -3.518  35.978 0.0000000000
86541  -31.412  -1.370  35.268 0.0000000000
85268  -31.762  -3.224  34.489 0.0000000000
85343  -34.137  -2.649  29.434 0.0000000000
84038  -34.811  -2.888  29.405 0.0000000000
85359  -36.250  -2.340  28.400 0.0000000000
84057  -36.465  -3.037  28.511 0.0000000000
84074  -38.128  -2.729  27.769 0.0000000000
74274  -22.274  -10.724  41.914 0.0000000000
74262  -22.203  -10.894  42.833 0.0000000000
72709  -22.747  -11.207  42.189 0.0000000000
72696  -23.616  -11.818  43.165 0.0000000000
76845  -9.412  -8.906  47.223 0.0000000000
76834  -8.746  -8.690  48.031 0.0000000000
74192  -9.324  -10.557  47.527 0.0000000000
66782  -4.388  -15.693  55.223 0.0000000000
68240  -3.299  -15.718  56.203 0.0000000000
68239  -3.068  -15.622  56.213 0.0000000000
81073  -37.478  -5.096  39.701 0.0000000000
81087  -37.292  -5.178  39.047 0.0000000000
82468  -37.975  -4.457  38.638 0.0000000000
74302  -25.946  -11.037  39.951 0.0000000000
72762  -26.450  -11.545  40.520 0.0000000000
72763  -27.644  -11.415  40.584 0.0000000000
79406  -12.127  -6.485  46.157 0.0000000000
80902  -12.569  -5.740  46.447 0.0000000000
79405  -11.608  -6.988  46.283 0.0000000000
78103  -11.204  -7.612  46.180 0.0000000000
78116  -11.617  -7.842  45.624 0.0000000000
75566  -12.415  -9.585  45.237 0.0000000000
74226  -12.744  -10.542  45.494 0.0000000000
74213  -13.523  -10.930  46.072 0.0000000000
75549  -14.642  -10.596  45.428 0.0000000000
74214  -14.527  -10.950  46.228 0.0000000000
79603  -29.822  -6.939  37.191 0.0000000000
81099  -29.253  -6.111  36.637 0.0000000000
86456  -29.320  -1.070  39.898 0.0000000000
86494  -29.231  -1.662  38.685 0.0000000000
86476  -29.790  -1.697  39.171 0.0000000000
85175  -31.013  -1.977  39.135 0.0000000000
76892  -17.768  -9.045  42.513 0.0000000000
76906  -17.630  -7.954  42.391 0.0000000000
75617  -19.585  -9.399  42.270 0.0000000000
78193  -21.802  -7.439  41.059 0.0000000000
78192  -20.891  -7.582  41.109 0.0000000000
76925  -20.873  -8.497  41.006 0.0000000000
75630  -21.448  -9.482  41.197 0.0000000000
75639  -21.983  -9.098  40.717 0.0000000000
76927  -22.893  -8.659  40.882 0.0000000000
81008  -25.259  -5.442  42.523 0.0000000000
82393  -25.593  -4.325  43.669 0.0000000000
79480  -25.157  -6.180  43.150 0.0000000000
76929  -24.576  -8.764  40.597 0.0000000000
76943  -24.791  -9.255  40.161 0.0000000000
76930  -24.787  -8.248  40.232 0.0000000000
78213  -24.894  -7.751  39.746 0.0000000000
79561  -24.789  -6.851  38.879 0.0000000000
78230  -25.347  -8.068  38.674 0.0000000000
86454  -25.204  -1.166  40.026 0.0000000000
85157  -24.631  -2.504  40.199 0.0000000000
85172  -24.817  -2.300  39.287 0.0000000000
83901  -25.672  -3.014  37.113 0.0000000000
83900  -24.904  -3.597  37.848 0.0000000000
81095  -25.390  -5.611  37.026 0.0000000000
79599  -25.896  -6.653  36.872 0.0000000000
78253  -26.904  -7.342  37.001 0.0000000000
79600  -26.689  -6.513  36.667 0.0000000000
78154  -17.409  -6.896  42.695 0.0000000000
79476  -17.222  -6.129  43.022 0.0000000000
84046  -41.804  -3.172  30.419 0.0000000000
85364  -43.465  -1.975  28.811 0.0000000000
85347  -43.285  -2.399  29.801 0.0000000000
88041  -42.672  0.022  25.752 0.0000000000
88020  -43.419  -0.175  26.314 0.0000000000
96268  -44.013  5.840  24.327 0.0000000000
96267  -43.381  5.192  23.999 0.0000000000
93516  -44.476  3.803  22.703 0.0000000000
92149  -44.794  3.095  22.763 0.0000000000
92132  -45.114  2.464  23.292 0.0000000000
93527  -46.919  3.495  21.976 0.0000000000
92163  -47.490  2.857  22.078 0.0000000000
92134  -47.224  1.969  23.523 0.0000000000
92151  -46.834  2.633  22.613 0.0000000000
90774  -46.238  1.781  23.908 0.0000000000
90732  -46.469  1.544  25.250 0.0000000000
90734  -47.996  1.797  25.948 0.0000000000
90776  -50.932  1.744  23.144 0.0000000000
92179  -56.506  1.751  20.345 0.0000000000
92202  -56.340  2.523  18.851 0.0000000000
92210  -55.069  2.915  18.392 0.0000000000
92211  -55.545  2.955  18.142 0.0000000000
93576  -56.030  3.376  17.661 0.0000000000
71105  -5.742  -12.562  51.598 0.0000000000
71104  -5.317  -12.699  52.014 0.0000000000
69678  -5.038  -13.152  52.403 0.0000000000
69692  -5.449  -13.768  52.083 0.0000000000
69694  -7.553  -14.282  52.629 0.0000000000
68324  -7.300  -14.544  53.412 0.0000000000
68323  -6.519  -14.864  53.226 0.0000000000
66838  -5.653  -15.100  53.237 0.0000000000
66823  -5.796  -15.402  53.857 0.0000000000
66803  -5.053  -15.478  54.504 0.0000000000
66804  -5.958  -15.520  54.823 0.0000000000
66768  -6.335  -15.259  56.464 0.0000000000
79604  -30.827  -7.097  37.028 0.0000000000
79606  -32.796  -7.139  37.030 0.0000000000
79607  -33.688  -6.911  36.949 0.0000000000
81130  -33.562  -5.775  35.156 0.0000000000
81129  -32.964  -5.693  35.241 0.0000000000
79624  -34.040  -6.518  35.928 0.0000000000
79609  -35.316  -6.104  37.006 0.0000000000
79625  -35.048  -6.155  36.062 0.0000000000
82551  -35.281  -4.651  34.919 0.0000000000
81132  -35.337  -5.263  35.489 0.0000000000
82533  -35.755  -4.608  35.387 0.0000000000
82512  -36.593  -4.611  36.405 0.0000000000
83947  -35.957  -4.163  35.094 0.0000000000
87923  -31.473  -0.451  32.365 0.0000000000
87915  -31.378  -0.610  33.711 0.0000000000
86583  -31.660  -2.179  32.462 0.0000000000
85302  -32.993  -3.273  32.631 0.0000000000
85248  -36.691  -3.623  35.288 0.0000000000
82613  -35.685  -4.218  30.219 0.0000000000
82598  -35.941  -4.367  30.852 0.0000000000
82614  -36.379  -4.470  30.298 0.0000000000
82600  -37.528  -4.717  31.418 0.0000000000
84026  -39.963  -4.102  30.234 0.0000000000
82603  -40.297  -4.423  31.538 0.0000000000
84011  -40.996  -3.989  31.278 0.0000000000
84028  -41.469  -3.601  30.762 0.0000000000
84044  -40.481  -3.670  29.701 0.0000000000
85378  -41.245  -2.521  27.924 0.0000000000
85375  -38.503  -2.269  27.302 0.0000000000
85376  -39.309  -2.641  27.360 0.0000000000
88018  -39.877  -0.944  26.025 0.0000000000
86700  -40.319  -1.200  26.049 0.0000000000
88039  -41.051  -0.435  25.330 0.0000000000
89398  -40.161  0.437  25.075 0.0000000000
92077  -40.540  2.205  25.244 0.0000000000
75615  -18.202  -9.366  42.593 0.0000000000
75601  -18.654  -9.998  43.250 0.0000000000
75554  -21.094  -9.804  46.531 0.0000000000
74249  -22.475  -10.980  44.138 0.0000000000
72712  -26.437  -12.203  42.221 0.0000000000
75494  -7.930  -9.062  49.157 0.0000000000
72628  -7.621  -11.040  48.879 0.0000000000
71135  -8.783  -13.137  50.458 0.0000000000
76855  -10.927  -8.729  46.123 0.0000000000
76846  -10.199  -8.769  46.608 0.0000000000
75545  -10.646  -9.745  46.134 0.0000000000
72648  -11.339  -11.931  47.601 0.0000000000
96373  -55.119  5.529  15.703 0.0000000000
66748  -2.375  -16.351  56.400 0.0000000000
66749  -3.022  -16.143  57.081 0.0000000000
66763  -2.610  -15.869  56.156 0.0000000000
68238  -2.363  -16.055  55.898 0.0000000000
75586  -18.681  -10.294  44.256 0.0000000000
78152  -15.761  -7.088  43.467 0.0000000000
75584  -15.322  -9.699  43.999 0.0000000000
74245  -16.353  -10.464  44.523 0.0000000000
92103  -41.287  2.259  24.719 0.0000000000
93494  -43.052  3.238  23.876 0.0000000000
92175  -50.332  2.742  20.965 0.0000000000
92166  -50.704  2.170  21.367 0.0000000000
92176  -50.850  2.423  20.952 0.0000000000
85223  -31.527  -1.867  36.175 0.0000000000
86524  -31.479  -1.318  36.194 0.0000000000
87906  -31.424  -0.571  34.738 0.0000000000
85358  -35.579  -2.278  28.659 0.0000000000
86663  -37.318  -1.739  27.898 0.0000000000
72733  -23.246  -11.122  41.571 0.0000000000
72710  -23.487  -11.544  42.273 0.0000000000
72711  -24.186  -11.910  42.399 0.0000000000
71225  -24.767  -12.121  42.433 0.0000000000
72698  -25.298  -12.149  43.403 0.0000000000
93567  -57.024  3.130  18.408 0.0000000000
66751  -4.589  -16.158  57.036 0.0000000000
81072  -36.691  -5.518  39.572 0.0000000000
81085  -35.836  -5.811  37.755 0.0000000000
75660  -25.838  -9.676  38.766 0.0000000000
72782  -27.265  -11.245  39.876 0.0000000000
74316  -27.841  -10.641  39.447 0.0000000000
74304  -28.480  -10.797  40.455 0.0000000000
75634  -29.087  -10.071  41.262 0.0000000000
79450  -14.635  -6.395  44.540 0.0000000000
80930  -13.689  -5.748  45.615 0.0000000000
80903  -13.156  -5.570  46.202 0.0000000000
79424  -12.459  -6.919  45.468 0.0000000000
78117  -12.115  -7.503  45.397 0.0000000000
74215  -15.367  -10.931  46.208 0.0000000000
74179  -15.923  -10.924  48.023 0.0000000000
83904  -29.049  -3.697  36.899 0.0000000000
83882  -29.653  -2.981  37.610 0.0000000000
78172  -17.940  -7.268  42.323 0.0000000000
79499  -21.718  -6.353  41.839 0.0000000000
79519  -22.081  -6.764  41.533 0.0000000000
78195  -23.788  -7.885  41.439 0.0000000000
85122  -24.890  -2.714  43.398 0.0000000000
83819  -25.119  -3.568  43.051 0.0000000000
81048  -24.641  -5.622  40.436 0.0000000000
82454  -24.573  -4.527  39.629 0.0000000000
86472  -25.483  -1.545  38.715 0.0000000000
86491  -26.193  -1.553  37.879 0.0000000000
85204  -26.162  -2.106  37.410 0.0000000000
82482  -25.927  -4.322  36.581 0.0000000000
82483  -27.086  -4.366  36.315 0.0000000000
85362  -41.481  -2.803  28.982 0.0000000000
85380  -42.893  -2.114  28.367 0.0000000000
86666  -43.163  -1.720  27.854 0.0000000000
89378  -43.951  0.410  26.159 0.0000000000
97721  -44.943  6.024  23.097 0.0000000000
96274  -44.475  5.411  23.100 0.0000000000
96281  -45.013  4.973  22.464 0.0000000000
94907  -45.374  4.515  22.233 0.0000000000
93525  -45.691  4.111  22.100 0.0000000000
92109  -47.770  1.831  24.333 0.0000000000
92080  -48.533  2.084  25.357 0.0000000000
90826  -54.255  1.723  19.901 0.0000000000
72570  -6.002  -12.144  51.321 0.0000000000
69707  -6.074  -13.718  51.597 0.0000000000
68300  -6.717  -15.110  55.331 0.0000000000
81113  -30.677  -6.199  36.293 0.0000000000
81101  -31.296  -6.818  36.683 0.0000000000
81114  -31.607  -6.218  36.279 0.0000000000
83946  -32.761  -4.659  34.640 0.0000000000
82531  -33.295  -4.980  34.677 0.0000000000
81144  -33.714  -5.208  34.752 0.0000000000
81131  -34.664  -5.622  35.295 0.0000000000
82550  -34.712  -4.825  34.687 0.0000000000
83964  -34.278  -4.081  34.118 0.0000000000
86597  -31.417  -1.050  31.901 0.0000000000
85328  -32.937  -2.777  30.509 0.0000000000
83994  -36.182  -4.302  32.134 0.0000000000
82630  -36.950  -4.350  29.565 0.0000000000
82616  -38.167  -4.620  30.574 0.0000000000
82602  -39.368  -4.621  31.542 0.0000000000
82617  -39.175  -4.479  30.563 0.0000000000
84077  -39.817  -3.250  28.271 0.0000000000
88016  -38.595  -0.734  26.640 0.0000000000
86680  -38.941  -1.413  26.483 0.0000000000
89397  -39.653  0.054  25.473 0.0000000000
75602  -19.464  -9.909  43.230 0.0000000000
74173  -8.352  -10.583  48.337 0.0000000000
75509  -7.999  -10.098  48.513 0.0000000000
72610  -8.472  -12.253  48.751 0.0000000000
81070  -34.282  -6.343  39.473 0.0000000000
75531  -17.645  -10.509  47.317 0.0000000000
76976  -27.620  -8.663  38.119 0.0000000000
80959  -15.057  -5.661  44.782 0.0000000000
86474  -28.067  -0.868  38.791 0.0000000000
86493  -28.586  -1.573  38.298 0.0000000000
87844  -28.584  -0.809  39.605 0.0000000000
87794  -25.053  -0.559  43.139 0.0000000000
86441  -24.654  -1.840  41.712 0.0000000000
86453  -24.685  -1.762  41.062 0.0000000000
87807  -25.294  -0.326  42.045 0.0000000000
87824  -25.613  -0.241  40.996 0.0000000000
89157  -26.461  0.382  41.129 0.0000000000
87825  -26.387  -0.045  40.223 0.0000000000
87842  -26.908  -0.362  39.702 0.0000000000
86702  -41.748  -0.902  25.880 0.0000000000
90728  -42.798  1.264  25.147 0.0000000000
96300  -47.378  5.158  21.569 0.0000000000
90789  -51.391  1.621  22.429 0.0000000000
90800  -50.898  1.866  21.689 0.0000000000
90803  -54.024  1.372  21.416 0.0000000000
69709  -7.906  -13.724  51.598 0.0000000000
86614  -33.041  -1.629  29.681 0.0000000000
85342  -33.421  -2.554  29.756 0.0000000000
84008  -34.639  -3.576  30.627 0.0000000000
84025  -35.180  -3.769  30.057 0.0000000000
82628  -35.572  -3.907  29.713 0.0000000000
86664  -37.946  -1.660  27.565 0.0000000000
86679  -38.409  -1.473  26.989 0.0000000000
89357  -38.519  -0.016  26.884 0.0000000000
74250  -23.193  -11.386  44.345 0.0000000000
72682  -23.814  -11.702  44.122 0.0000000000
76833  -8.248  -8.491  48.737 0.0000000000
74174  -8.870  -10.480  47.984 0.0000000000
72645  -9.200  -10.974  47.808 0.0000000000
72631  -9.936  -12.204  48.005 0.0000000000
74162  -14.512  -11.150  49.596 0.0000000000
66821  -4.302  -14.838  53.656 0.0000000000
68299  -3.920  -14.337  53.799 0.0000000000
66801  -3.358  -15.020  54.503 0.0000000000
68280  -3.057  -14.596  54.730 0.0000000000
69642  -2.809  -13.838  54.674 0.0000000000
97723  -46.592  6.933  23.328 0.0000000000
97738  -46.609  6.328  22.443 0.0000000000
82490  -37.537  -4.301  37.519 0.0000000000
72761  -25.430  -11.250  40.582 0.0000000000
72735  -25.496  -11.809  41.248 0.0000000000
72737  -26.975  -11.909  41.452 0.0000000000
76931  -29.502  -9.192  40.854 0.0000000000
80881  -11.396  -5.654  47.003 0.0000000000
78091  -10.581  -7.206  46.668 0.0000000000
75546  -11.525  -9.813  45.527 0.0000000000
75565  -11.814  -9.117  45.366 0.0000000000
79565  -31.280  -6.909  39.227 0.0000000000
79620  -30.360  -6.710  36.617 0.0000000000
82507  -29.672  -5.700  36.355 0.0000000000
85189  -29.353  -2.192  38.179 0.0000000000
85190  -30.149  -2.518  38.298 0.0000000000
85174  -30.427  -2.128  38.908 0.0000000000
83883  -30.378  -2.934  37.730 0.0000000000
83906  -30.953  -3.241  37.345 0.0000000000
86512  -31.556  -1.364  37.420 0.0000000000
86495  -31.717  -1.211  38.422 0.0000000000
75618  -20.238  -9.561  42.003 0.0000000000
78175  -20.801  -7.032  41.450 0.0000000000
78191  -20.346  -7.726  41.285 0.0000000000
76910  -20.369  -9.031  41.425 0.0000000000
75619  -20.853  -9.851  41.898 0.0000000000
75640  -22.327  -8.956  40.717 0.0000000000
75631  -22.349  -9.544  40.914 0.0000000000
74286  -22.750  -10.453  41.295 0.0000000000
74288  -24.361  -10.450  40.590 0.0000000000
74300  -24.831  -10.263  40.236 0.0000000000
75642  -24.977  -9.746  39.949 0.0000000000
75648  -25.432  -9.866  39.379 0.0000000000
76974  -25.978  -8.966  38.346 0.0000000000
76975  -26.802  -8.894  38.031 0.0000000000
82466  -24.698  -4.546  38.477 0.0000000000
85185  -25.096  -2.269  38.373 0.0000000000
81084  -24.791  -5.699  38.044 0.0000000000
78241  -26.129  -7.821  37.519 0.0000000000
78242  -27.137  -8.042  37.617 0.0000000000
78243  -27.881  -7.924  37.960 0.0000000000
78255  -28.199  -7.458  37.852 0.0000000000
79601  -27.623  -6.627  36.813 0.0000000000
79475  -16.432  -5.972  43.648 0.0000000000
86650  -43.588  -1.752  28.405 0.0000000000
86685  -43.962  -0.497  26.914 0.0000000000
96266  -42.923  4.939  24.192 0.0000000000
94898  -42.991  4.165  23.812 0.0000000000
93507  -43.194  3.664  23.665 0.0000000000
94900  -44.080  4.504  23.051 0.0000000000
93508  -43.832  3.791  23.132 0.0000000000
92131  -43.985  2.960  23.294 0.0000000000
92106  -44.484  2.179  23.843 0.0000000000
96299  -46.550  4.929  21.721 0.0000000000
93526  -46.119  3.843  22.005 0.0000000000
93518  -46.309  3.222  22.266 0.0000000000
92162  -46.991  2.995  22.180 0.0000000000
92150  -45.753  2.780  22.693 0.0000000000
92108  -46.002  1.820  23.898 0.0000000000
90711  -46.604  1.414  26.067 0.0000000000
94970  -54.705  4.622  17.064 0.0000000000
96345  -54.181  4.844  17.082 0.0000000000
71090  -4.892  -12.490  52.541 0.0000000000
68311  -5.098  -14.662  53.052 0.0000000000
66784  -6.138  -15.374  55.763 0.0000000000
66767  -5.760  -15.613  56.381 0.0000000000
79586  -32.410  -7.070  37.979 0.0000000000
79568  -33.775  -6.650  38.695 0.0000000000
79623  -33.151  -6.770  36.206 0.0000000000
79589  -35.026  -6.356  37.883 0.0000000000
81102  -35.855  -5.620  36.877 0.0000000000
81117  -35.222  -5.634  35.707 0.0000000000
81103  -36.408  -5.246  37.228 0.0000000000
82489  -37.045  -4.810  37.370 0.0000000000
82513  -37.194  -4.425  36.950 0.0000000000
85288  -31.780  -2.964  33.550 0.0000000000
85327  -32.265  -2.477  31.210 0.0000000000
85301  -32.084  -2.959  32.807 0.0000000000
85270  -34.399  -3.759  33.842 0.0000000000
85271  -34.906  -3.792  33.968 0.0000000000
83966  -36.056  -3.990  34.941 0.0000000000
83949  -37.067  -3.847  35.975 0.0000000000
85273  -37.364  -3.474  34.684 0.0000000000
84010  -35.855  -4.312  31.452 0.0000000000
82583  -36.969  -4.610  32.221 0.0000000000
85345  -41.656  -2.882  29.652 0.0000000000
84062  -40.897  -3.223  29.343 0.0000000000
85396  -41.656  -2.216  27.416 0.0000000000
85394  -40.056  -2.256  26.888 0.0000000000
86682  -40.741  -1.779  26.438 0.0000000000
89399  -41.284  0.303  24.909 0.0000000000
89418  -40.375  1.003  24.780 0.0000000000
90748  -40.604  1.293  24.743 0.0000000000
90749  -41.131  1.439  24.694 0.0000000000
93476  -41.317  3.092  25.067 0.0000000000
74260  -18.116  -10.265  43.654 0.0000000000
74232  -21.559  -10.206  45.190 0.0000000000
74233  -22.123  -10.308  45.605 0.0000000000
75555  -22.038  -9.985  46.723 0.0000000000
71227  -25.869  -12.239  42.202 0.0000000000
72699  -26.270  -12.232  43.186 0.0000000000
74128  -6.227  -10.685  51.038 0.0000000000
75479  -7.448  -9.383  49.810 0.0000000000
74172  -7.782  -10.554  48.650 0.0000000000
74160  -7.394  -10.504  49.194 0.0000000000
69722  -8.198  -13.382  50.894 0.0000000000
74210  -10.499  -10.560  46.460 0.0000000000
74193  -9.977  -10.805  47.023 0.0000000000
72612  -10.539  -12.509  48.981 0.0000000000
72634  -12.816  -12.184  48.772 0.0000000000
72613  -11.461  -12.472  49.099 0.0000000000
71152  -10.672  -12.674  49.630 0.0000000000
94972  -56.478  4.865  16.690 0.0000000000
66737  -3.990  -16.386  57.907 0.0000000000
65321  -2.989  -16.502  57.844 0.0000000000
66747  -1.939  -16.498  55.951 0.0000000000
66762  -2.105  -16.112  55.110 0.0000000000
68258  -2.182  -15.533  54.938 0.0000000000
66837  -5.353  -14.912  53.142 0.0000000000
68298  -3.434  -14.418  54.272 0.0000000000
68321  -5.003  -14.115  52.658 0.0000000000
71207  -25.099  -12.211  42.836 0.0000000000
71208  -25.657  -12.241  42.764 0.0000000000
71209  -26.064  -12.250  42.595 0.0000000000
71253  -25.563  -12.138  41.808 0.0000000000
72681  -23.168  -11.512  43.789 0.0000000000
72783  -27.681  -11.128  39.962 0.0000000000
74314  -25.819  -10.622  39.476 0.0000000000
74317  -28.459  -10.227  39.797 0.0000000000
74328  -27.260  -10.336  38.851 0.0000000000
74329  -27.658  -10.191  38.910 0.0000000000
75574  -21.556  -9.983  46.052 0.0000000000
75649  -25.996  -10.307  38.960 0.0000000000
76941  -22.121  -8.798  40.689 0.0000000000
79562  -29.344  -7.450  39.385 0.0000000000
79639  -34.490  -6.150  35.661 0.0000000000
81100  -31.007  -6.616  36.566 0.0000000000
81118  -35.742  -5.310  36.102 0.0000000000
81145  -34.121  -5.278  34.811 0.0000000000
82413  -25.338  -4.412  42.762 0.0000000000
82511  -36.104  -4.734  35.899 0.0000000000
82534  -36.256  -4.458  35.781 0.0000000000
83843  -24.623  -2.900  41.416 0.0000000000
83879  -25.088  -2.837  37.896 0.0000000000
83880  -28.359  -2.796  37.187 0.0000000000
83948  -36.501  -3.994  35.512 0.0000000000
85133  -24.624  -2.221  42.006 0.0000000000
85145  -24.740  -2.700  41.966 0.0000000000
85156  -24.587  -2.354  40.854 0.0000000000
85205  -26.944  -2.133  37.129 0.0000000000
86433  -24.625  -1.889  42.025 0.0000000000
86490  -25.519  -1.810  38.125 0.0000000000
86510  -26.520  -1.840  37.460 0.0000000000
86647  -35.596  -1.798  28.620 0.0000000000
88037  -39.456  -0.162  25.657 0.0000000000
89142  -25.835  0.419  42.208 0.0000000000
90775  -46.554  1.751  23.922 0.0000000000
92102  -40.701  1.727  24.824 0.0000000000
92130  -43.373  3.124  23.684 0.0000000000
94889  -42.787  4.453  24.161 0.0000000000
94890  -43.065  4.806  23.968 0.0000000000
94899  -43.331  4.478  23.598 0.0000000000
94912  -45.883  4.469  21.961 0.0000000000
94913  -46.484  4.278  21.825 0.0000000000
96275  -45.146  5.799  22.822 0.0000000000
