#!ascii label  , from subject S2_Demo vox2ras=TkReg
775
14301  -39.863  -61.664  0.824 0.0000000000
12760  -33.862  -63.600  -5.228 0.0000000000
16004  -31.975  -59.119  3.007 0.0000000000
11098  -34.615  -65.402  -1.304 0.0000000000
19443  -34.294  -55.552  -1.994 0.0000000000
15960  -36.960  -58.891  7.243 0.0000000000
19292  -31.593  -55.317  8.379 0.0000000000
20128  -35.189  -54.469  12.580 0.0000000000
20236  -30.224  -54.980  1.323 0.0000000000
17581  -33.561  -57.620  1.112 0.0000000000
22157  -33.591  -52.676  0.597 0.0000000000
16744  -33.944  -58.038  7.359 0.0000000000
15078  -31.988  -60.108  8.481 0.0000000000
22967  -35.461  -51.599  13.061 0.0000000000
21950  -31.104  -52.639  12.364 0.0000000000
10304  -38.733  -66.381  -2.309 0.0000000000
11897  -31.581  -64.682  -2.732 0.0000000000
8786  -33.440  -68.821  -4.156 0.0000000000
9578  -31.139  -67.663  -6.006 0.0000000000
14238  -35.577  -61.144  3.752 0.0000000000
12693  -37.824  -63.815  -1.507 0.0000000000
15151  -32.782  -60.351  -1.033 0.0000000000
16066  -33.958  -59.476  -3.927 0.0000000000
17554  -34.446  -57.171  5.462 0.0000000000
19343  -31.638  -55.813  5.394 0.0000000000
21079  -28.984  -53.844  4.753 0.0000000000
17462  -34.863  -57.249  12.358 0.0000000000
18323  -31.188  -56.296  12.222 0.0000000000
21035  -29.110  -52.981  8.465 0.0000000000
24126  -28.720  -50.624  3.937 0.0000000000
9545  -37.299  -67.677  -4.489 0.0000000000
15271  -40.845  -60.440  -7.644 0.0000000000
13623  -37.909  -62.736  -7.047 0.0000000000
11224  -35.616  -65.587  -9.512 0.0000000000
22154  -30.198  -52.740  0.578 0.0000000000
20249  -31.565  -54.549  0.956 0.0000000000
12709  -40.411  -64.192  -2.021 0.0000000000
11919  -32.090  -64.222  -4.182 0.0000000000
11137  -31.358  -65.814  -4.373 0.0000000000
11150  -31.859  -65.661  -5.585 0.0000000000
10396  -31.951  -66.866  -7.283 0.0000000000
11966  -34.651  -64.570  -6.573 0.0000000000
15119  -34.042  -60.223  4.108 0.0000000000
15136  -33.964  -60.341  2.166 0.0000000000
18509  -33.515  -56.637  -0.040 0.0000000000
16801  -33.722  -58.247  -0.093 0.0000000000
17612  -32.882  -57.759  -1.513 0.0000000000
15170  -32.622  -60.436  -2.435 0.0000000000
17639  -34.117  -57.494  -3.428 0.0000000000
16769  -36.121  -58.160  5.112 0.0000000000
18404  -35.796  -56.600  6.727 0.0000000000
17524  -32.657  -56.775  8.235 0.0000000000
19311  -33.191  -55.529  7.341 0.0000000000
19310  -32.130  -55.196  7.215 0.0000000000
20200  -30.464  -54.874  5.520 0.0000000000
20194  -30.311  -54.444  6.537 0.0000000000
19248  -35.694  -55.470  12.573 0.0000000000
17460  -32.835  -57.246  12.266 0.0000000000
19245  -32.653  -55.449  12.600 0.0000000000
23983  -29.516  -50.609  10.314 0.0000000000
21006  -29.677  -53.036  10.999 0.0000000000
22999  -28.772  -51.321  8.867 0.0000000000
22064  -28.387  -52.195  6.270 0.0000000000
11885  -36.601  -64.624  -1.251 0.0000000000
11126  -38.298  -65.989  -3.556 0.0000000000
10316  -36.381  -66.315  -3.136 0.0000000000
8042  -35.246  -70.089  -5.264 0.0000000000
16182  -40.360  -59.569  -9.926 0.0000000000
14405  -39.527  -61.525  -7.108 0.0000000000
13676  -36.797  -62.824  -10.075 0.0000000000
17578  -30.920  -57.351  2.071 0.0000000000
16790  -32.565  -58.904  1.885 0.0000000000
18494  -31.707  -56.256  1.069 0.0000000000
19405  -33.428  -55.487  1.045 0.0000000000
20252  -34.774  -54.323  0.457 0.0000000000
16758  -35.079  -58.558  7.237 0.0000000000
16755  -32.954  -59.074  6.806 0.0000000000
16735  -31.490  -58.385  8.409 0.0000000000
21002  -35.620  -53.511  12.718 0.0000000000
20999  -32.639  -53.514  12.565 0.0000000000
21952  -33.182  -52.505  12.359 0.0000000000
23966  -31.255  -50.485  11.661 0.0000000000
26194  -30.350  -49.064  10.401 0.0000000000
11096  -32.535  -65.096  -1.381 0.0000000000
9513  -34.579  -66.794  -2.919 0.0000000000
10322  -31.926  -66.793  -2.960 0.0000000000
8784  -31.332  -68.599  -4.723 0.0000000000
7323  -31.450  -70.407  -6.658 0.0000000000
8099  -31.331  -69.566  -8.598 0.0000000000
8870  -32.207  -68.422  -9.560 0.0000000000
8871  -33.062  -68.026  -10.342 0.0000000000
14270  -37.732  -61.627  2.346 0.0000000000
13540  -39.280  -62.664  -1.167 0.0000000000
14309  -36.523  -61.369  -0.098 0.0000000000
13527  -35.225  -62.492  0.053 0.0000000000
16796  -34.359  -58.865  0.874 0.0000000000
15153  -34.597  -60.632  -0.088 0.0000000000
12675  -33.697  -63.450  -0.211 0.0000000000
12691  -32.236  -63.555  -1.178 0.0000000000
13555  -32.749  -62.118  -3.293 0.0000000000
14359  -34.307  -61.389  -4.339 0.0000000000
14240  -37.354  -61.147  4.093 0.0000000000
15986  -35.147  -58.789  4.886 0.0000000000
16777  -33.106  -58.535  4.972 0.0000000000
19331  -34.591  -55.980  7.034 0.0000000000
18417  -32.836  -56.564  5.440 0.0000000000
17560  -31.272  -57.282  4.294 0.0000000000
19363  -30.015  -55.868  3.691 0.0000000000
20211  -29.450  -54.804  3.288 0.0000000000
22140  -28.889  -52.577  1.913 0.0000000000
16694  -33.211  -58.774  11.542 0.0000000000
16716  -31.089  -58.473  10.382 0.0000000000
17511  -30.668  -57.232  9.786 0.0000000000
20124  -31.077  -54.606  12.323 0.0000000000
20154  -30.266  -54.505  10.185 0.0000000000
20168  -30.408  -54.344  9.057 0.0000000000
21064  -28.936  -53.413  6.585 0.0000000000
22107  -28.465  -52.213  4.232 0.0000000000
11900  -39.050  -64.734  -2.663 0.0000000000
9516  -38.579  -67.514  -3.231 0.0000000000
8772  -35.191  -68.106  -4.078 0.0000000000
7292  -36.238  -69.667  -4.634 0.0000000000
17640  -35.204  -57.543  -3.846 0.0000000000
16084  -35.864  -59.557  -4.694 0.0000000000
14385  -35.656  -61.679  -5.021 0.0000000000
14403  -37.639  -61.738  -6.238 0.0000000000
13621  -36.114  -62.709  -6.082 0.0000000000
11990  -35.726  -65.005  -7.525 0.0000000000
11207  -35.640  -65.842  -8.798 0.0000000000
23183  -29.698  -51.780  0.706 0.0000000000
23184  -30.590  -51.696  0.493 0.0000000000
12696  -40.650  -63.644  -1.319 0.0000000000
13542  -40.645  -63.192  -1.475 0.0000000000
12759  -33.267  -63.901  -5.181 0.0000000000
11939  -31.750  -64.962  -4.720 0.0000000000
11940  -32.630  -64.576  -5.313 0.0000000000
11965  -33.327  -64.896  -6.164 0.0000000000
11942  -34.234  -63.919  -5.779 0.0000000000
16006  -33.097  -59.806  3.933 0.0000000000
15131  -33.377  -60.200  3.356 0.0000000000
15130  -32.835  -59.953  3.016 0.0000000000
19425  -33.717  -55.819  -0.562 0.0000000000
18523  -33.260  -56.738  -1.213 0.0000000000
18537  -33.457  -56.601  -2.216 0.0000000000
17631  -33.008  -57.602  -2.244 0.0000000000
18538  -34.215  -56.193  -2.629 0.0000000000
15961  -37.634  -58.991  7.217 0.0000000000
17540  -36.993  -57.682  7.046 0.0000000000
18405  -36.339  -56.849  6.724 0.0000000000
17539  -36.341  -57.426  7.186 0.0000000000
18381  -32.220  -56.160  8.526 0.0000000000
19293  -32.646  -55.591  7.990 0.0000000000
20183  -30.985  -54.797  7.439 0.0000000000
20130  -37.021  -54.551  12.939 0.0000000000
20111  -38.333  -54.676  13.317 0.0000000000
19249  -36.666  -55.542  12.781 0.0000000000
19247  -34.734  -55.420  12.472 0.0000000000
20127  -34.212  -54.458  12.549 0.0000000000
24020  -28.965  -50.344  9.176 0.0000000000
22986  -29.317  -51.290  10.058 0.0000000000
24042  -28.538  -50.659  7.448 0.0000000000
25082  -28.739  -49.771  7.067 0.0000000000
11884  -35.497  -64.783  -0.937 0.0000000000
11099  -35.985  -65.366  -1.579 0.0000000000
11113  -35.421  -65.840  -2.082 0.0000000000
14455  -39.598  -61.681  -9.654 0.0000000000
13677  -38.105  -62.955  -9.940 0.0000000000
14470  -37.216  -62.407  -10.230 0.0000000000
18474  -30.483  -56.465  2.003 0.0000000000
18475  -31.204  -56.914  1.483 0.0000000000
18493  -30.798  -56.022  1.270 0.0000000000
21137  -32.002  -53.591  0.899 0.0000000000
20250  -32.776  -54.544  1.064 0.0000000000
21138  -33.175  -53.605  0.854 0.0000000000
20251  -33.842  -54.484  0.964 0.0000000000
21139  -34.238  -53.597  0.776 0.0000000000
16742  -31.874  -58.488  7.834 0.0000000000
15947  -31.671  -59.512  8.407 0.0000000000
20988  -37.214  -53.211  13.279 0.0000000000
21955  -35.978  -52.560  12.990 0.0000000000
21953  -34.178  -52.530  12.502 0.0000000000
22966  -34.603  -51.585  12.681 0.0000000000
25017  -30.504  -49.606  10.981 0.0000000000
9502  -38.217  -67.214  -2.221 0.0000000000
11095  -31.926  -65.018  -1.801 0.0000000000
10312  -32.414  -66.285  -2.381 0.0000000000
10311  -31.702  -65.974  -2.688 0.0000000000
10354  -31.276  -66.723  -5.287 0.0000000000
10337  -31.237  -66.949  -4.323 0.0000000000
9558  -31.135  -67.718  -5.011 0.0000000000
8808  -30.798  -69.053  -6.067 0.0000000000
7344  -31.330  -70.368  -7.308 0.0000000000
10397  -32.794  -66.723  -7.826 0.0000000000
9624  -31.801  -67.704  -8.223 0.0000000000
9625  -32.701  -67.427  -8.678 0.0000000000
9626  -33.803  -67.212  -9.296 0.0000000000
14254  -36.929  -61.550  3.230 0.0000000000
14285  -37.559  -61.455  1.343 0.0000000000
13528  -36.265  -62.428  -0.136 0.0000000000
14308  -35.730  -61.532  0.026 0.0000000000
17580  -32.662  -57.983  1.480 0.0000000000
16791  -33.647  -58.650  1.343 0.0000000000
16795  -34.014  -58.211  0.705 0.0000000000
16024  -33.565  -59.299  -0.486 0.0000000000
15152  -33.615  -60.511  -0.420 0.0000000000
14306  -33.813  -61.570  -0.206 0.0000000000
14305  -32.814  -61.674  -0.674 0.0000000000
12674  -32.834  -63.504  -0.507 0.0000000000
16065  -33.155  -59.506  -3.302 0.0000000000
14337  -32.751  -61.083  -2.930 0.0000000000
14338  -33.100  -61.179  -3.432 0.0000000000
13556  -33.260  -61.835  -3.771 0.0000000000
15208  -34.026  -60.523  -4.127 0.0000000000
17555  -35.517  -57.135  5.533 0.0000000000
15997  -35.920  -59.358  4.733 0.0000000000
16768  -34.884  -57.998  5.109 0.0000000000
15985  -34.238  -58.822  4.948 0.0000000000
16767  -33.757  -58.253  5.173 0.0000000000
16745  -34.896  -58.007  7.408 0.0000000000
17537  -34.573  -57.207  7.639 0.0000000000
18391  -34.284  -56.427  7.771 0.0000000000
19329  -32.857  -55.509  6.531 0.0000000000
19345  -33.241  -55.885  5.997 0.0000000000
18416  -32.162  -56.271  5.329 0.0000000000
18434  -32.199  -56.690  5.154 0.0000000000
18433  -31.617  -56.600  4.888 0.0000000000
17559  -30.932  -57.045  4.152 0.0000000000
19352  -31.026  -56.139  4.866 0.0000000000
20204  -29.597  -54.665  4.529 0.0000000000
21090  -29.035  -53.976  3.728 0.0000000000
21120  -28.863  -53.178  2.480 0.0000000000
21104  -28.774  -53.335  3.154 0.0000000000
17487  -33.536  -58.088  12.047 0.0000000000
17459  -31.774  -57.250  12.164 0.0000000000
17486  -32.463  -58.104  11.924 0.0000000000
17500  -30.849  -57.894  10.863 0.0000000000
16715  -30.715  -57.876  9.856 0.0000000000
17484  -30.757  -57.257  11.070 0.0000000000
20998  -31.590  -53.571  12.472 0.0000000000
20125  -32.100  -54.523  12.557 0.0000000000
20997  -30.712  -53.570  12.218 0.0000000000
21023  -29.367  -53.023  9.401 0.0000000000
21012  -29.901  -53.730  10.658 0.0000000000
21024  -29.852  -53.723  9.713 0.0000000000
21036  -29.691  -53.590  8.730 0.0000000000
20182  -29.973  -53.970  7.693 0.0000000000
21050  -28.955  -53.193  7.510 0.0000000000
23110  -28.385  -51.192  4.702 0.0000000000
22088  -28.335  -52.143  5.304 0.0000000000
23129  -28.579  -51.416  3.611 0.0000000000
23147  -28.751  -51.327  2.712 0.0000000000
12680  -38.778  -62.868  -1.187 0.0000000000
12694  -39.228  -63.687  -1.848 0.0000000000
11887  -38.312  -64.326  -2.043 0.0000000000
10326  -38.091  -66.561  -4.064 0.0000000000
10327  -38.820  -66.762  -3.900 0.0000000000
9547  -39.295  -67.599  -4.815 0.0000000000
8755  -37.787  -68.495  -3.301 0.0000000000
7997  -37.430  -68.943  -3.969 0.0000000000
9526  -33.498  -67.552  -3.252 0.0000000000
9527  -34.821  -67.334  -3.405 0.0000000000
8787  -34.657  -68.824  -4.354 0.0000000000
6543  -35.181  -70.915  -4.925 0.0000000000
7291  -35.760  -70.201  -4.774 0.0000000000
18552  -36.070  -56.369  -3.352 0.0000000000
17641  -36.401  -57.084  -3.892 0.0000000000
16085  -36.873  -59.553  -5.034 0.0000000000
15211  -36.184  -60.416  -4.963 0.0000000000
15230  -36.757  -60.419  -5.227 0.0000000000
13624  -38.913  -62.340  -7.275 0.0000000000
14404  -38.633  -61.725  -6.653 0.0000000000
14402  -36.875  -61.818  -5.928 0.0000000000
13622  -36.871  -62.592  -6.398 0.0000000000
12782  -36.208  -63.418  -6.578 0.0000000000
12783  -37.026  -63.527  -7.182 0.0000000000
11225  -36.402  -64.913  -9.367 0.0000000000
11208  -36.396  -65.298  -8.882 0.0000000000
21135  -29.864  -53.806  0.853 0.0000000000
20248  -30.463  -54.585  0.984 0.0000000000
21136  -30.838  -53.673  0.704 0.0000000000
22155  -31.265  -52.661  0.560 0.0000000000
22156  -32.444  -52.635  0.590 0.0000000000
23957  -34.246  -50.646  12.388 0.0000000000
24989  -34.666  -49.753  12.426 0.0000000000
11117  -39.683  -65.248  -2.144 0.0000000000
11909  -31.762  -64.285  -3.514 0.0000000000
11124  -31.457  -65.372  -3.250 0.0000000000
11918  -31.544  -64.854  -3.906 0.0000000000
10376  -31.600  -66.667  -6.393 0.0000000000
11169  -32.081  -66.054  -6.292 0.0000000000
10377  -32.352  -66.332  -6.864 0.0000000000
11171  -33.792  -65.549  -6.964 0.0000000000
15133  -35.243  -61.111  3.613 0.0000000000
15132  -34.592  -60.917  3.184 0.0000000000
15137  -34.736  -60.874  2.074 0.0000000000
15141  -35.122  -60.267  1.072 0.0000000000
18496  -33.485  -56.620  0.905 0.0000000000
17586  -33.607  -57.461  0.425 0.0000000000
17596  -33.200  -57.577  -0.678 0.0000000000
17595  -32.859  -58.107  -1.056 0.0000000000
16812  -32.760  -58.640  -1.369 0.0000000000
15159  -32.536  -60.650  -1.802 0.0000000000
16829  -32.743  -58.589  -2.172 0.0000000000
16844  -32.944  -58.850  -2.873 0.0000000000
16845  -33.478  -58.468  -3.354 0.0000000000
18420  -35.783  -56.566  6.137 0.0000000000
18419  -34.941  -56.491  5.928 0.0000000000
17536  -33.461  -57.154  7.916 0.0000000000
18383  -33.642  -56.205  8.078 0.0000000000
19294  -33.349  -55.789  7.881 0.0000000000
19328  -31.979  -55.329  6.169 0.0000000000
19342  -30.810  -55.560  5.135 0.0000000000
20195  -31.213  -54.963  6.453 0.0000000000
20199  -29.602  -54.274  5.609 0.0000000000
18328  -36.170  -56.537  12.539 0.0000000000
18327  -35.247  -56.396  12.478 0.0000000000
17461  -33.896  -57.235  12.302 0.0000000000
18326  -34.291  -56.349  12.453 0.0000000000
18325  -33.253  -56.353  12.479 0.0000000000
18324  -32.171  -56.378  12.496 0.0000000000
22974  -30.142  -51.208  11.363 0.0000000000
21949  -30.423  -52.822  12.039 0.0000000000
21970  -29.575  -52.086  10.800 0.0000000000
21969  -29.347  -52.164  10.081 0.0000000000
21984  -29.082  -52.308  9.090 0.0000000000
22024  -28.800  -52.730  7.999 0.0000000000
23042  -28.534  -51.463  7.821 0.0000000000
24064  -28.486  -50.555  6.484 0.0000000000
24110  -28.703  -50.390  4.638 0.0000000000
12692  -37.191  -64.125  -1.251 0.0000000000
11899  -37.976  -64.990  -2.317 0.0000000000
11898  -37.034  -64.831  -2.106 0.0000000000
11125  -37.650  -66.185  -3.506 0.0000000000
9529  -37.585  -67.065  -4.317 0.0000000000
8016  -33.962  -69.479  -4.748 0.0000000000
15303  -40.464  -60.467  -9.641 0.0000000000
15288  -40.788  -60.542  -8.719 0.0000000000
14406  -40.233  -61.150  -7.481 0.0000000000
14423  -40.405  -61.196  -8.301 0.0000000000
14422  -39.782  -61.887  -7.955 0.0000000000
13645  -39.204  -62.648  -7.900 0.0000000000
12805  -38.360  -63.580  -8.020 0.0000000000
12846  -37.247  -63.491  -9.851 0.0000000000
12034  -36.025  -64.478  -9.614 0.0000000000
17572  -31.292  -57.937  2.637 0.0000000000
16787  -32.280  -59.159  2.351 0.0000000000
17579  -31.648  -57.863  1.798 0.0000000000
18476  -32.181  -57.107  1.353 0.0000000000
18495  -32.813  -56.352  1.173 0.0000000000
19403  -31.186  -55.391  0.946 0.0000000000
19404  -32.267  -55.449  1.012 0.0000000000
19414  -33.791  -55.773  0.454 0.0000000000
19415  -34.267  -55.109  -0.026 0.0000000000
20265  -34.874  -54.559  -0.504 0.0000000000
15959  -36.112  -58.819  7.231 0.0000000000
15972  -34.039  -59.471  6.558 0.0000000000
16756  -33.504  -58.841  6.782 0.0000000000
16743  -32.776  -58.510  7.331 0.0000000000
17535  -32.325  -57.713  7.979 0.0000000000
17523  -31.613  -57.341  8.493 0.0000000000
21003  -36.572  -53.528  12.978 0.0000000000
21001  -34.682  -53.497  12.579 0.0000000000
21951  -32.114  -52.559  12.425 0.0000000000
22965  -33.724  -51.535  12.312 0.0000000000
22964  -32.616  -51.387  12.086 0.0000000000
22975  -30.829  -51.401  11.881 0.0000000000
23965  -30.590  -50.534  11.416 0.0000000000
25016  -29.839  -49.961  10.498 0.0000000000
26217  -29.538  -49.255  9.223 0.0000000000
11097  -33.439  -65.369  -1.259 0.0000000000
10314  -34.563  -66.318  -2.343 0.0000000000
10313  -33.401  -66.400  -2.282 0.0000000000
9511  -32.888  -66.932  -2.819 0.0000000000
9525  -32.391  -67.567  -3.327 0.0000000000
8785  -32.210  -68.581  -4.077 0.0000000000
7305  -32.687  -70.506  -5.641 0.0000000000
9601  -31.396  -67.707  -7.263 0.0000000000
8844  -31.440  -68.527  -8.311 0.0000000000
7397  -31.742  -70.403  -10.009 0.0000000000
8140  -32.037  -69.719  -10.511 0.0000000000
8889  -32.591  -68.795  -10.752 0.0000000000
14300  -39.237  -61.533  0.583 0.0000000000
13531  -39.611  -61.919  -0.470 0.0000000000
14312  -38.930  -61.434  0.055 0.0000000000
14311  -38.411  -61.410  -0.167 0.0000000000
13530  -38.434  -62.128  -0.737 0.0000000000
14310  -37.472  -61.396  -0.230 0.0000000000
13529  -37.297  -62.266  -0.495 0.0000000000
12678  -36.872  -63.498  -0.766 0.0000000000
11870  -35.958  -64.131  -0.659 0.0000000000
11869  -35.116  -64.146  -0.482 0.0000000000
16014  -33.154  -59.363  1.828 0.0000000000
16016  -34.483  -59.474  1.097 0.0000000000
16802  -34.346  -58.840  0.198 0.0000000000
16025  -34.497  -59.689  -0.136 0.0000000000
14307  -34.814  -61.562  0.064 0.0000000000
12676  -34.671  -63.411  -0.131 0.0000000000
11084  -34.330  -64.858  -0.759 0.0000000000
11082  -33.081  -64.852  -0.852 0.0000000000
11882  -32.100  -64.434  -1.489 0.0000000000
12690  -31.866  -63.983  -1.796 0.0000000000
14324  -32.526  -61.353  -2.379 0.0000000000
13547  -32.329  -62.384  -2.276 0.0000000000
12716  -32.123  -63.472  -3.151 0.0000000000
13575  -33.182  -62.366  -3.918 0.0000000000
12732  -33.040  -63.256  -4.394 0.0000000000
12733  -34.151  -62.931  -4.819 0.0000000000
14271  -38.766  -61.584  2.391 0.0000000000
14255  -38.059  -61.463  3.288 0.0000000000
14239  -36.207  -61.184  3.927 0.0000000000
16778  -36.521  -58.736  4.914 0.0000000000
15120  -35.284  -60.645  4.216 0.0000000000
15996  -34.621  -59.613  4.692 0.0000000000
15995  -33.368  -59.272  4.567 0.0000000000
15994  -32.539  -59.132  4.286 0.0000000000
17538  -35.486  -57.320  7.416 0.0000000000
18392  -35.110  -56.506  7.306 0.0000000000
18402  -34.517  -56.128  6.415 0.0000000000
19312  -33.979  -55.866  7.515 0.0000000000
19330  -33.824  -55.758  6.666 0.0000000000
18418  -33.937  -56.357  5.842 0.0000000000
17552  -32.853  -57.254  5.258 0.0000000000
16776  -32.500  -58.534  4.676 0.0000000000
16775  -31.697  -58.173  4.226 0.0000000000
17565  -31.186  -57.741  3.526 0.0000000000
17571  -30.641  -57.088  2.872 0.0000000000
19376  -29.740  -55.449  2.522 0.0000000000
20205  -30.226  -55.254  4.708 0.0000000000
19362  -29.757  -55.563  3.274 0.0000000000
20223  -29.463  -54.584  2.245 0.0000000000
21121  -29.302  -53.627  1.768 0.0000000000
22141  -29.408  -52.719  1.070 0.0000000000
16693  -32.250  -58.830  11.418 0.0000000000
15934  -31.546  -59.428  9.630 0.0000000000
15946  -31.399  -59.114  8.789 0.0000000000
16725  -30.771  -57.656  9.504 0.0000000000
19274  -31.035  -55.691  9.091 0.0000000000
20126  -33.170  -54.476  12.639 0.0000000000
19244  -31.636  -55.480  12.476 0.0000000000
19243  -30.969  -55.512  12.248 0.0000000000
21007  -30.106  -53.464  11.557 0.0000000000
20141  -30.243  -54.452  11.150 0.0000000000
18342  -30.693  -56.252  11.449 0.0000000000
19262  -30.452  -55.415  10.776 0.0000000000
19273  -30.640  -55.422  9.724 0.0000000000
19291  -30.921  -55.059  8.931 0.0000000000
20169  -30.784  -54.693  8.309 0.0000000000
20193  -29.526  -53.896  6.529 0.0000000000
21070  -28.972  -53.622  5.729 0.0000000000
21063  -28.603  -52.837  6.735 0.0000000000
21069  -28.594  -52.899  5.921 0.0000000000
21078  -28.605  -52.999  4.966 0.0000000000
22125  -28.622  -52.378  2.994 0.0000000000
23148  -28.934  -51.181  2.005 0.0000000000
13541  -40.169  -62.859  -1.465 0.0000000000
11901  -39.775  -64.870  -2.565 0.0000000000
11116  -39.154  -65.586  -2.707 0.0000000000
11115  -38.562  -65.385  -3.092 0.0000000000
10317  -39.074  -66.532  -3.061 0.0000000000
9503  -38.709  -66.910  -2.699 0.0000000000
9515  -37.694  -67.973  -2.521 0.0000000000
10323  -35.090  -66.696  -2.975 0.0000000000
9528  -36.353  -67.560  -4.057 0.0000000000
9544  -36.765  -68.059  -4.524 0.0000000000
8017  -35.111  -69.469  -4.889 0.0000000000
8018  -36.088  -69.412  -4.798 0.0000000000
8019  -36.660  -69.214  -4.440 0.0000000000
23186  -32.943  -51.651  0.369 0.0000000000
21140  -35.097  -53.520  0.626 0.0000000000
20253  -35.441  -53.915  0.426 0.0000000000
20282  -35.520  -54.564  -1.198 0.0000000000
19458  -34.847  -55.672  -2.588 0.0000000000
18551  -34.814  -56.445  -3.191 0.0000000000
16067  -34.477  -58.993  -4.112 0.0000000000
17663  -35.967  -57.978  -4.172 0.0000000000
16859  -35.539  -58.738  -4.394 0.0000000000
16083  -34.876  -59.547  -4.357 0.0000000000
15209  -34.688  -60.572  -4.385 0.0000000000
14360  -35.140  -61.398  -4.633 0.0000000000
13604  -35.007  -62.558  -5.126 0.0000000000
15253  -39.225  -60.793  -6.436 0.0000000000
15252  -38.327  -60.939  -6.159 0.0000000000
15232  -38.014  -60.347  -5.696 0.0000000000
14387  -37.160  -61.300  -5.774 0.0000000000
13606  -36.384  -62.177  -5.825 0.0000000000
12761  -34.807  -63.287  -5.590 0.0000000000
12781  -35.416  -63.704  -6.370 0.0000000000
11989  -35.082  -65.330  -7.458 0.0000000000
11190  -36.117  -65.374  -8.225 0.0000000000
11206  -35.248  -66.001  -8.422 0.0000000000
9627  -34.411  -67.034  -9.763 0.0000000000
7279  -36.340  -69.719  -4.364 0.0000000000
7304  -31.689  -70.166  -5.798 0.0000000000
7308  -35.099  -70.609  -5.231 0.0000000000
7324  -32.203  -70.789  -6.236 0.0000000000
7975  -37.413  -68.895  -3.726 0.0000000000
7998  -39.810  -67.801  -4.196 0.0000000000
7999  -40.015  -68.320  -3.999 0.0000000000
8000  -40.072  -68.708  -3.779 0.0000000000
8020  -40.081  -68.007  -4.596 0.0000000000
8021  -40.038  -68.782  -4.280 0.0000000000
8037  -30.914  -68.967  -5.655 0.0000000000
8043  -40.013  -68.587  -4.904 0.0000000000
8059  -30.904  -69.113  -5.838 0.0000000000
8060  -31.072  -69.467  -6.211 0.0000000000
8077  -31.078  -69.514  -7.378 0.0000000000
8120  -31.664  -69.549  -9.702 0.0000000000
8121  -32.104  -69.102  -10.209 0.0000000000
8139  -31.757  -69.900  -10.128 0.0000000000
8756  -38.537  -68.138  -3.814 0.0000000000
8770  -32.971  -68.218  -3.587 0.0000000000
8771  -34.095  -68.188  -3.759 0.0000000000
8773  -37.213  -68.889  -4.269 0.0000000000
8774  -37.906  -68.539  -4.061 0.0000000000
8775  -39.355  -67.902  -4.086 0.0000000000
8776  -39.926  -68.356  -3.660 0.0000000000
8777  -40.196  -68.412  -4.007 0.0000000000
8788  -35.975  -68.571  -4.592 0.0000000000
8789  -37.280  -68.383  -4.497 0.0000000000
8790  -39.151  -67.751  -4.625 0.0000000000
8791  -40.181  -68.327  -4.515 0.0000000000
8797  -30.824  -68.881  -5.883 0.0000000000
8798  -31.023  -68.570  -5.584 0.0000000000
8799  -40.053  -68.061  -5.265 0.0000000000
8800  -40.146  -68.222  -4.995 0.0000000000
8810  -39.679  -68.200  -5.275 0.0000000000
8845  -31.958  -67.966  -8.740 0.0000000000
8869  -31.538  -68.996  -9.086 0.0000000000
9501  -37.002  -67.562  -1.899 0.0000000000
9512  -33.940  -66.904  -2.828 0.0000000000
9530  -38.155  -66.896  -4.478 0.0000000000
9531  -38.957  -67.800  -4.320 0.0000000000
9532  -39.858  -67.766  -4.013 0.0000000000
9533  -40.200  -68.080  -3.763 0.0000000000
9542  -31.467  -67.850  -4.214 0.0000000000
9546  -38.290  -67.396  -4.618 0.0000000000
9548  -39.922  -67.550  -5.032 0.0000000000
9549  -40.241  -67.932  -4.239 0.0000000000
9559  -39.486  -67.639  -5.110 0.0000000000
9560  -39.872  -67.648  -5.265 0.0000000000
9561  -40.198  -67.865  -4.978 0.0000000000
9579  -39.586  -67.796  -5.319 0.0000000000
9580  -39.844  -67.887  -5.543 0.0000000000
9602  -32.078  -67.248  -7.872 0.0000000000
9644  -33.129  -67.664  -9.686 0.0000000000
10298  -32.917  -65.812  -1.802 0.0000000000
10299  -33.871  -65.887  -1.779 0.0000000000
10300  -34.424  -65.859  -1.839 0.0000000000
10315  -35.712  -66.289  -2.759 0.0000000000
10324  -35.889  -66.806  -3.325 0.0000000000
10325  -37.017  -66.601  -3.593 0.0000000000
10338  -38.484  -66.911  -4.418 0.0000000000
10339  -38.696  -67.361  -4.459 0.0000000000
10378  -33.102  -66.100  -7.141 0.0000000000
10399  -34.510  -66.199  -8.017 0.0000000000
10415  -33.008  -67.002  -8.326 0.0000000000
10416  -33.518  -66.882  -8.462 0.0000000000
10417  -34.770  -66.515  -8.863 0.0000000000
10418  -35.453  -66.195  -9.297 0.0000000000
11083  -33.806  -64.894  -0.766 0.0000000000
11100  -36.671  -65.212  -1.818 0.0000000000
11110  -31.678  -65.217  -2.394 0.0000000000
11111  -32.126  -65.588  -2.037 0.0000000000
11112  -34.733  -65.849  -1.898 0.0000000000
11114  -36.995  -65.704  -2.715 0.0000000000
11127  -38.980  -66.003  -3.346 0.0000000000
11151  -32.469  -65.232  -5.776 0.0000000000
11170  -32.688  -65.587  -6.355 0.0000000000
11172  -34.553  -65.445  -7.289 0.0000000000
11187  -34.322  -65.866  -7.601 0.0000000000
11188  -34.891  -65.893  -7.933 0.0000000000
11189  -35.509  -65.639  -8.045 0.0000000000
11866  -32.601  -64.317  -0.890 0.0000000000
11867  -33.320  -64.256  -0.505 0.0000000000
11868  -34.218  -64.285  -0.424 0.0000000000
11881  -31.731  -64.572  -2.071 0.0000000000
11883  -34.743  -64.724  -0.739 0.0000000000
11886  -37.492  -64.486  -1.688 0.0000000000
11889  -40.195  -64.438  -1.602 0.0000000000
11902  -40.158  -64.761  -2.183 0.0000000000
11908  -31.552  -64.676  -3.284 0.0000000000
11941  -33.664  -64.258  -5.686 0.0000000000
11964  -32.760  -65.069  -5.903 0.0000000000
11967  -35.893  -64.212  -7.026 0.0000000000
11968  -36.483  -63.923  -7.199 0.0000000000
12014  -37.007  -64.753  -9.076 0.0000000000
12035  -36.767  -64.266  -9.562 0.0000000000
12036  -37.350  -64.167  -9.386 0.0000000000
12677  -35.689  -63.386  -0.268 0.0000000000
12679  -38.082  -63.026  -1.087 0.0000000000
12695  -40.379  -63.617  -1.939 0.0000000000
12705  -31.732  -64.030  -2.445 0.0000000000
12706  -32.012  -63.319  -2.007 0.0000000000
12707  -39.635  -64.419  -2.586 0.0000000000
12708  -40.136  -64.301  -2.445 0.0000000000
12715  -31.664  -64.211  -3.027 0.0000000000
12734  -34.651  -62.758  -5.052 0.0000000000
12762  -35.628  -63.100  -6.013 0.0000000000
12784  -37.597  -63.520  -7.468 0.0000000000
12803  -37.320  -63.921  -7.621 0.0000000000
12804  -37.755  -63.989  -7.853 0.0000000000
12806  -38.773  -63.161  -8.123 0.0000000000
12828  -39.004  -62.950  -8.460 0.0000000000
12845  -36.437  -63.541  -9.796 0.0000000000
12847  -38.045  -63.612  -9.400 0.0000000000
12868  -37.469  -63.046  -9.986 0.0000000000
12869  -37.712  -63.177  -9.907 0.0000000000
13514  -39.842  -61.693  0.280 0.0000000000
13515  -40.457  -62.086  0.384 0.0000000000
13524  -32.585  -62.768  -0.715 0.0000000000
13525  -33.226  -62.582  -0.321 0.0000000000
13526  -34.198  -62.521  -0.039 0.0000000000
13539  -32.328  -62.531  -1.336 0.0000000000
13576  -33.745  -62.211  -4.253 0.0000000000
13577  -34.647  -62.244  -4.670 0.0000000000
13578  -35.261  -62.099  -4.906 0.0000000000
13605  -35.664  -62.385  -5.460 0.0000000000
13625  -39.375  -62.125  -7.539 0.0000000000
13643  -38.036  -63.383  -7.609 0.0000000000
13644  -38.538  -62.984  -7.666 0.0000000000
13662  -39.414  -62.464  -8.607 0.0000000000
13678  -38.625  -62.784  -9.616 0.0000000000
13698  -37.272  -62.882  -10.075 0.0000000000
13699  -37.698  -62.658  -10.182 0.0000000000
13700  -38.362  -62.330  -10.172 0.0000000000
14252  -35.159  -61.219  2.379 0.0000000000
14253  -35.718  -61.387  3.064 0.0000000000
14286  -38.505  -61.537  1.461 0.0000000000
14299  -38.366  -61.351  0.568 0.0000000000
14358  -33.625  -61.263  -3.942 0.0000000000
14361  -35.793  -61.089  -4.858 0.0000000000
14386  -36.425  -61.344  -5.349 0.0000000000
14439  -39.909  -61.737  -8.957 0.0000000000
14440  -40.434  -61.107  -9.091 0.0000000000
14471  -37.810  -61.836  -10.247 0.0000000000
14473  -39.420  -61.399  -10.012 0.0000000000
14474  -39.765  -61.316  -9.869 0.0000000000
15060  -31.824  -59.871  9.425 0.0000000000
15077  -31.706  -59.786  9.049 0.0000000000
15118  -33.424  -59.948  4.041 0.0000000000
15121  -36.619  -60.379  4.522 0.0000000000
15135  -33.155  -60.082  2.632 0.0000000000
15140  -34.298  -59.979  1.415 0.0000000000
15154  -35.414  -60.817  0.005 0.0000000000
15186  -32.882  -60.352  -3.096 0.0000000000
15187  -33.442  -60.389  -3.633 0.0000000000
15210  -35.420  -60.447  -4.657 0.0000000000
15231  -37.236  -60.629  -5.505 0.0000000000
15251  -37.673  -60.991  -5.862 0.0000000000
15272  -41.205  -59.962  -8.344 0.0000000000
15304  -40.764  -59.784  -9.656 0.0000000000
15899  -32.184  -59.268  10.900 0.0000000000
15900  -32.901  -59.302  11.010 0.0000000000
15919  -31.743  -59.337  10.440 0.0000000000
15956  -31.556  -59.009  8.152 0.0000000000
15957  -31.939  -59.376  7.651 0.0000000000
15958  -35.702  -58.781  7.222 0.0000000000
15970  -32.596  -59.497  7.044 0.0000000000
15971  -33.199  -59.575  6.705 0.0000000000
15976  -38.072  -59.475  7.037 0.0000000000
15984  -33.764  -58.823  4.959 0.0000000000
16005  -32.518  -59.462  3.528 0.0000000000
16009  -32.206  -59.266  2.753 0.0000000000
16010  -32.672  -59.584  2.490 0.0000000000
16011  -33.283  -59.877  2.114 0.0000000000
16015  -33.807  -59.589  1.534 0.0000000000
16034  -32.617  -59.636  -1.756 0.0000000000
16048  -32.737  -59.555  -2.624 0.0000000000
16082  -34.373  -60.036  -4.205 0.0000000000
16200  -40.006  -60.412  -10.125 0.0000000000
16692  -31.661  -58.850  10.964 0.0000000000
16726  -30.987  -58.252  9.217 0.0000000000
16746  -35.714  -58.278  7.303 0.0000000000
16747  -36.663  -58.197  7.223 0.0000000000
16748  -37.577  -58.340  7.048 0.0000000000
16757  -34.446  -58.656  6.965 0.0000000000
16766  -32.931  -57.909  5.202 0.0000000000
16779  -36.799  -58.489  5.028 0.0000000000
16782  -31.715  -58.654  3.354 0.0000000000
16783  -32.059  -58.918  4.100 0.0000000000
16786  -31.883  -58.737  2.400 0.0000000000
16789  -32.106  -58.442  1.804 0.0000000000
16792  -34.139  -59.087  1.225 0.0000000000
16800  -33.061  -58.509  -0.759 0.0000000000
16830  -33.069  -58.194  -2.720 0.0000000000
16846  -34.313  -58.415  -3.840 0.0000000000
16858  -34.933  -58.569  -4.143 0.0000000000
17463  -35.693  -57.327  12.365 0.0000000000
17485  -31.377  -58.043  11.414 0.0000000000
17499  -30.693  -57.571  10.397 0.0000000000
17512  -30.894  -57.216  9.178 0.0000000000
17525  -33.235  -56.510  8.174 0.0000000000
17534  -31.789  -57.999  8.154 0.0000000000
17546  -36.707  -57.228  6.815 0.0000000000
17553  -33.470  -57.216  5.379 0.0000000000
17561  -32.201  -57.388  4.930 0.0000000000
17564  -30.799  -57.090  3.799 0.0000000000
17613  -33.052  -57.311  -1.244 0.0000000000
17632  -33.434  -57.503  -2.859 0.0000000000
17662  -35.387  -58.214  -4.133 0.0000000000
18322  -30.773  -55.843  11.995 0.0000000000
18343  -31.106  -57.037  11.698 0.0000000000
18354  -30.594  -56.536  10.382 0.0000000000
18366  -30.783  -56.422  9.503 0.0000000000
18367  -31.372  -56.343  8.940 0.0000000000
18382  -33.018  -56.096  8.224 0.0000000000
18393  -35.980  -56.874  7.127 0.0000000000
18394  -36.419  -56.990  7.040 0.0000000000
18403  -35.142  -56.347  6.599 0.0000000000
18421  -36.184  -56.711  6.394 0.0000000000
18432  -30.855  -56.677  4.317 0.0000000000
18446  -29.950  -55.995  3.240 0.0000000000
18447  -30.365  -56.416  3.570 0.0000000000
18459  -29.820  -55.822  2.937 0.0000000000
18460  -30.119  -56.175  2.750 0.0000000000
18477  -33.064  -57.113  1.265 0.0000000000
18522  -33.044  -57.230  -1.478 0.0000000000
18536  -33.045  -57.154  -1.770 0.0000000000
18550  -33.920  -56.802  -2.944 0.0000000000
19246  -33.721  -55.418  12.539 0.0000000000
19255  -30.626  -55.209  11.725 0.0000000000
19313  -34.515  -56.145  7.429 0.0000000000
19344  -32.496  -55.809  5.762 0.0000000000
19350  -29.854  -55.362  3.987 0.0000000000
19351  -30.406  -55.916  4.356 0.0000000000
19377  -30.069  -55.912  2.223 0.0000000000
19389  -29.710  -55.050  1.929 0.0000000000
19390  -30.129  -55.484  1.709 0.0000000000
19402  -30.543  -55.294  1.226 0.0000000000
19406  -34.052  -55.043  0.667 0.0000000000
19426  -34.284  -55.163  -1.070 0.0000000000
19427  -34.806  -54.914  -1.528 0.0000000000
19442  -33.691  -55.905  -1.462 0.0000000000
20129  -36.133  -54.500  12.725 0.0000000000
20131  -37.656  -54.428  13.147 0.0000000000
20135  -30.480  -54.274  11.865 0.0000000000
20181  -29.361  -53.607  7.067 0.0000000000
20201  -31.228  -55.310  5.768 0.0000000000
20235  -29.830  -54.574  1.412 0.0000000000
20247  -29.981  -54.347  0.992 0.0000000000
20281  -34.812  -54.712  -1.132 0.0000000000
21000  -33.696  -53.490  12.549 0.0000000000
21004  -37.271  -53.855  13.098 0.0000000000
21011  -29.575  -53.060  10.272 0.0000000000
21049  -28.600  -52.709  7.201 0.0000000000
21051  -29.451  -53.427  8.090 0.0000000000
21089  -28.651  -53.145  3.950 0.0000000000
21105  -29.128  -53.915  2.757 0.0000000000
21954  -35.089  -52.559  12.753 0.0000000000
21959  -29.579  -52.524  10.743 0.0000000000
21960  -29.958  -52.233  11.453 0.0000000000
21961  -30.635  -52.213  12.049 0.0000000000
22003  -28.605  -51.919  8.058 0.0000000000
22004  -28.769  -52.265  8.367 0.0000000000
22023  -28.581  -52.298  7.609 0.0000000000
22045  -28.471  -52.340  6.942 0.0000000000
22962  -31.021  -51.999  12.203 0.0000000000
22963  -31.578  -51.823  12.194 0.0000000000
22976  -31.772  -51.008  11.939 0.0000000000
22987  -29.616  -51.430  10.778 0.0000000000
23000  -29.051  -51.516  9.394 0.0000000000
23018  -28.658  -51.594  8.413 0.0000000000
23019  -28.840  -51.816  8.839 0.0000000000
23067  -28.402  -51.551  6.917 0.0000000000
23089  -28.305  -51.320  5.851 0.0000000000
23167  -28.736  -51.823  2.156 0.0000000000
23984  -29.949  -50.520  10.984 0.0000000000
24001  -29.159  -50.739  9.656 0.0000000000
24087  -28.617  -50.313  5.494 0.0000000000
24127  -29.109  -50.089  3.362 0.0000000000
25000  -30.927  -50.054  11.421 0.0000000000
25036  -29.436  -49.796  9.742 0.0000000000
25037  -29.994  -49.402  10.296 0.0000000000
25055  -28.735  -49.936  7.922 0.0000000000
26218  -30.121  -48.833  9.666 0.0000000000
