#!ascii label  , from subject S2_Demo vox2ras=TkReg
1465
45342  21.430  -23.595  52.284 0.0000000000
77061  42.987  -0.081  32.817 0.0000000000
59732  32.476  -12.257  46.735 0.0000000000
67801  37.399  -6.512  49.815 0.0000000000
58491  26.601  -13.177  43.520 0.0000000000
54542  27.894  -16.606  55.372 0.0000000000
81598  43.841  3.413  18.599 0.0000000000
75648  49.941  -1.069  29.988 0.0000000000
73942  40.621  -1.765  46.279 0.0000000000
96197  55.718  11.538  10.701 0.0000000000
55890  36.094  -16.211  52.016 0.0000000000
46478  24.320  -21.831  55.834 0.0000000000
77227  47.555  -0.628  23.726 0.0000000000
75713  45.629  -1.529  26.341 0.0000000000
72688  45.902  -3.126  36.608 0.0000000000
77027  48.239  -0.197  34.946 0.0000000000
71081  42.453  -4.692  38.770 0.0000000000
72554  37.551  -3.185  42.485 0.0000000000
64837  33.709  -8.650  47.015 0.0000000000
57137  29.526  -14.416  51.379 0.0000000000
60897  28.227  -11.496  53.545 0.0000000000
60978  25.220  -11.495  48.595 0.0000000000
55956  25.187  -15.321  48.582 0.0000000000
55993  30.948  -15.289  46.274 0.0000000000
82939  45.029  4.058  16.507 0.0000000000
77295  48.373  0.002  19.828 0.0000000000
78628  46.426  0.844  31.420 0.0000000000
70909  44.198  -4.619  45.392 0.0000000000
75413  39.217  -1.894  46.402 0.0000000000
91504  46.727  9.311  14.452 0.0000000000
88687  48.994  6.723  12.517 0.0000000000
85847  52.694  5.639  10.806 0.0000000000
57095  36.055  -14.821  54.268 0.0000000000
46491  23.537  -22.451  53.939 0.0000000000
44100  22.199  -24.001  57.244 0.0000000000
45297  20.896  -23.859  56.138 0.0000000000
78778  44.283  0.045  23.331 0.0000000000
72601  46.345  -3.349  39.682 0.0000000000
74087  47.600  -2.210  38.324 0.0000000000
46524  15.282  -22.942  51.797 0.0000000000
72710  42.362  -4.170  36.041 0.0000000000
66389  33.179  -7.607  42.644 0.0000000000
66387  34.786  -7.363  42.999 0.0000000000
63469  32.379  -9.614  45.944 0.0000000000
57193  28.089  -14.459  47.585 0.0000000000
59711  27.367  -12.126  48.847 0.0000000000
59783  26.115  -12.638  45.599 0.0000000000
57224  28.695  -15.017  45.592 0.0000000000
55926  30.008  -15.893  49.627 0.0000000000
58355  28.129  -13.107  54.094 0.0000000000
82914  44.354  3.902  18.140 0.0000000000
80257  46.372  2.390  18.701 0.0000000000
80248  45.805  1.257  18.987 0.0000000000
77181  48.229  -1.044  25.853 0.0000000000
77202  49.396  -0.549  24.547 0.0000000000
78646  42.353  0.360  30.325 0.0000000000
77101  43.734  -0.388  30.212 0.0000000000
80030  44.672  1.139  32.865 0.0000000000
70929  40.590  -3.562  44.298 0.0000000000
70942  42.372  -4.620  43.539 0.0000000000
70894  42.117  -3.750  46.622 0.0000000000
69401  37.823  -5.517  45.946 0.0000000000
72511  38.360  -3.367  44.571 0.0000000000
70878  39.026  -4.500  48.023 0.0000000000
88659  43.646  7.458  18.185 0.0000000000
93040  46.178  10.125  16.729 0.0000000000
88665  43.914  7.109  16.173 0.0000000000
87272  44.723  6.262  15.131 0.0000000000
87307  55.441  6.676  10.725 0.0000000000
90113  53.579  8.537  10.995 0.0000000000
87294  51.045  6.454  11.885 0.0000000000
91523  50.991  9.167  11.750 0.0000000000
54655  34.953  -16.183  49.082 0.0000000000
55972  36.588  -15.505  47.774 0.0000000000
54610  38.212  -16.429  50.694 0.0000000000
50599  26.402  -19.033  55.438 0.0000000000
50562  25.567  -19.774  59.235 0.0000000000
45272  23.816  -23.308  57.943 0.0000000000
82889  43.016  3.142  19.667 0.0000000000
78821  45.294  0.216  19.917 0.0000000000
78793  45.212  -0.151  21.930 0.0000000000
75746  46.810  -1.194  24.921 0.0000000000
75677  48.205  -1.419  28.604 0.0000000000
74172  44.629  -2.666  34.115 0.0000000000
75593  46.149  -1.167  33.962 0.0000000000
74150  47.440  -2.018  35.834 0.0000000000
79850  40.713  1.097  45.206 0.0000000000
69317  38.870  -5.126  51.036 0.0000000000
45368  18.943  -23.086  50.632 0.0000000000
44152  18.738  -24.600  53.825 0.0000000000
44166  16.807  -24.900  52.222 0.0000000000
75623  42.033  -1.344  32.689 0.0000000000
72724  42.959  -3.467  34.789 0.0000000000
72660  44.470  -4.180  38.008 0.0000000000
71005  45.077  -4.401  40.602 0.0000000000
69469  36.292  -5.024  40.890 0.0000000000
67915  36.113  -6.860  44.891 0.0000000000
66275  35.415  -7.746  47.791 0.0000000000
58458  36.965  -13.366  46.831 0.0000000000
62209  35.101  -10.532  49.136 0.0000000000
58350  32.759  -13.778  54.477 0.0000000000
59607  32.038  -13.240  55.803 0.0000000000
59666  29.153  -12.445  52.374 0.0000000000
60940  25.645  -11.597  50.159 0.0000000000
58387  27.005  -13.640  51.045 0.0000000000
61021  24.027  -12.111  46.611 0.0000000000
59713  23.878  -12.059  48.454 0.0000000000
54595  27.804  -16.384  51.657 0.0000000000
51965  26.625  -18.644  51.574 0.0000000000
50660  24.616  -19.535  51.713 0.0000000000
50649  22.815  -19.923  51.811 0.0000000000
63507  31.474  -9.613  42.825 0.0000000000
62274  30.942  -10.720  42.232 0.0000000000
57212  32.264  -13.804  46.517 0.0000000000
54637  32.780  -16.462  49.766 0.0000000000
55851  33.308  -15.140  53.336 0.0000000000
80246  48.094  1.937  19.113 0.0000000000
77270  47.878  -0.707  21.633 0.0000000000
75699  43.975  -1.046  27.235 0.0000000000
75653  46.353  -1.204  30.001 0.0000000000
77076  47.795  -0.056  31.222 0.0000000000
80028  46.235  1.483  33.691 0.0000000000
80051  47.166  1.981  32.466 0.0000000000
71009  41.216  -4.804  40.534 0.0000000000
70960  43.665  -4.885  42.451 0.0000000000
70924  45.377  -4.662  44.226 0.0000000000
76873  39.023  -0.308  44.760 0.0000000000
78338  40.160  0.651  46.938 0.0000000000
72397  39.911  -3.074  49.154 0.0000000000
78293  40.158  -0.006  48.290 0.0000000000
73922  41.210  -2.045  47.642 0.0000000000
72441  43.566  -3.459  47.961 0.0000000000
72439  45.884  -3.311  47.416 0.0000000000
94631  51.387  11.370  12.315 0.0000000000
90068  47.948  7.024  12.717 0.0000000000
85809  44.943  5.481  14.697 0.0000000000
55809  37.319  -15.928  54.465 0.0000000000
45331  22.372  -23.519  53.649 0.0000000000
45308  21.368  -23.749  55.646 0.0000000000
45319  21.358  -23.928  54.632 0.0000000000
70979  46.275  -3.812  41.180 0.0000000000
74053  46.844  -2.961  40.169 0.0000000000
51947  17.417  -18.771  53.657 0.0000000000
63496  32.208  -9.341  44.295 0.0000000000
64884  32.749  -8.574  44.071 0.0000000000
62227  31.845  -10.662  46.125 0.0000000000
58479  27.380  -13.771  45.213 0.0000000000
58464  27.042  -12.883  46.639 0.0000000000
58480  26.672  -13.247  44.718 0.0000000000
58499  28.392  -13.799  42.756 0.0000000000
57235  28.044  -14.475  44.817 0.0000000000
57215  28.314  -14.840  46.627 0.0000000000
55835  28.362  -15.180  54.517 0.0000000000
54507  27.517  -16.094  57.105 0.0000000000
80258  45.287  2.176  18.731 0.0000000000
80259  44.629  2.116  18.875 0.0000000000
77133  49.499  -1.203  28.598 0.0000000000
77167  49.274  -0.762  26.802 0.0000000000
78610  43.124  0.512  32.257 0.0000000000
78631  43.245  0.703  31.491 0.0000000000
77060  43.588  0.320  32.807 0.0000000000
75439  40.546  -1.216  44.568 0.0000000000
72488  40.630  -2.791  45.744 0.0000000000
72509  40.900  -3.476  45.482 0.0000000000
72487  41.041  -3.330  46.160 0.0000000000
67854  37.315  -6.292  47.401 0.0000000000
69400  38.383  -4.980  46.364 0.0000000000
69341  37.965  -5.889  49.316 0.0000000000
85801  43.420  5.608  17.941 0.0000000000
87265  43.533  6.732  17.120 0.0000000000
85800  43.718  5.128  17.613 0.0000000000
85803  43.917  5.472  17.145 0.0000000000
91553  55.192  9.295  10.496 0.0000000000
93104  53.711  10.131  10.713 0.0000000000
90091  52.220  8.379  11.416 0.0000000000
93083  52.625  10.309  11.131 0.0000000000
54613  35.041  -16.442  50.673 0.0000000000
54633  36.367  -16.390  49.821 0.0000000000
54588  36.470  -16.284  51.527 0.0000000000
50601  24.923  -20.017  55.174 0.0000000000
49210  24.591  -20.830  57.630 0.0000000000
46460  24.105  -22.344  57.362 0.0000000000
42915  21.859  -24.294  56.680 0.0000000000
42913  23.213  -24.861  56.366 0.0000000000
81548  42.819  3.067  20.557 0.0000000000
80234  43.663  1.530  20.305 0.0000000000
78795  43.742  0.947  21.723 0.0000000000
75749  44.878  -1.260  24.731 0.0000000000
75764  45.485  -1.150  24.299 0.0000000000
75728  46.068  -1.444  25.566 0.0000000000
75711  47.588  -1.369  26.561 0.0000000000
75696  46.997  -1.525  27.471 0.0000000000
72707  45.764  -2.974  35.764 0.0000000000
74152  45.859  -2.669  35.099 0.0000000000
74129  46.257  -2.750  35.854 0.0000000000
84286  42.915  4.581  19.542 0.0000000000
44178  18.217  -24.298  51.779 0.0000000000
45358  16.669  -23.353  51.197 0.0000000000
74206  41.497  -2.111  32.767 0.0000000000
74174  42.840  -2.882  33.926 0.0000000000
72735  42.226  -3.285  34.122 0.0000000000
71132  42.683  -4.452  37.318 0.0000000000
72690  43.443  -4.214  37.032 0.0000000000
71111  43.776  -4.462  38.294 0.0000000000
71078  44.855  -4.286  39.262 0.0000000000
71041  43.736  -4.605  39.755 0.0000000000
69470  35.796  -5.106  40.334 0.0000000000
66333  34.667  -7.656  44.710 0.0000000000
67931  35.927  -6.792  43.932 0.0000000000
66315  34.800  -7.806  45.855 0.0000000000
66292  36.180  -7.160  46.194 0.0000000000
66294  34.606  -8.145  47.064 0.0000000000
55945  38.474  -15.969  48.298 0.0000000000
57186  37.049  -14.752  46.916 0.0000000000
55970  38.867  -15.472  47.286 0.0000000000
58431  38.729  -12.993  47.204 0.0000000000
62180  34.522  -10.076  50.680 0.0000000000
57114  30.680  -13.975  53.171 0.0000000000
58352  30.655  -13.272  53.785 0.0000000000
58373  29.132  -13.159  51.650 0.0000000000
59734  26.434  -12.131  47.813 0.0000000000
60976  26.764  -11.492  49.000 0.0000000000
60956  25.392  -11.503  49.384 0.0000000000
59683  25.752  -12.299  50.837 0.0000000000
59698  24.871  -11.932  49.805 0.0000000000
59799  23.940  -12.255  44.487 0.0000000000
58439  23.232  -13.136  47.611 0.0000000000
59714  23.517  -12.174  47.887 0.0000000000
58415  24.795  -13.630  48.949 0.0000000000
55911  26.861  -14.877  50.121 0.0000000000
54618  27.234  -16.459  50.608 0.0000000000
51964  27.373  -17.929  51.909 0.0000000000
53229  26.836  -17.832  50.966 0.0000000000
50648  23.309  -19.941  52.064 0.0000000000
66411  32.096  -7.625  41.775 0.0000000000
66412  31.432  -7.878  41.498 0.0000000000
57244  30.390  -13.591  43.414 0.0000000000
57231  31.153  -13.571  44.314 0.0000000000
58469  31.392  -13.100  44.481 0.0000000000
55992  31.540  -15.047  46.513 0.0000000000
55951  33.119  -16.079  48.464 0.0000000000
54673  31.982  -16.188  47.970 0.0000000000
55895  29.894  -15.343  51.264 0.0000000000
54593  31.502  -16.191  51.570 0.0000000000
57125  31.086  -14.859  52.724 0.0000000000
57112  32.868  -14.286  53.975 0.0000000000
60884  29.630  -11.847  54.825 0.0000000000
44153  18.019  -24.972  54.130 0.0000000000
44140  18.643  -24.483  54.912 0.0000000000
82912  46.154  3.324  17.772 0.0000000000
80247  46.993  1.591  19.020 0.0000000000
80256  47.357  2.524  18.621 0.0000000000
77285  49.103  -0.316  20.565 0.0000000000
77288  46.081  -0.361  20.926 0.0000000000
77297  46.441  -0.153  20.143 0.0000000000
77249  47.705  -0.628  22.670 0.0000000000
77225  49.521  -0.598  23.468 0.0000000000
77079  45.230  0.164  30.960 0.0000000000
77118  44.982  -1.006  29.806 0.0000000000
77078  46.048  0.119  30.958 0.0000000000
77097  47.439  -0.698  30.674 0.0000000000
77077  46.930  0.082  31.020 0.0000000000
75592  46.913  -0.918  34.254 0.0000000000
78587  46.100  0.592  33.812 0.0000000000
77040  47.624  0.182  34.559 0.0000000000
70985  40.712  -4.590  41.508 0.0000000000
70926  43.267  -4.720  44.480 0.0000000000
70961  42.594  -4.794  42.514 0.0000000000
70925  44.337  -4.796  44.366 0.0000000000
70940  44.497  -4.843  43.351 0.0000000000
70908  45.237  -4.597  45.243 0.0000000000
74039  37.209  -3.027  41.561 0.0000000000
74023  37.854  -2.519  42.851 0.0000000000
73962  38.693  -2.334  45.534 0.0000000000
75452  38.409  -1.607  44.163 0.0000000000
76859  39.051  -0.760  45.490 0.0000000000
76872  39.532  0.521  45.298 0.0000000000
75427  39.403  -0.740  46.527 0.0000000000
70847  39.600  -4.080  49.770 0.0000000000
78291  41.135  0.246  48.721 0.0000000000
78312  41.127  0.206  47.969 0.0000000000
75379  42.130  -1.057  48.906 0.0000000000
72419  42.412  -2.588  48.413 0.0000000000
73898  43.842  -2.196  49.186 0.0000000000
93051  47.638  10.911  16.023 0.0000000000
93060  48.593  10.167  13.575 0.0000000000
91511  48.605  9.411  13.147 0.0000000000
91513  47.350  9.262  13.887 0.0000000000
85810  44.694  5.535  15.508 0.0000000000
87271  45.196  6.184  14.440 0.0000000000
84321  44.812  4.757  15.947 0.0000000000
84325  44.788  4.655  14.987 0.0000000000
87309  54.153  6.022  11.114 0.0000000000
87284  49.582  6.229  12.414 0.0000000000
87285  48.761  6.015  12.454 0.0000000000
87287  47.016  5.588  12.763 0.0000000000
55848  35.984  -15.299  53.415 0.0000000000
55888  37.203  -15.867  52.561 0.0000000000
55846  37.452  -15.689  53.851 0.0000000000
46479  23.933  -22.412  55.458 0.0000000000
45294  23.180  -23.356  56.926 0.0000000000
45307  22.270  -23.584  55.854 0.0000000000
45296  21.536  -23.798  56.469 0.0000000000
44127  21.130  -24.284  56.433 0.0000000000
77231  43.957  -0.408  24.262 0.0000000000
75730  44.613  -1.223  25.487 0.0000000000
72659  45.538  -3.572  37.773 0.0000000000
72658  46.366  -3.053  37.701 0.0000000000
74069  46.866  -2.795  39.542 0.0000000000
74068  47.519  -2.300  39.400 0.0000000000
47904  16.783  -21.300  51.094 0.0000000000
50667  16.528  -20.143  52.295 0.0000000000
47884  15.399  -21.300  52.268 0.0000000000
72736  41.416  -3.419  33.812 0.0000000000
71113  42.175  -4.589  37.889 0.0000000000
67949  34.704  -7.197  42.446 0.0000000000
66388  34.062  -7.429  42.662 0.0000000000
66334  33.966  -7.966  44.165 0.0000000000
64850  33.368  -8.769  46.134 0.0000000000
57157  28.805  -14.703  49.502 0.0000000000
57148  28.537  -13.627  49.921 0.0000000000
57173  27.710  -13.370  48.292 0.0000000000
59761  26.962  -12.522  47.227 0.0000000000
59735  25.851  -12.075  47.409 0.0000000000
54642  25.430  -16.759  48.999 0.0000000000
55983  23.114  -15.003  47.826 0.0000000000
57259  29.255  -13.953  42.879 0.0000000000
55994  29.992  -15.565  46.461 0.0000000000
54675  30.186  -16.149  47.838 0.0000000000
54676  29.697  -15.934  47.953 0.0000000000
55927  29.231  -15.286  49.456 0.0000000000
59645  27.547  -12.235  53.620 0.0000000000
82929  44.871  4.141  17.363 0.0000000000
82913  45.265  3.550  17.918 0.0000000000
81596  45.811  3.084  18.438 0.0000000000
77296  47.359  -0.072  19.981 0.0000000000
77203  48.396  -0.681  24.691 0.0000000000
77180  49.300  -0.623  25.656 0.0000000000
77166  50.207  -0.488  26.574 0.0000000000
77120  43.373  -0.732  29.106 0.0000000000
77102  42.991  -0.241  30.025 0.0000000000
78630  44.425  0.720  31.465 0.0000000000
80074  45.233  1.291  31.992 0.0000000000
77026  48.903  0.139  35.336 0.0000000000
70944  40.592  -3.829  43.710 0.0000000000
70943  41.306  -4.342  43.635 0.0000000000
70928  41.162  -3.950  44.772 0.0000000000
70911  42.157  -4.234  45.645 0.0000000000
70893  42.990  -4.315  46.485 0.0000000000
69419  37.527  -5.262  44.166 0.0000000000
72512  38.148  -3.475  43.954 0.0000000000
70914  38.233  -4.714  45.199 0.0000000000
70897  38.981  -4.106  46.778 0.0000000000
70896  39.307  -3.538  47.000 0.0000000000
90049  44.922  8.956  17.834 0.0000000000
93012  46.958  10.118  17.226 0.0000000000
91492  45.226  9.351  17.280 0.0000000000
91497  44.557  8.648  16.081 0.0000000000
90059  44.752  7.545  15.149 0.0000000000
90064  45.172  7.121  14.522 0.0000000000
88669  44.372  7.056  15.497 0.0000000000
85806  44.433  5.595  16.350 0.0000000000
90110  55.838  8.396  10.501 0.0000000000
88710  54.572  7.445  10.950 0.0000000000
87292  52.742  6.665  11.557 0.0000000000
85830  51.777  5.916  11.423 0.0000000000
88693  52.077  7.428  11.644 0.0000000000
88685  50.511  7.170  12.156 0.0000000000
90080  50.032  7.882  12.127 0.0000000000
57190  33.479  -14.473  47.619 0.0000000000
58434  34.042  -13.612  47.595 0.0000000000
55948  35.311  -15.752  48.437 0.0000000000
54632  37.456  -16.342  49.602 0.0000000000
54631  38.750  -16.354  49.541 0.0000000000
53180  27.040  -17.964  56.014 0.0000000000
51898  26.358  -18.007  57.963 0.0000000000
50574  25.268  -19.340  57.839 0.0000000000
47811  24.747  -21.647  58.441 0.0000000000
45273  23.223  -23.705  57.709 0.0000000000
44109  24.227  -24.525  56.704 0.0000000000
82898  43.225  3.729  19.031 0.0000000000
80249  44.520  1.367  19.378 0.0000000000
80233  44.168  0.991  20.061 0.0000000000
78809  45.175  -0.051  21.244 0.0000000000
77272  45.876  -0.386  21.995 0.0000000000
77252  45.038  -0.369  23.119 0.0000000000
77251  45.876  -0.480  23.014 0.0000000000
77228  46.615  -0.748  23.788 0.0000000000
77182  47.572  -1.187  25.508 0.0000000000
77148  48.636  -1.270  27.683 0.0000000000
75662  49.214  -1.342  29.479 0.0000000000
75608  44.157  -0.932  33.302 0.0000000000
75607  44.891  -0.739  33.385 0.0000000000
75594  45.436  -1.345  33.609 0.0000000000
75581  46.793  -1.586  34.566 0.0000000000
75569  48.009  -1.599  35.986 0.0000000000
74107  47.628  -2.182  37.290 0.0000000000
75560  48.185  -1.658  36.886 0.0000000000
75568  48.627  -1.191  36.276 0.0000000000
78381  40.937  0.434  45.479 0.0000000000
69318  38.001  -5.916  50.944 0.0000000000
90044  45.336  8.824  18.467 0.0000000000
88658  44.091  7.870  18.773 0.0000000000
85794  43.140  5.544  18.988 0.0000000000
94679  59.107  11.096  10.019 0.0000000000
94659  58.213  11.611  10.341 0.0000000000
45354  20.424  -23.367  51.104 0.0000000000
44150  20.302  -24.299  53.469 0.0000000000
44164  18.864  -24.381  52.699 0.0000000000
44165  17.781  -24.763  52.791 0.0000000000
42966  17.244  -25.269  53.411 0.0000000000
44181  15.570  -24.273  51.879 0.0000000000
78632  42.253  0.430  31.554 0.0000000000
77080  41.701  -0.041  31.821 0.0000000000
75622  42.674  -0.842  32.835 0.0000000000
74189  43.979  -1.952  33.531 0.0000000000
72723  44.171  -3.290  34.774 0.0000000000
72708  45.032  -3.231  35.512 0.0000000000
72709  43.777  -3.684  35.806 0.0000000000
72689  44.700  -3.692  36.766 0.0000000000
72627  45.413  -3.844  39.002 0.0000000000
71039  45.291  -4.195  39.867 0.0000000000
70980  45.691  -4.272  41.342 0.0000000000
70987  37.178  -3.922  41.812 0.0000000000
67948  35.447  -6.798  42.698 0.0000000000
67930  36.436  -6.256  43.291 0.0000000000
69420  37.024  -5.714  43.580 0.0000000000
67896  37.324  -5.957  45.359 0.0000000000
67878  36.694  -6.705  46.763 0.0000000000
66259  36.280  -7.401  48.457 0.0000000000
59730  33.664  -12.692  47.579 0.0000000000
60996  33.968  -11.943  47.777 0.0000000000
62212  32.729  -10.551  48.358 0.0000000000
57208  38.812  -14.235  46.657 0.0000000000
60994  36.046  -11.659  47.701 0.0000000000
63449  32.925  -9.620  48.746 0.0000000000
64816  34.114  -8.659  49.032 0.0000000000
64805  34.818  -8.555  50.187 0.0000000000
66250  35.686  -8.135  50.469 0.0000000000
58310  34.138  -13.969  55.624 0.0000000000
59631  32.649  -13.266  55.364 0.0000000000
59644  29.846  -12.361  54.019 0.0000000000
60923  27.802  -11.568  51.721 0.0000000000
59695  28.171  -12.337  50.293 0.0000000000
60938  27.176  -11.436  50.582 0.0000000000
60925  26.537  -11.383  51.067 0.0000000000
59668  26.646  -12.318  51.826 0.0000000000
58375  27.169  -13.130  51.648 0.0000000000
55854  28.123  -14.962  52.915 0.0000000000
59797  25.822  -12.604  44.289 0.0000000000
59763  25.479  -12.305  46.635 0.0000000000
61020  24.724  -12.081  47.026 0.0000000000
61022  23.181  -11.978  46.400 0.0000000000
61001  24.252  -11.769  47.568 0.0000000000
60979  24.443  -11.661  48.403 0.0000000000
58400  25.034  -12.906  49.464 0.0000000000
55896  27.589  -15.335  51.356 0.0000000000
53211  28.294  -16.720  53.677 0.0000000000
51945  27.528  -18.213  53.727 0.0000000000
50617  26.319  -19.304  54.824 0.0000000000
50619  24.839  -20.139  54.242 0.0000000000
51982  25.837  -18.284  50.456 0.0000000000
50659  25.518  -19.478  51.863 0.0000000000
49256  24.505  -20.382  53.707 0.0000000000
47865  23.731  -21.338  53.668 0.0000000000
47883  23.212  -21.214  52.637 0.0000000000
46519  22.539  -21.783  51.834 0.0000000000
47914  21.638  -20.953  50.805 0.0000000000
47915  20.817  -21.185  50.269 0.0000000000
67969  33.173  -6.970  41.167 0.0000000000
66390  32.499  -7.968  42.566 0.0000000000
62253  31.525  -10.561  44.498 0.0000000000
62273  31.240  -10.371  42.771 0.0000000000
61052  31.370  -11.416  44.213 0.0000000000
58461  32.210  -13.040  46.141 0.0000000000
55950  33.679  -15.943  48.399 0.0000000000
54636  33.687  -16.481  49.820 0.0000000000
54590  34.571  -16.427  51.490 0.0000000000
54616  32.182  -16.497  50.650 0.0000000000
55892  33.058  -16.200  52.041 0.0000000000
55870  34.646  -15.901  52.797 0.0000000000
57110  34.773  -14.694  53.857 0.0000000000
58336  34.402  -14.036  54.799 0.0000000000
45310  19.852  -23.919  55.012 0.0000000000
44129  19.624  -24.436  55.358 0.0000000000
81595  46.771  3.080  18.259 0.0000000000
77286  48.104  -0.503  20.656 0.0000000000
77226  48.536  -0.568  23.603 0.0000000000
77248  48.693  -0.671  22.539 0.0000000000
77269  48.884  -0.630  21.514 0.0000000000
77169  43.827  -0.685  26.395 0.0000000000
75698  44.945  -1.468  27.091 0.0000000000
75668  44.063  -1.286  28.828 0.0000000000
75680  45.379  -1.504  28.210 0.0000000000
75679  46.379  -1.530  28.352 0.0000000000
75664  47.649  -1.400  29.328 0.0000000000
75651  47.961  -1.255  30.131 0.0000000000
77095  49.151  -0.759  30.789 0.0000000000
78589  44.724  0.874  33.179 0.0000000000
80029  45.193  1.226  33.131 0.0000000000
80053  45.610  1.440  32.696 0.0000000000
80014  46.954  1.682  34.479 0.0000000000
81378  46.618  2.050  33.833 0.0000000000
80072  46.792  1.486  31.894 0.0000000000
80071  47.655  1.385  31.842 0.0000000000
78625  48.878  0.320  31.530 0.0000000000
71083  40.536  -4.593  38.463 0.0000000000
71043  41.821  -4.812  39.616 0.0000000000
70962  41.475  -4.584  42.557 0.0000000000
70983  42.915  -4.825  41.533 0.0000000000
71007  43.299  -4.722  40.612 0.0000000000
70982  43.928  -4.779  41.496 0.0000000000
70939  45.498  -4.587  43.205 0.0000000000
70938  46.394  -4.131  43.010 0.0000000000
75453  38.176  -1.769  43.242 0.0000000000
78382  39.674  1.012  44.564 0.0000000000
78360  40.037  1.003  45.650 0.0000000000
75411  40.764  -0.646  46.281 0.0000000000
69340  38.637  -5.316  49.894 0.0000000000
70861  39.481  -3.892  48.605 0.0000000000
73924  39.524  -2.178  47.496 0.0000000000
75382  39.918  -1.010  48.443 0.0000000000
75398  39.599  -1.149  47.786 0.0000000000
76843  41.135  0.181  47.301 0.0000000000
73923  40.770  -1.627  47.097 0.0000000000
72464  42.055  -3.361  47.301 0.0000000000
70875  42.880  -3.883  47.295 0.0000000000
70874  43.805  -4.077  47.249 0.0000000000
73897  45.013  -1.973  48.757 0.0000000000
72440  44.626  -3.462  47.834 0.0000000000
70891  45.194  -4.343  46.350 0.0000000000
70890  45.936  -4.258  45.895 0.0000000000
96185  55.167  12.158  11.373 0.0000000000
96188  52.755  11.567  11.618 0.0000000000
93072  51.272  10.638  11.763 0.0000000000
90081  49.176  7.404  12.462 0.0000000000
88676  47.326  6.698  12.900 0.0000000000
88672  45.396  6.737  14.152 0.0000000000
87276  45.708  6.144  13.742 0.0000000000
87275  46.552  6.072  13.144 0.0000000000
85815  45.400  5.460  13.976 0.0000000000
55811  35.480  -15.151  54.994 0.0000000000
54519  36.212  -15.632  54.700 0.0000000000
45341  22.136  -23.424  52.755 0.0000000000
45332  21.361  -24.024  53.439 0.0000000000
70957  46.374  -3.849  42.074 0.0000000000
72569  46.801  -3.370  41.670 0.0000000000
62239  31.659  -10.616  45.362 0.0000000000
63470  31.929  -10.006  45.618 0.0000000000
61018  32.160  -11.388  46.509 0.0000000000
58470  27.331  -13.545  46.268 0.0000000000
58490  27.594  -13.861  43.892 0.0000000000
57225  27.860  -14.360  45.864 0.0000000000
55818  28.002  -15.704  56.017 0.0000000000
54524  27.696  -16.266  56.184 0.0000000000
81597  44.622  2.909  18.598 0.0000000000
75661  49.781  -1.168  29.514 0.0000000000
77132  50.081  -0.949  28.835 0.0000000000
77117  50.181  -0.983  29.716 0.0000000000
75426  40.654  -0.931  45.540 0.0000000000
73961  40.418  -2.027  45.217 0.0000000000
72466  40.788  -2.731  46.434 0.0000000000
67828  37.270  -6.446  48.573 0.0000000000
69364  37.917  -5.799  48.048 0.0000000000
82915  43.698  4.006  18.480 0.0000000000
84297  43.808  4.401  18.125 0.0000000000
93103  54.566  10.205  10.495 0.0000000000
94663  53.917  10.905  10.675 0.0000000000
93082  53.188  10.481  10.877 0.0000000000
54589  35.546  -16.362  51.604 0.0000000000
49226  24.535  -20.618  55.704 0.0000000000
47828  24.392  -21.540  57.067 0.0000000000
46468  24.253  -22.096  56.435 0.0000000000
82875  42.775  3.364  20.879 0.0000000000
81547  43.015  2.575  20.829 0.0000000000
80217  43.406  1.714  21.358 0.0000000000
75729  45.271  -1.444  25.471 0.0000000000
75712  46.559  -1.500  26.469 0.0000000000
75697  45.989  -1.549  27.322 0.0000000000
45370  17.352  -22.969  50.920 0.0000000000
75625  40.485  -1.644  31.944 0.0000000000
74192  41.162  -2.876  33.037 0.0000000000
74191  42.166  -2.515  33.302 0.0000000000
71112  43.088  -4.498  37.974 0.0000000000
71080  43.348  -4.602  38.889 0.0000000000
64849  34.144  -8.361  46.032 0.0000000000
64862  34.359  -8.069  45.365 0.0000000000
54651  39.423  -16.213  48.808 0.0000000000
55944  39.653  -15.804  47.970 0.0000000000
57126  30.339  -14.466  52.489 0.0000000000
58362  30.336  -13.747  53.057 0.0000000000
57127  29.671  -13.828  52.067 0.0000000000
60999  25.741  -11.769  48.069 0.0000000000
60977  26.089  -11.556  48.705 0.0000000000
60957  24.794  -11.654  49.100 0.0000000000
57176  24.663  -14.336  48.540 0.0000000000
55930  26.556  -15.327  49.589 0.0000000000
55955  25.980  -15.351  48.975 0.0000000000
53242  27.091  -17.375  50.757 0.0000000000
54641  26.161  -16.404  49.385 0.0000000000
57222  30.639  -14.699  45.169 0.0000000000
57232  30.695  -13.933  44.023 0.0000000000
57214  30.998  -14.916  45.782 0.0000000000
57221  31.289  -13.888  44.850 0.0000000000
55977  31.662  -15.449  47.170 0.0000000000
57136  29.952  -15.039  51.819 0.0000000000
55874  30.936  -15.236  52.403 0.0000000000
57113  31.452  -14.364  53.306 0.0000000000
44141  17.915  -24.726  55.152 0.0000000000
82928  45.532  3.618  17.146 0.0000000000
78819  47.670  0.790  19.457 0.0000000000
77250  46.740  -0.589  22.817 0.0000000000
77271  46.880  -0.575  21.788 0.0000000000
78629  45.541  0.816  31.482 0.0000000000
77028  47.704  -0.386  34.637 0.0000000000
77041  47.203  -0.172  34.311 0.0000000000
70986  39.834  -4.140  41.347 0.0000000000
70910  43.129  -4.521  45.495 0.0000000000
72571  37.307  -3.393  41.949 0.0000000000
74038  37.400  -2.519  41.972 0.0000000000
73944  39.042  -2.385  46.184 0.0000000000
75428  39.099  -1.365  46.013 0.0000000000
76858  39.431  -0.018  46.040 0.0000000000
76804  41.619  -0.311  49.589 0.0000000000
73899  42.783  -1.899  49.051 0.0000000000
73874  43.453  -1.655  49.545 0.0000000000
91499  46.482  9.541  15.044 0.0000000000
93050  48.026  11.091  15.774 0.0000000000
93062  47.307  9.818  14.339 0.0000000000
94616  48.669  10.605  13.966 0.0000000000
93061  47.845  9.960  13.974 0.0000000000
90062  46.319  8.818  14.428 0.0000000000
85846  53.665  5.746  10.928 0.0000000000
85866  52.656  5.565  9.891 0.0000000000
87286  47.585  5.975  12.672 0.0000000000
57108  36.120  -14.929  53.824 0.0000000000
55847  36.632  -15.373  53.719 0.0000000000
55829  36.696  -15.409  54.206 0.0000000000
45317  23.198  -23.338  55.027 0.0000000000
45306  23.204  -23.337  56.125 0.0000000000
44128  20.716  -24.174  55.956 0.0000000000
78764  43.577  0.315  24.007 0.0000000000
77207  44.285  -0.800  24.805 0.0000000000
77208  43.683  -0.306  24.898 0.0000000000
72626  46.257  -3.255  38.693 0.0000000000
50666  17.282  -19.651  51.972 0.0000000000
49274  16.044  -20.380  52.414 0.0000000000
50651  16.121  -19.878  52.920 0.0000000000
66409  33.508  -7.282  41.966 0.0000000000
67968  34.391  -6.882  41.570 0.0000000000
64883  33.500  -8.217  44.149 0.0000000000
64864  32.836  -8.932  45.432 0.0000000000
64863  33.730  -8.363  44.975 0.0000000000
64851  32.779  -9.305  46.419 0.0000000000
57172  27.976  -13.882  48.470 0.0000000000
57194  27.655  -13.644  47.761 0.0000000000
59762  26.429  -12.490  46.735 0.0000000000
57247  28.348  -14.348  44.048 0.0000000000
57246  28.986  -14.287  43.576 0.0000000000
57234  28.886  -14.717  44.534 0.0000000000
57223  29.615  -15.095  45.128 0.0000000000
56002  29.508  -15.316  45.882 0.0000000000
55979  29.625  -15.719  47.374 0.0000000000
55995  29.102  -15.386  46.542 0.0000000000
55980  28.727  -15.254  47.458 0.0000000000
55954  28.486  -14.757  48.362 0.0000000000
55928  28.744  -14.965  49.013 0.0000000000
58341  28.396  -13.234  55.080 0.0000000000
78820  46.567  0.510  19.482 0.0000000000
77146  50.192  -0.650  27.700 0.0000000000
78663  41.928  0.167  29.238 0.0000000000
77121  42.515  -0.205  29.300 0.0000000000
78609  44.062  0.881  32.509 0.0000000000
78645  43.416  0.340  30.751 0.0000000000
80054  44.818  1.257  32.483 0.0000000000
72552  40.147  -3.488  43.120 0.0000000000
70912  41.479  -3.764  45.835 0.0000000000
69412  37.835  -5.236  45.084 0.0000000000
69383  38.488  -5.100  47.454 0.0000000000
90045  44.336  8.350  18.165 0.0000000000
90046  43.871  7.946  17.579 0.0000000000
88666  43.659  7.169  16.745 0.0000000000
90055  43.857  7.552  16.496 0.0000000000
90054  44.126  8.004  16.196 0.0000000000
91501  45.424  8.860  15.738 0.0000000000
84309  44.127  4.668  17.582 0.0000000000
84318  44.667  4.861  16.867 0.0000000000
91554  54.318  9.269  10.685 0.0000000000
90111  54.922  8.372  10.693 0.0000000000
90112  54.069  8.383  10.879 0.0000000000
88691  53.774  7.457  11.217 0.0000000000
88692  52.935  7.482  11.491 0.0000000000
91535  51.618  9.260  11.490 0.0000000000
90092  51.432  8.275  11.610 0.0000000000
90079  50.720  8.136  11.861 0.0000000000
55975  33.967  -15.275  47.932 0.0000000000
55974  34.844  -15.252  47.878 0.0000000000
54611  37.005  -16.401  50.710 0.0000000000
51918  26.560  -18.501  56.039 0.0000000000
51919  25.992  -18.817  56.660 0.0000000000
47812  24.321  -22.216  58.084 0.0000000000
49205  24.724  -20.856  58.394 0.0000000000
46441  24.358  -22.577  58.157 0.0000000000
45271  24.595  -23.272  58.132 0.0000000000
44088  24.352  -23.589  58.005 0.0000000000
45282  22.684  -23.752  57.341 0.0000000000
44099  22.816  -24.044  57.634 0.0000000000
80250  43.774  1.985  19.485 0.0000000000
81564  43.227  2.418  19.891 0.0000000000
78810  44.296  0.654  20.769 0.0000000000
78779  43.753  0.752  22.819 0.0000000000
77206  46.024  -1.154  24.500 0.0000000000
77229  45.653  -0.929  23.986 0.0000000000
77205  46.477  -1.066  24.464 0.0000000000
77204  47.351  -0.998  24.794 0.0000000000
75695  48.009  -1.390  27.698 0.0000000000
75694  48.648  -1.342  28.106 0.0000000000
75676  49.017  -1.399  28.702 0.0000000000
75663  48.480  -1.401  29.398 0.0000000000
74188  44.816  -1.713  33.541 0.0000000000
74171  45.576  -2.227  34.076 0.0000000000
74151  46.793  -2.226  35.302 0.0000000000
74170  46.312  -2.094  34.523 0.0000000000
75580  47.587  -1.226  34.938 0.0000000000
74088  46.885  -2.660  38.543 0.0000000000
74108  46.983  -2.599  37.577 0.0000000000
75545  48.294  -1.674  37.903 0.0000000000
75559  48.925  -1.089  37.252 0.0000000000
78380  41.022  0.716  45.083 0.0000000000
79849  40.965  0.940  45.321 0.0000000000
90041  44.690  8.290  18.862 0.0000000000
88656  43.699  7.217  19.062 0.0000000000
82899  42.850  3.793  19.708 0.0000000000
45355  19.509  -23.676  51.184 0.0000000000
44176  19.654  -24.081  51.705 0.0000000000
44177  19.131  -24.177  51.763 0.0000000000
44179  17.226  -24.341  51.656 0.0000000000
42980  17.100  -25.132  52.766 0.0000000000
42981  16.544  -25.309  52.791 0.0000000000
47905  15.963  -21.516  51.585 0.0000000000
46523  15.860  -22.618  51.423 0.0000000000
78647  41.399  0.432  30.447 0.0000000000
77081  41.165  -0.408  31.570 0.0000000000
77063  41.571  -0.711  32.148 0.0000000000
77062  42.251  -0.233  32.373 0.0000000000
75609  43.342  -1.113  33.150 0.0000000000
75610  42.703  -1.610  33.044 0.0000000000
74173  43.644  -2.830  34.032 0.0000000000
72725  41.615  -3.814  34.949 0.0000000000
72628  44.750  -4.233  38.778 0.0000000000
71040  44.558  -4.432  39.830 0.0000000000
72588  36.714  -3.718  40.911 0.0000000000
72572  37.053  -3.547  41.428 0.0000000000
70988  36.804  -4.501  41.490 0.0000000000
67967  35.630  -6.074  41.431 0.0000000000
69428  36.854  -5.623  42.817 0.0000000000
67914  36.818  -6.187  44.446 0.0000000000
66274  36.211  -7.329  47.238 0.0000000000
67855  36.743  -6.828  47.813 0.0000000000
57188  35.305  -14.627  47.289 0.0000000000
58433  34.773  -13.868  47.335 0.0000000000
59757  35.961  -13.003  46.796 0.0000000000
59758  35.603  -13.308  46.899 0.0000000000
60974  33.242  -11.265  48.205 0.0000000000
60995  34.963  -11.758  47.623 0.0000000000
60993  37.168  -11.772  47.957 0.0000000000
58432  37.821  -12.924  47.099 0.0000000000
62210  34.053  -10.672  49.070 0.0000000000
60972  35.049  -11.050  48.308 0.0000000000
62198  33.295  -10.219  49.607 0.0000000000
64817  33.468  -9.167  48.814 0.0000000000
63441  33.193  -9.681  49.392 0.0000000000
64806  34.179  -8.888  49.924 0.0000000000
58325  33.691  -13.736  55.418 0.0000000000
58338  32.816  -13.391  54.960 0.0000000000
58353  29.830  -12.788  53.449 0.0000000000
58340  30.896  -12.778  54.500 0.0000000000
59653  29.410  -12.128  53.099 0.0000000000
59654  28.825  -11.853  52.586 0.0000000000
59667  28.612  -12.056  51.865 0.0000000000
58414  27.790  -13.044  48.809 0.0000000000
58397  28.215  -12.989  49.593 0.0000000000
58398  27.765  -12.527  49.261 0.0000000000
60955  26.204  -11.401  49.564 0.0000000000
60954  26.990  -11.476  49.671 0.0000000000
60939  26.400  -11.404  50.350 0.0000000000
59657  26.199  -11.835  51.534 0.0000000000
59670  25.876  -11.896  51.187 0.0000000000
58388  26.490  -13.030  50.867 0.0000000000
58376  26.573  -12.546  51.494 0.0000000000
57128  27.929  -14.426  52.640 0.0000000000
57138  27.627  -14.310  51.977 0.0000000000
59785  24.272  -12.304  45.469 0.0000000000
59784  25.241  -12.422  45.446 0.0000000000
59764  24.761  -12.295  46.270 0.0000000000
60980  23.852  -11.754  48.003 0.0000000000
59699  24.387  -12.050  49.005 0.0000000000
58401  24.565  -12.396  49.261 0.0000000000
55910  27.201  -15.149  50.647 0.0000000000
54572  28.187  -16.274  52.486 0.0000000000
53219  28.269  -16.814  52.946 0.0000000000
53212  28.014  -17.466  53.259 0.0000000000
51955  26.903  -18.990  53.063 0.0000000000
50633  26.129  -19.470  53.806 0.0000000000
50645  25.945  -19.584  52.695 0.0000000000
53259  25.558  -17.336  49.523 0.0000000000
53244  25.967  -17.694  49.976 0.0000000000
51966  25.309  -19.058  51.056 0.0000000000
50646  24.916  -19.976  52.581 0.0000000000
49270  24.741  -20.265  53.243 0.0000000000
49271  24.290  -20.381  52.944 0.0000000000
49257  23.861  -20.724  53.371 0.0000000000
50662  23.007  -19.404  51.472 0.0000000000
49273  22.981  -20.484  52.244 0.0000000000
47901  22.737  -21.184  52.131 0.0000000000
49289  22.549  -20.355  51.744 0.0000000000
49290  22.047  -20.171  51.232 0.0000000000
49307  21.540  -19.988  50.841 0.0000000000
46535  21.306  -21.764  50.634 0.0000000000
50679  21.179  -19.495  50.717 0.0000000000
66391  31.944  -8.192  42.195 0.0000000000
64905  32.116  -8.774  43.073 0.0000000000
63497  31.773  -9.659  43.849 0.0000000000
63520  30.778  -9.692  41.488 0.0000000000
63519  31.278  -9.360  42.007 0.0000000000
62264  31.092  -10.909  43.015 0.0000000000
58462  31.723  -13.180  45.286 0.0000000000
59782  31.579  -12.277  44.733 0.0000000000
59760  31.920  -12.210  45.523 0.0000000000
57191  32.421  -14.420  47.059 0.0000000000
54658  32.510  -16.282  48.760 0.0000000000
54657  33.324  -16.275  49.036 0.0000000000
54614  34.109  -16.499  50.676 0.0000000000
54615  33.159  -16.464  50.684 0.0000000000
54660  30.442  -16.255  48.678 0.0000000000
54659  31.458  -16.382  48.742 0.0000000000
54639  30.873  -16.347  49.643 0.0000000000
55872  32.737  -15.835  52.579 0.0000000000
54592  32.602  -16.312  51.637 0.0000000000
55871  33.708  -15.938  52.795 0.0000000000
55850  34.243  -15.250  53.355 0.0000000000
57099  33.224  -13.849  54.596 0.0000000000
57098  33.782  -14.139  54.483 0.0000000000
58337  33.793  -13.777  54.918 0.0000000000
58324  34.497  -14.012  55.192 0.0000000000
58312  32.842  -13.640  55.797 0.0000000000
51899  25.750  -18.688  58.337 0.0000000000
51890  26.359  -18.083  58.645 0.0000000000
51891  25.807  -18.833  59.021 0.0000000000
44151  19.527  -24.392  53.563 0.0000000000
45321  19.878  -24.085  54.664 0.0000000000
44139  19.450  -24.302  54.612 0.0000000000
42932  20.198  -24.747  55.543 0.0000000000
77287  47.105  -0.447  20.824 0.0000000000
77149  43.639  -0.636  26.873 0.0000000000
75715  44.378  -1.168  26.317 0.0000000000
77119  44.239  -0.916  29.600 0.0000000000
75666  45.738  -1.399  29.353 0.0000000000
75667  44.780  -1.404  29.020 0.0000000000
75665  46.764  -1.399  29.275 0.0000000000
77096  48.292  -0.759  30.778 0.0000000000
75650  48.783  -1.210  30.158 0.0000000000
75606  45.515  -0.653  33.534 0.0000000000
77049  45.128  0.099  33.339 0.0000000000
78588  45.480  0.811  33.518 0.0000000000
81377  46.996  2.300  33.996 0.0000000000
81403  46.726  2.146  33.335 0.0000000000
80052  46.358  1.779  32.685 0.0000000000
71044  40.785  -4.696  39.493 0.0000000000
70941  43.442  -4.842  43.455 0.0000000000
70959  44.671  -4.754  42.361 0.0000000000
70958  45.592  -4.421  42.236 0.0000000000
70923  46.335  -4.229  44.022 0.0000000000
73981  38.293  -2.944  44.205 0.0000000000
74003  38.215  -2.531  43.778 0.0000000000
78383  39.112  0.214  43.797 0.0000000000
78359  40.740  0.669  45.883 0.0000000000
76844  41.080  0.017  46.785 0.0000000000
72420  39.624  -3.020  48.049 0.0000000000
76817  40.226  -0.334  48.540 0.0000000000
75381  40.455  -0.955  48.891 0.0000000000
76829  39.829  -0.315  48.086 0.0000000000
76845  39.623  -0.260  47.222 0.0000000000
78314  40.126  0.197  47.901 0.0000000000
75380  41.484  -1.070  48.203 0.0000000000
78336  41.131  0.243  47.547 0.0000000000
75396  41.137  -1.017  47.445 0.0000000000
76828  41.105  -0.447  47.197 0.0000000000
72465  41.372  -3.066  46.938 0.0000000000
72443  41.824  -2.823  47.854 0.0000000000
72418  43.223  -2.784  48.614 0.0000000000
72442  42.592  -3.304  47.865 0.0000000000
72415  45.842  -2.629  48.031 0.0000000000
70873  44.745  -4.085  47.141 0.0000000000
72463  46.004  -3.937  46.490 0.0000000000
96194  58.199  12.180  11.018 0.0000000000
93024  47.458  10.524  16.758 0.0000000000
93023  48.534  10.771  16.565 0.0000000000
93037  48.493  11.085  16.045 0.0000000000
96175  51.963  11.681  12.375 0.0000000000
96187  53.296  11.846  11.596 0.0000000000
94630  51.985  11.556  12.132 0.0000000000
94645  52.160  11.219  11.648 0.0000000000
93073  50.802  10.219  11.912 0.0000000000
90067  48.234  8.957  13.173 0.0000000000
91525  49.959  8.557  12.183 0.0000000000
88673  44.901  6.859  14.794 0.0000000000
88708  56.493  7.532  10.495 0.0000000000
87305  56.946  6.971  10.367 0.0000000000
87306  56.462  6.580  10.418 0.0000000000
85831  50.616  5.701  11.739 0.0000000000
55810  36.430  -15.474  54.597 0.0000000000
45330  22.991  -23.310  54.137 0.0000000000
45318  22.268  -23.649  54.833 0.0000000000
45309  20.481  -23.913  55.440 0.0000000000
72586  46.152  -3.732  40.501 0.0000000000
72585  46.665  -3.316  40.705 0.0000000000
64904  32.596  -8.356  43.194 0.0000000000
66362  32.910  -8.068  43.178 0.0000000000
63481  32.358  -9.421  45.011 0.0000000000
63462  32.067  -10.134  46.299 0.0000000000
57216  27.712  -14.024  46.870 0.0000000000
58471  26.800  -13.115  45.865 0.0000000000
57115  28.407  -14.245  54.153 0.0000000000
58354  28.411  -13.669  54.572 0.0000000000
57100  28.440  -14.279  54.965 0.0000000000
55797  27.901  -15.313  56.600 0.0000000000
54489  26.803  -16.258  58.473 0.0000000000
77147  49.254  -1.098  27.922 0.0000000000
72510  40.468  -3.105  44.833 0.0000000000
70895  41.515  -3.515  46.373 0.0000000000
69384  37.850  -5.643  46.926 0.0000000000
69363  38.545  -5.258  48.644 0.0000000000
87262  43.452  6.630  17.724 0.0000000000
88662  43.605  7.315  17.372 0.0000000000
85804  43.560  6.158  17.281 0.0000000000
87264  43.833  6.368  16.630 0.0000000000
91555  53.533  9.179  10.895 0.0000000000
90090  53.111  8.497  11.189 0.0000000000
91533  52.925  9.467  11.040 0.0000000000
91534  52.342  9.378  11.250 0.0000000000
54634  35.447  -16.392  49.849 0.0000000000
54612  35.978  -16.416  50.698 0.0000000000
50600  25.773  -19.384  55.736 0.0000000000
50575  24.891  -20.011  57.260 0.0000000000
50586  24.936  -19.945  56.234 0.0000000000
46449  24.162  -22.302  57.794 0.0000000000
46450  24.016  -22.595  57.843 0.0000000000
44111  22.246  -24.217  57.092 0.0000000000
81565  42.896  2.903  20.230 0.0000000000
78811  43.711  1.160  21.023 0.0000000000
78794  44.595  0.230  22.157 0.0000000000
77230  44.614  -0.728  23.987 0.0000000000
75765  45.219  -1.168  24.284 0.0000000000
75748  45.607  -1.275  24.698 0.0000000000
75747  46.339  -1.263  24.940 0.0000000000
75727  47.004  -1.318  25.567 0.0000000000
75678  47.344  -1.466  28.451 0.0000000000
74153  45.195  -2.829  34.699 0.0000000000
74128  46.930  -2.553  36.504 0.0000000000
84287  42.730  4.112  20.167 0.0000000000
46538  18.409  -22.377  50.370 0.0000000000
45356  18.582  -23.717  51.143 0.0000000000
45369  18.073  -23.080  50.711 0.0000000000
44180  16.300  -24.287  51.705 0.0000000000
75624  41.242  -1.504  32.337 0.0000000000
72691  42.638  -4.351  36.820 0.0000000000
72661  43.705  -4.370  37.795 0.0000000000
71079  44.219  -4.442  38.951 0.0000000000
71006  44.225  -4.580  40.618 0.0000000000
66359  35.155  -7.307  43.734 0.0000000000
66332  35.521  -7.216  44.535 0.0000000000
67898  36.147  -6.981  45.385 0.0000000000
66314  35.657  -7.318  45.455 0.0000000000
66293  35.472  -7.551  46.586 0.0000000000
57187  36.365  -14.976  47.103 0.0000000000
55971  37.561  -15.278  47.354 0.0000000000
57209  37.660  -14.360  46.711 0.0000000000
60992  38.058  -11.810  48.203 0.0000000000
62208  35.976  -10.632  49.343 0.0000000000
58351  32.024  -13.669  54.241 0.0000000000
58363  29.732  -13.266  52.780 0.0000000000
59712  26.790  -11.890  48.460 0.0000000000
59684  25.484  -11.922  50.590 0.0000000000
59697  25.297  -12.303  50.242 0.0000000000
61040  23.562  -12.117  45.817 0.0000000000
59736  23.185  -12.375  47.304 0.0000000000
58417  23.672  -12.506  48.172 0.0000000000
57160  25.683  -13.508  49.592 0.0000000000
57175  25.546  -14.208  49.053 0.0000000000
55929  26.953  -15.622  50.155 0.0000000000
53220  27.895  -17.271  52.260 0.0000000000
53228  27.367  -17.478  51.328 0.0000000000
51967  24.281  -19.043  50.988 0.0000000000
50647  24.045  -19.960  52.285 0.0000000000
51968  23.415  -18.790  50.924 0.0000000000
64920  31.545  -8.739  42.175 0.0000000000
59809  30.591  -12.316  43.090 0.0000000000
59796  30.886  -12.745  43.589 0.0000000000
59795  31.182  -12.302  43.837 0.0000000000
57213  31.618  -14.361  46.016 0.0000000000
57192  31.838  -14.868  46.678 0.0000000000
55908  30.385  -15.927  50.638 0.0000000000
54594  30.878  -16.116  51.146 0.0000000000
55893  31.212  -15.703  52.148 0.0000000000
55873  31.648  -15.402  52.653 0.0000000000
55852  32.380  -15.046  53.252 0.0000000000
78818  48.683  0.959  19.517 0.0000000000
77294  49.280  0.263  19.896 0.0000000000
75700  43.603  -0.848  27.685 0.0000000000
77100  44.590  -0.330  30.501 0.0000000000
77099  45.623  -0.720  30.400 0.0000000000
75652  47.116  -1.246  30.072 0.0000000000
77098  46.577  -0.667  30.557 0.0000000000
77048  45.840  -0.057  33.625 0.0000000000
77042  46.492  -0.172  33.961 0.0000000000
78570  46.567  0.658  34.173 0.0000000000
80050  48.242  1.716  32.211 0.0000000000
71010  40.187  -4.482  40.402 0.0000000000
70927  42.215  -4.453  44.598 0.0000000000
72489  38.518  -3.221  45.209 0.0000000000
73980  38.417  -2.443  44.597 0.0000000000
75440  38.677  -1.439  45.126 0.0000000000
70832  39.238  -4.785  50.867 0.0000000000
70831  39.607  -4.378  50.969 0.0000000000
72377  40.108  -3.466  50.500 0.0000000000
78313  40.676  0.326  47.915 0.0000000000
76815  41.654  -0.281  48.741 0.0000000000
73900  41.820  -1.987  48.511 0.0000000000
93039  47.093  10.600  16.469 0.0000000000
93038  47.952  10.977  16.101 0.0000000000
94596  48.224  11.170  15.704 0.0000000000
94615  49.338  10.752  13.725 0.0000000000
94633  49.568  10.574  13.220 0.0000000000
93074  50.382  9.764  12.086 0.0000000000
93059  49.217  10.379  13.277 0.0000000000
91512  48.025  9.404  13.486 0.0000000000
90069  46.734  6.985  13.277 0.0000000000
87308  54.524  6.508  11.007 0.0000000000
85844  55.428  6.034  10.459 0.0000000000
85845  54.621  5.867  10.557 0.0000000000
85864  54.546  5.493  9.871 0.0000000000
87283  50.268  6.341  12.261 0.0000000000
85821  50.039  5.888  12.275 0.0000000000
85824  47.382  5.004  12.535 0.0000000000
55869  35.702  -15.889  52.573 0.0000000000
55889  36.623  -15.980  52.244 0.0000000000
55868  36.623  -15.622  52.935 0.0000000000
55867  37.453  -15.763  53.154 0.0000000000
55828  37.387  -15.795  54.279 0.0000000000
46469  23.721  -22.771  56.647 0.0000000000
45295  22.408  -23.620  56.690 0.0000000000
45283  22.005  -23.886  56.986 0.0000000000
44112  21.605  -24.105  56.744 0.0000000000
42931  21.368  -24.564  56.071 0.0000000000
78763  44.017  -0.259  23.837 0.0000000000
75714  44.955  -1.465  26.132 0.0000000000
49291  17.302  -20.575  51.215 0.0000000000
49292  16.519  -20.601  51.796 0.0000000000
49293  15.783  -20.809  52.140 0.0000000000
46507  15.356  -22.135  52.059 0.0000000000
71133  42.020  -4.442  37.010 0.0000000000
66361  33.508  -7.883  43.500 0.0000000000
66360  34.354  -7.603  43.621 0.0000000000
64838  33.110  -9.148  47.022 0.0000000000
57147  28.889  -14.332  50.228 0.0000000000
58385  29.007  -13.759  50.979 0.0000000000
58413  28.137  -13.494  49.028 0.0000000000
58437  27.548  -12.893  48.115 0.0000000000
58463  27.408  -13.053  47.212 0.0000000000
59733  27.132  -12.396  47.925 0.0000000000
57195  24.025  -14.375  48.035 0.0000000000
54662  25.556  -16.096  48.820 0.0000000000
55981  24.010  -14.915  48.009 0.0000000000
54663  24.798  -16.423  48.607 0.0000000000
57233  29.801  -14.556  44.231 0.0000000000
56001  30.234  -15.264  45.745 0.0000000000
55978  30.586  -15.782  47.141 0.0000000000
54661  29.844  -16.025  48.327 0.0000000000
55953  29.244  -15.523  48.347 0.0000000000
55909  29.555  -15.289  50.465 0.0000000000
77135  42.703  -0.394  28.395 0.0000000000
78644  44.013  0.043  30.811 0.0000000000
77014  48.866  -0.597  35.677 0.0000000000
70963  40.303  -4.125  42.554 0.0000000000
70945  37.730  -4.282  43.593 0.0000000000
72534  37.821  -3.360  43.183 0.0000000000
70931  38.179  -4.325  44.604 0.0000000000
70930  38.434  -3.789  44.972 0.0000000000
70913  38.540  -4.199  45.565 0.0000000000
72468  38.862  -3.231  45.950 0.0000000000
72467  39.222  -3.133  46.584 0.0000000000
73943  39.332  -2.355  46.744 0.0000000000
91491  46.265  9.784  17.454 0.0000000000
91495  45.835  9.799  17.052 0.0000000000
93026  45.943  9.945  16.859 0.0000000000
90051  43.840  7.803  16.921 0.0000000000
91493  44.638  8.898  16.679 0.0000000000
91500  45.948  9.209  15.453 0.0000000000
91505  46.208  9.084  14.785 0.0000000000
87268  44.345  6.347  15.888 0.0000000000
90109  56.821  8.425  10.321 0.0000000000
88709  55.627  7.484  10.691 0.0000000000
91552  56.039  9.278  10.321 0.0000000000
88690  54.232  7.039  11.154 0.0000000000
87291  53.635  6.554  11.311 0.0000000000
85829  52.670  6.041  11.350 0.0000000000
87293  51.926  6.580  11.673 0.0000000000
88694  51.267  7.321  11.840 0.0000000000
88686  49.759  6.953  12.398 0.0000000000
58436  32.541  -13.247  46.936 0.0000000000
58435  33.136  -13.470  47.410 0.0000000000
57189  34.401  -14.497  47.667 0.0000000000
55973  35.717  -15.439  47.709 0.0000000000
54654  35.789  -16.245  49.049 0.0000000000
54653  36.596  -16.234  49.033 0.0000000000
55946  37.257  -15.899  48.483 0.0000000000
55925  38.060  -16.145  48.980 0.0000000000
54652  38.753  -16.241  48.891 0.0000000000
54587  37.555  -16.255  51.876 0.0000000000
54586  38.924  -16.479  51.665 0.0000000000
54609  39.528  -16.446  50.644 0.0000000000
53179  27.455  -17.390  55.747 0.0000000000
53170  27.272  -16.843  56.805 0.0000000000
53171  26.912  -17.652  56.574 0.0000000000
51907  26.435  -18.146  57.088 0.0000000000
50567  25.275  -19.433  58.665 0.0000000000
50568  24.830  -20.058  58.179 0.0000000000
49202  25.012  -20.643  58.951 0.0000000000
46440  24.956  -22.400  58.391 0.0000000000
46461  23.644  -22.899  57.340 0.0000000000
45281  23.447  -23.343  57.543 0.0000000000
44090  23.473  -23.796  57.857 0.0000000000
44110  23.019  -24.450  57.143 0.0000000000
44098  23.641  -24.115  57.656 0.0000000000
44089  24.026  -23.691  57.995 0.0000000000
81581  43.601  2.755  19.096 0.0000000000
81580  44.182  2.170  19.022 0.0000000000
78822  44.501  0.713  19.973 0.0000000000
77273  45.294  -0.272  22.415 0.0000000000
77168  48.521  -1.165  27.074 0.0000000000
75675  49.558  -1.285  29.003 0.0000000000
77051  43.655  -0.284  33.088 0.0000000000
75579  48.349  -1.058  35.508 0.0000000000
72687  46.536  -2.843  37.094 0.0000000000
74127  47.638  -2.032  36.518 0.0000000000
77001  49.119  -0.685  36.420 0.0000000000
76871  40.881  -0.102  44.996 0.0000000000
76857  40.889  0.006  45.845 0.0000000000
67775  37.339  -6.770  50.856 0.0000000000
87259  43.386  6.478  18.549 0.0000000000
84298  43.352  4.669  18.564 0.0000000000
94660  57.326  11.369  10.190 0.0000000000
96196  56.487  11.821  10.729 0.0000000000
44162  20.726  -24.167  52.669 0.0000000000
44149  20.869  -24.248  53.226 0.0000000000
44163  19.871  -24.242  52.409 0.0000000000
46522  16.621  -22.271  51.072 0.0000000000
42967  16.509  -25.569  53.686 0.0000000000
78611  42.647  0.266  32.295 0.0000000000
74190  43.144  -2.190  33.441 0.0000000000
72722  44.770  -3.058  34.762 0.0000000000
72602  45.929  -3.746  40.051 0.0000000000
71004  45.825  -4.056  40.593 0.0000000000
74056  36.999  -2.685  40.946 0.0000000000
70965  37.346  -4.184  42.475 0.0000000000
67990  35.439  -5.629  40.616 0.0000000000
69451  35.913  -5.485  40.925 0.0000000000
69450  36.313  -5.417  41.409 0.0000000000
67947  36.281  -6.058  42.324 0.0000000000
69438  36.690  -5.346  42.059 0.0000000000
70966  37.052  -4.802  42.103 0.0000000000
69437  37.153  -5.059  42.493 0.0000000000
69427  37.359  -5.072  43.169 0.0000000000
67913  37.381  -5.686  44.766 0.0000000000
67897  36.577  -6.618  45.624 0.0000000000
67877  37.312  -6.185  46.325 0.0000000000
67829  36.755  -6.876  48.497 0.0000000000
67802  36.789  -6.930  49.181 0.0000000000
59731  32.870  -12.480  47.325 0.0000000000
60998  32.554  -11.473  47.249 0.0000000000
60997  33.152  -11.829  47.673 0.0000000000
58460  35.411  -13.770  46.979 0.0000000000
59729  34.910  -12.883  47.240 0.0000000000
62220  32.472  -10.597  47.536 0.0000000000
64839  32.698  -9.539  47.146 0.0000000000
63456  32.559  -9.930  47.800 0.0000000000
64828  32.879  -9.507  47.601 0.0000000000
55991  38.428  -14.892  46.851 0.0000000000
59727  36.937  -12.422  47.270 0.0000000000
60973  34.024  -11.206  48.296 0.0000000000
63450  32.640  -9.974  48.636 0.0000000000
64827  33.298  -9.254  47.899 0.0000000000
64826  33.975  -8.681  48.012 0.0000000000
66276  34.711  -8.314  48.314 0.0000000000
63434  33.611  -9.774  50.012 0.0000000000
64815  34.608  -8.521  49.454 0.0000000000
66260  35.328  -8.095  49.155 0.0000000000
66249  36.284  -7.521  49.722 0.0000000000
67776  36.917  -7.059  50.105 0.0000000000
57083  34.584  -14.425  55.318 0.0000000000
58326  33.038  -13.517  55.566 0.0000000000
59619  32.417  -13.206  55.637 0.0000000000
58339  31.595  -12.957  54.641 0.0000000000
59632  32.055  -12.887  55.259 0.0000000000
59633  30.908  -12.299  55.027 0.0000000000
59634  30.202  -12.220  54.597 0.0000000000
60896  29.054  -11.693  53.817 0.0000000000
60910  28.103  -11.535  52.612 0.0000000000
58386  28.615  -13.083  50.612 0.0000000000
59696  27.679  -12.036  49.812 0.0000000000
59682  27.801  -11.830  50.556 0.0000000000
60937  27.616  -11.582  51.082 0.0000000000
60924  27.112  -11.379  51.418 0.0000000000
60911  27.239  -11.702  52.114 0.0000000000
60913  26.195  -11.643  51.283 0.0000000000
59655  27.206  -12.274  52.450 0.0000000000
58364  27.680  -13.327  52.825 0.0000000000
57116  28.183  -14.181  53.322 0.0000000000
55853  28.311  -15.193  53.559 0.0000000000
54554  28.383  -15.992  53.999 0.0000000000
61000  25.100  -11.743  47.695 0.0000000000
61002  23.573  -12.028  47.290 0.0000000000
58399  25.810  -12.905  50.097 0.0000000000
57150  26.910  -14.172  50.597 0.0000000000
57149  27.295  -14.294  51.198 0.0000000000
55876  27.993  -15.333  52.235 0.0000000000
55875  28.250  -15.589  52.859 0.0000000000
53196  28.282  -16.533  54.239 0.0000000000
53197  28.011  -17.219  54.474 0.0000000000
51929  27.448  -18.210  54.837 0.0000000000
51930  26.844  -18.748  55.162 0.0000000000
51954  27.471  -18.159  52.596 0.0000000000
51946  26.867  -18.839  54.218 0.0000000000
50618  25.486  -19.720  54.549 0.0000000000
53258  26.224  -17.181  49.809 0.0000000000
51981  26.479  -18.081  50.832 0.0000000000
50634  25.125  -20.021  53.566 0.0000000000
50635  24.812  -20.193  53.839 0.0000000000
49242  24.398  -20.654  54.661 0.0000000000
47850  24.051  -21.514  54.473 0.0000000000
49272  23.569  -20.528  52.689 0.0000000000
46504  23.508  -21.724  53.116 0.0000000000
46492  23.012  -22.973  53.529 0.0000000000
46505  22.835  -22.421  52.622 0.0000000000
46506  22.100  -22.974  52.212 0.0000000000
47902  22.312  -21.112  51.473 0.0000000000
46520  21.828  -22.387  51.356 0.0000000000
46521  21.071  -22.929  51.000 0.0000000000
46536  20.622  -22.385  50.495 0.0000000000
45367  19.788  -23.048  50.618 0.0000000000
49309  20.168  -20.361  50.092 0.0000000000
46537  19.375  -22.336  50.298 0.0000000000
47917  18.733  -21.496  50.197 0.0000000000
66410  32.765  -7.389  41.889 0.0000000000
64885  32.235  -9.098  43.807 0.0000000000
63482  31.843  -9.899  44.792 0.0000000000
61019  31.814  -11.371  45.835 0.0000000000
61061  31.139  -11.416  43.487 0.0000000000
62263  31.351  -10.552  43.538 0.0000000000
61039  31.582  -11.401  45.066 0.0000000000
59759  32.216  -12.025  46.128 0.0000000000
55976  32.888  -15.573  47.862 0.0000000000
54656  34.132  -16.268  49.057 0.0000000000
54635  34.572  -16.437  49.841 0.0000000000
54566  34.935  -16.277  52.168 0.0000000000
54674  31.075  -16.246  47.835 0.0000000000
54638  31.835  -16.485  49.677 0.0000000000
54617  31.255  -16.351  50.549 0.0000000000
54591  33.588  -16.366  51.658 0.0000000000
54567  34.183  -16.300  52.231 0.0000000000
55849  35.154  -15.331  53.367 0.0000000000
57109  35.593  -14.790  53.856 0.0000000000
57111  33.929  -14.520  53.843 0.0000000000
57097  34.456  -14.354  54.421 0.0000000000
57096  35.134  -14.547  54.479 0.0000000000
58323  34.871  -14.245  54.880 0.0000000000
53160  26.758  -17.094  57.582 0.0000000000
54498  26.841  -16.613  58.297 0.0000000000
45320  20.448  -24.141  54.409 0.0000000000
77184  43.547  -0.233  25.781 0.0000000000
77183  44.052  -0.743  25.603 0.0000000000
75682  43.755  -1.089  28.171 0.0000000000
75681  44.466  -1.361  28.101 0.0000000000
75649  49.519  -1.113  30.103 0.0000000000
77050  44.280  0.111  33.123 0.0000000000
80073  45.968  1.382  32.002 0.0000000000
78568  47.677  0.895  34.745 0.0000000000
78569  47.062  0.778  34.481 0.0000000000
80015  46.631  1.208  34.313 0.0000000000
80027  46.623  1.983  34.079 0.0000000000
78627  47.312  0.794  31.432 0.0000000000
80070  48.161  1.271  31.803 0.0000000000
78626  48.255  0.712  31.565 0.0000000000
77075  48.640  -0.164  31.302 0.0000000000
71082  41.495  -4.701  38.650 0.0000000000
71042  42.816  -4.774  39.695 0.0000000000
70984  41.827  -4.799  41.545 0.0000000000
71008  42.291  -4.839  40.590 0.0000000000
70981  44.856  -4.571  41.438 0.0000000000
79851  40.337  1.273  44.927 0.0000000000
78358  40.939  0.874  45.515 0.0000000000
70848  39.219  -4.782  50.274 0.0000000000
70862  39.109  -4.683  49.184 0.0000000000
70877  39.360  -3.725  47.581 0.0000000000
72444  39.447  -3.028  47.199 0.0000000000
72396  40.382  -2.549  49.823 0.0000000000
73875  40.589  -1.730  49.341 0.0000000000
73901  40.270  -1.615  48.749 0.0000000000
73902  39.852  -2.047  48.373 0.0000000000
75412  39.431  -1.424  46.850 0.0000000000
78337  40.905  0.401  47.218 0.0000000000
75397  40.812  -0.871  46.889 0.0000000000
73941  40.798  -2.322  46.934 0.0000000000
70876  42.415  -3.602  47.252 0.0000000000
70892  44.016  -4.387  46.364 0.0000000000
72417  44.287  -2.834  48.600 0.0000000000
72416  45.324  -2.765  48.327 0.0000000000
70907  46.190  -4.274  45.076 0.0000000000
96195  57.312  12.051  10.844 0.0000000000
94642  54.537  11.799  11.138 0.0000000000
96186  54.124  12.116  11.581 0.0000000000
94643  53.975  11.548  11.092 0.0000000000
94644  53.139  11.138  11.119 0.0000000000
93084  51.785  10.294  11.496 0.0000000000
93085  51.241  9.959  11.666 0.0000000000
91524  50.432  8.994  11.993 0.0000000000
90082  48.552  6.997  12.589 0.0000000000
88688  48.173  6.622  12.616 0.0000000000
90063  45.607  7.121  13.934 0.0000000000
90070  46.206  6.965  13.484 0.0000000000
88678  45.962  6.703  13.552 0.0000000000
88677  46.636  6.708  13.251 0.0000000000
87274  47.005  6.433  12.969 0.0000000000
85814  45.947  5.430  13.323 0.0000000000
84324  45.110  4.711  14.182 0.0000000000
44113  21.058  -24.029  56.469 0.0000000000
44126  24.614  -25.059  55.752 0.0000000000
44138  19.919  -24.281  54.213 0.0000000000
44161  21.145  -24.133  52.877 0.0000000000
45270  25.187  -22.841  58.150 0.0000000000
45280  24.904  -23.503  57.924 0.0000000000
45333  20.740  -24.202  53.659 0.0000000000
45343  20.613  -23.805  51.906 0.0000000000
45344  20.035  -23.911  51.620 0.0000000000
45353  21.127  -23.281  51.467 0.0000000000
45357  17.667  -23.672  51.161 0.0000000000
45359  15.741  -23.546  51.572 0.0000000000
46539  17.648  -22.425  50.601 0.0000000000
47819  24.345  -21.875  57.905 0.0000000000
47820  24.199  -22.291  57.889 0.0000000000
47837  24.385  -21.337  56.179 0.0000000000
47849  24.301  -21.376  55.359 0.0000000000
47882  23.513  -21.060  53.122 0.0000000000
47916  19.803  -21.391  50.133 0.0000000000
49216  24.580  -20.685  56.688 0.0000000000
49243  23.979  -20.837  54.010 0.0000000000
49255  24.783  -20.242  53.504 0.0000000000
49308  20.938  -20.127  50.387 0.0000000000
49310  19.085  -20.450  50.118 0.0000000000
50563  24.875  -20.090  58.854 0.0000000000
50585  25.418  -19.351  56.877 0.0000000000
50650  16.930  -19.292  53.256 0.0000000000
50698  20.204  -19.876  50.104 0.0000000000
51883  26.038  -19.107  59.232 0.0000000000
51908  25.834  -18.699  57.487 0.0000000000
51917  27.129  -18.215  55.579 0.0000000000
53150  26.590  -17.198  58.429 0.0000000000
53159  27.221  -16.570  57.394 0.0000000000
53243  26.593  -17.511  50.372 0.0000000000
54497  27.289  -16.266  57.868 0.0000000000
54523  28.029  -15.991  55.607 0.0000000000
54541  28.229  -16.121  54.834 0.0000000000
54565  37.630  -16.038  52.620 0.0000000000
54568  33.690  -16.251  52.264 0.0000000000
54569  31.975  -16.086  52.233 0.0000000000
54570  31.559  -15.879  52.184 0.0000000000
54571  28.349  -16.118  53.233 0.0000000000
54619  26.661  -16.782  49.964 0.0000000000
54640  26.754  -16.146  49.912 0.0000000000
55817  28.252  -15.206  55.591 0.0000000000
55891  33.339  -16.160  52.283 0.0000000000
55894  30.582  -15.573  51.729 0.0000000000
55924  38.473  -16.210  48.928 0.0000000000
55947  36.186  -15.825  48.411 0.0000000000
55949  34.483  -15.801  48.427 0.0000000000
55952  29.753  -15.829  48.881 0.0000000000
55957  24.240  -15.341  48.206 0.0000000000
56000  30.690  -15.076  45.743 0.0000000000
57087  28.394  -14.210  55.826 0.0000000000
57158  28.474  -14.099  49.262 0.0000000000
57159  26.304  -14.086  49.857 0.0000000000
57174  26.194  -14.727  49.268 0.0000000000
57210  36.657  -14.272  46.729 0.0000000000
57211  35.920  -14.313  46.810 0.0000000000
57245  29.868  -13.918  43.287 0.0000000000
58335  34.716  -14.264  54.722 0.0000000000
58374  28.648  -12.571  51.285 0.0000000000
58416  24.149  -13.056  48.582 0.0000000000
58438  23.702  -13.697  47.959 0.0000000000
58457  38.227  -13.544  46.818 0.0000000000
58459  36.066  -13.664  46.703 0.0000000000
58477  31.075  -13.180  43.910 0.0000000000
58478  30.682  -13.182  43.470 0.0000000000
58489  28.327  -14.117  43.545 0.0000000000
59620  31.610  -12.835  55.675 0.0000000000
59643  30.482  -12.566  54.407 0.0000000000
59656  26.545  -11.941  51.902 0.0000000000
59669  26.160  -12.209  51.494 0.0000000000
59681  28.272  -12.027  51.026 0.0000000000
59726  38.172  -12.332  47.574 0.0000000000
59728  35.877  -12.358  47.159 0.0000000000
59756  36.433  -12.771  46.969 0.0000000000
59808  30.913  -11.859  43.350 0.0000000000
60883  30.194  -12.134  55.511 0.0000000000
60909  28.715  -11.629  53.116 0.0000000000
60912  26.583  -11.619  51.567 0.0000000000
60926  25.973  -11.611  50.838 0.0000000000
60971  36.223  -11.139  48.594 0.0000000000
60975  32.764  -11.159  47.872 0.0000000000
61062  30.769  -11.430  42.956 0.0000000000
62181  33.805  -10.068  50.289 0.0000000000
62196  35.253  -10.348  50.011 0.0000000000
62197  34.216  -10.341  49.907 0.0000000000
62199  32.799  -10.270  49.036 0.0000000000
62211  33.244  -10.733  48.865 0.0000000000
62226  32.179  -10.668  46.802 0.0000000000
63433  34.078  -9.707  50.560 0.0000000000
63442  32.785  -9.938  49.191 0.0000000000
63455  32.818  -9.670  48.162 0.0000000000
63461  32.332  -9.905  46.883 0.0000000000
63508  31.233  -9.988  42.231 0.0000000000
64798  33.946  -9.401  50.222 0.0000000000
64807  33.682  -9.254  49.611 0.0000000000
66261  34.692  -8.403  48.974 0.0000000000
66313  36.162  -7.046  45.646 0.0000000000
67966  36.256  -5.770  41.795 0.0000000000
69411  38.243  -4.991  45.608 0.0000000000
71003  46.226  -3.751  40.737 0.0000000000
73876  40.319  -2.271  49.003 0.0000000000
74002  38.353  -2.186  44.173 0.0000000000
75726  47.619  -1.264  25.863 0.0000000000
76827  41.252  -0.181  47.639 0.0000000000
78292  40.577  0.129  48.610 0.0000000000
82890  42.751  3.470  20.279 0.0000000000
84310  43.621  4.864  17.927 0.0000000000
85828  53.182  6.183  11.362 0.0000000000
85843  55.965  6.205  10.439 0.0000000000
87290  54.043  6.857  11.220 0.0000000000
88711  54.005  7.832  11.016 0.0000000000
90050  44.369  8.523  17.230 0.0000000000
90058  45.537  8.695  15.313 0.0000000000
90089  53.692  8.128  11.065 0.0000000000
91483  45.588  9.344  17.895 0.0000000000
91496  45.348  9.524  16.744 0.0000000000
93013  46.576  10.028  17.198 0.0000000000
93025  46.515  10.161  16.962 0.0000000000
93049  48.265  10.437  14.109 0.0000000000
93075  49.036  9.936  13.115 0.0000000000
93105  53.153  9.931  10.851 0.0000000000
94632  50.652  10.957  12.299 0.0000000000
94646  51.563  10.982  11.717 0.0000000000
94662  54.847  11.200  10.572 0.0000000000
94664  53.463  10.711  10.795 0.0000000000
96174  52.494  11.897  12.141 0.0000000000
