#!ascii label  , from subject S2_Demo vox2ras=TkReg
1184
134924  44.655  46.108  -5.636 0.0000000000
139202  43.129  51.841  -5.558 0.0000000000
126394  40.793  37.447  -3.433 0.0000000000
131046  37.734  42.423  -5.889 0.0000000000
127461  38.605  38.201  -7.574 0.0000000000
133046  48.937  44.597  -8.672 0.0000000000
142595  38.244  55.651  -4.354 0.0000000000
140998  39.389  53.735  -8.918 0.0000000000
125251  39.666  36.900  1.844 0.0000000000
122266  42.285  33.184  -0.210 0.0000000000
135862  49.283  47.109  -4.272 0.0000000000
129386  45.169  39.771  -6.400 0.0000000000
133931  44.447  44.782  -2.676 0.0000000000
130162  39.589  41.142  -3.744 0.0000000000
140151  42.371  52.558  -12.209 0.0000000000
135904  44.170  47.645  -8.554 0.0000000000
124326  37.082  35.622  -5.885 0.0000000000
132072  39.958  43.874  -6.288 0.0000000000
128434  37.936  39.920  -5.773 0.0000000000
130214  41.127  41.865  -5.919 0.0000000000
134931  46.673  46.277  -7.313 0.0000000000
133997  42.589  45.647  -8.051 0.0000000000
140052  36.427  52.465  -5.905 0.0000000000
126319  42.673  37.622  2.775 0.0000000000
124223  43.590  35.606  1.724 0.0000000000
126315  46.277  37.954  2.554 0.0000000000
135952  44.781  48.321  -14.732 0.0000000000
136652  46.017  48.334  -3.778 0.0000000000
133898  47.869  45.932  -1.518 0.0000000000
136655  44.147  49.040  -3.369 0.0000000000
137463  38.014  49.415  -3.972 0.0000000000
134865  40.643  47.011  -0.629 0.0000000000
132966  38.383  44.783  -2.853 0.0000000000
128371  38.507  39.743  -0.786 0.0000000000
139220  40.237  51.694  -6.351 0.0000000000
136714  40.491  48.675  -8.386 0.0000000000
136695  43.604  49.125  -6.349 0.0000000000
136691  47.808  48.045  -6.560 0.0000000000
126410  44.023  38.087  -5.772 0.0000000000
125352  41.468  36.765  -8.165 0.0000000000
125329  39.213  36.641  -4.534 0.0000000000
126426  35.920  37.696  -6.678 0.0000000000
125391  35.563  35.991  -10.318 0.0000000000
133111  48.236  44.380  -11.600 0.0000000000
131111  46.581  42.296  -10.924 0.0000000000
142611  41.546  56.179  -5.484 0.0000000000
141802  43.455  54.632  -3.934 0.0000000000
138410  31.513  50.722  -10.157 0.0000000000
141893  37.156  55.163  -11.312 0.0000000000
142651  38.773  56.449  -7.581 0.0000000000
125264  38.786  36.498  0.681 0.0000000000
124242  37.866  35.059  0.348 0.0000000000
123241  41.335  34.647  1.476 0.0000000000
123270  45.431  34.366  -0.435 0.0000000000
134906  48.150  46.228  -4.362 0.0000000000
132050  44.511  43.449  -5.010 0.0000000000
132009  47.760  43.671  -2.978 0.0000000000
130155  47.545  41.252  -3.565 0.0000000000
128409  44.630  39.842  -3.873 0.0000000000
136639  41.994  48.067  -2.499 0.0000000000
131020  42.393  42.793  -4.078 0.0000000000
127416  40.630  38.589  -3.023 0.0000000000
127389  38.964  38.613  -0.466 0.0000000000
127363  39.865  38.909  1.573 0.0000000000
138459  42.229  51.078  -13.527 0.0000000000
135931  43.286  47.977  -12.941 0.0000000000
135921  41.518  47.936  -10.644 0.0000000000
134977  45.344  45.927  -10.880 0.0000000000
135910  48.406  46.968  -8.972 0.0000000000
134911  49.171  46.707  -6.251 0.0000000000
128455  41.714  38.935  -7.375 0.0000000000
125402  37.629  36.445  -10.491 0.0000000000
123348  35.540  34.041  -7.868 0.0000000000
121224  38.120  33.044  -1.463 0.0000000000
133959  42.443  45.192  -6.152 0.0000000000
132071  40.825  43.681  -6.178 0.0000000000
132998  42.435  44.332  -5.739 0.0000000000
134922  46.725  46.522  -6.140 0.0000000000
133974  45.484  46.038  -7.894 0.0000000000
133976  43.588  46.030  -7.129 0.0000000000
133978  41.630  45.378  -7.018 0.0000000000
128313  43.704  40.367  2.754 0.0000000000
126317  44.506  37.399  2.707 0.0000000000
127331  45.228  39.399  2.943 0.0000000000
123359  34.395  34.538  -8.939 0.0000000000
137500  44.373  49.991  -4.557 0.0000000000
136654  44.809  49.342  -3.469 0.0000000000
140031  44.317  51.990  -4.539 0.0000000000
135871  37.288  47.646  -2.592 0.0000000000
135830  38.552  47.076  -1.275 0.0000000000
139203  41.903  51.788  -5.806 0.0000000000
137514  40.936  49.905  -6.432 0.0000000000
137502  43.392  50.246  -5.634 0.0000000000
136686  45.558  48.460  -5.234 0.0000000000
126401  41.973  37.713  -4.506 0.0000000000
126413  41.352  37.271  -5.730 0.0000000000
126403  40.214  36.980  -3.902 0.0000000000
130205  35.493  41.270  -5.178 0.0000000000
129380  36.403  40.435  -5.370 0.0000000000
128448  38.414  39.299  -6.325 0.0000000000
127437  37.417  38.989  -6.008 0.0000000000
126425  37.122  37.895  -7.133 0.0000000000
126439  35.613  36.890  -8.354 0.0000000000
126450  36.525  37.040  -9.733 0.0000000000
134031  49.304  44.823  -10.014 0.0000000000
131108  49.160  42.741  -11.029 0.0000000000
132121  48.190  43.641  -9.870 0.0000000000
133014  37.692  43.798  -6.616 0.0000000000
131068  35.990  42.880  -6.055 0.0000000000
143376  39.704  57.075  -5.407 0.0000000000
144131  41.184  57.980  -4.187 0.0000000000
144120  39.155  57.121  -3.138 0.0000000000
140940  37.144  53.885  -4.915 0.0000000000
141841  37.842  54.391  -6.288 0.0000000000
143392  39.191  56.443  -6.021 0.0000000000
142633  40.213  56.063  -6.790 0.0000000000
125252  39.192  36.633  1.284 0.0000000000
124228  38.810  35.820  1.139 0.0000000000
124226  40.779  35.427  1.876 0.0000000000
124220  45.950  35.964  1.093 0.0000000000
124240  43.922  35.022  1.086 0.0000000000
124253  46.743  35.218  -0.303 0.0000000000
134898  48.983  46.528  -3.659 0.0000000000
134900  48.011  45.367  -3.355 0.0000000000
133913  48.891  45.887  -2.560 0.0000000000
132954  45.941  44.974  -1.780 0.0000000000
132011  46.628  43.197  -2.666 0.0000000000
132012  45.507  43.165  -2.948 0.0000000000
129344  46.330  40.812  -3.618 0.0000000000
130157  45.437  41.502  -3.526 0.0000000000
140936  42.032  53.686  -3.732 0.0000000000
138331  41.983  50.761  -4.168 0.0000000000
138332  40.897  50.691  -4.417 0.0000000000
132979  39.927  44.463  -3.764 0.0000000000
133934  41.192  45.204  -3.017 0.0000000000
130996  40.912  42.540  -4.056 0.0000000000
130181  42.022  40.590  -4.113 0.0000000000
129349  40.565  40.152  -3.705 0.0000000000
127408  39.631  38.309  -2.119 0.0000000000
128389  39.181  38.967  -2.003 0.0000000000
129280  38.718  40.217  0.570 0.0000000000
128354  39.246  39.776  0.509 0.0000000000
139297  42.050  51.809  -12.699 0.0000000000
138439  43.707  51.067  -12.822 0.0000000000
138440  43.130  51.071  -12.322 0.0000000000
143437  39.543  56.155  -10.909 0.0000000000
141903  39.754  55.045  -11.495 0.0000000000
140102  39.969  53.044  -9.913 0.0000000000
135895  41.777  47.848  -8.210 0.0000000000
136716  41.136  47.956  -9.505 0.0000000000
135915  42.806  47.188  -9.642 0.0000000000
134979  43.290  46.807  -10.913 0.0000000000
134958  45.768  46.721  -9.938 0.0000000000
134957  46.922  46.803  -9.842 0.0000000000
135912  46.310  47.399  -9.252 0.0000000000
135875  48.846  47.501  -4.607 0.0000000000
135886  48.603  47.618  -6.590 0.0000000000
135874  49.304  47.226  -5.006 0.0000000000
134905  48.940  46.550  -4.833 0.0000000000
131040  45.371  42.415  -4.964 0.0000000000
129373  43.411  40.802  -5.887 0.0000000000
129387  44.021  39.867  -6.406 0.0000000000
125366  38.783  36.451  -7.894 0.0000000000
125375  39.795  36.674  -9.636 0.0000000000
125377  38.008  36.106  -8.623 0.0000000000
124347  36.556  35.293  -8.828 0.0000000000
124327  36.483  35.129  -6.521 0.0000000000
122251  39.656  33.722  0.419 0.0000000000
122253  38.114  34.097  0.121 0.0000000000
121205  40.695  32.681  -0.784 0.0000000000
132073  39.238  43.514  -6.338 0.0000000000
130202  38.345  41.617  -5.711 0.0000000000
131065  39.176  42.437  -6.028 0.0000000000
129376  39.642  41.069  -5.891 0.0000000000
128446  40.248  39.463  -6.616 0.0000000000
133972  48.425  45.619  -7.652 0.0000000000
133030  39.333  44.635  -7.458 0.0000000000
125236  41.013  36.974  2.644 0.0000000000
124209  41.360  36.101  2.337 0.0000000000
125234  42.931  36.705  2.571 0.0000000000
125249  44.702  36.158  1.874 0.0000000000
135864  47.925  47.423  -3.525 0.0000000000
133897  48.664  46.178  -1.871 0.0000000000
135844  46.939  47.523  -2.143 0.0000000000
135823  45.726  47.450  -1.562 0.0000000000
135824  44.678  47.313  -1.346 0.0000000000
138334  38.806  50.791  -4.340 0.0000000000
136676  40.002  49.007  -4.094 0.0000000000
135851  39.569  47.524  -2.012 0.0000000000
133921  39.599  45.751  -2.161 0.0000000000
132017  38.900  43.179  -3.856 0.0000000000
129351  38.881  40.323  -2.970 0.0000000000
130164  37.870  41.737  -3.090 0.0000000000
129290  37.757  40.105  -0.861 0.0000000000
129281  37.898  40.139  0.114 0.0000000000
140138  40.787  52.649  -11.696 0.0000000000
139227  39.184  51.785  -7.757 0.0000000000
137541  39.535  50.337  -8.610 0.0000000000
137524  39.793  49.976  -7.228 0.0000000000
136705  41.479  48.506  -7.460 0.0000000000
135892  44.527  48.154  -7.862 0.0000000000
136711  46.419  48.177  -7.908 0.0000000000
136693  45.822  48.356  -6.226 0.0000000000
136685  46.847  48.046  -5.253 0.0000000000
128441  45.249  39.207  -6.269 0.0000000000
128452  44.019  38.380  -7.336 0.0000000000
126422  42.129  37.332  -7.148 0.0000000000
125341  40.425  36.814  -6.410 0.0000000000
125343  38.495  36.431  -5.538 0.0000000000
122281  44.413  33.128  -1.324 0.0000000000
121219  43.222  32.606  -1.546 0.0000000000
126415  34.814  37.728  -5.666 0.0000000000
128435  37.135  39.632  -5.699 0.0000000000
127439  35.759  38.425  -5.623 0.0000000000
125345  34.153  36.725  -6.288 0.0000000000
126440  34.830  36.524  -7.844 0.0000000000
125380  34.676  35.924  -8.966 0.0000000000
124358  35.154  35.220  -10.116 0.0000000000
133122  48.487  43.509  -12.243 0.0000000000
130233  47.233  41.600  -12.149 0.0000000000
140950  42.248  53.927  -5.486 0.0000000000
140948  43.717  53.728  -4.577 0.0000000000
143388  42.547  56.128  -4.921 0.0000000000
143360  42.082  56.798  -3.327 0.0000000000
143361  41.372  56.544  -2.825 0.0000000000
141785  39.508  54.913  -3.097 0.0000000000
140924  38.451  53.362  -3.352 0.0000000000
140124  34.615  52.978  -10.671 0.0000000000
141885  36.588  54.344  -10.270 0.0000000000
143431  39.055  56.627  -9.863 0.0000000000
142662  39.610  55.828  -8.572 0.0000000000
141839  39.778  54.970  -6.901 0.0000000000
140951  41.040  53.933  -5.837 0.0000000000
125292  39.234  36.879  -1.547 0.0000000000
125317  39.433  36.758  -3.163 0.0000000000
124241  38.335  35.580  0.416 0.0000000000
123243  39.130  35.100  1.089 0.0000000000
122249  41.739  33.855  0.625 0.0000000000
123240  42.216  34.776  1.493 0.0000000000
123253  42.541  34.343  0.922 0.0000000000
122264  44.716  33.750  -0.592 0.0000000000
134914  46.849  46.389  -5.029 0.0000000000
133946  45.210  45.560  -4.934 0.0000000000
134908  46.306  45.474  -4.262 0.0000000000
132984  46.662  44.118  -3.792 0.0000000000
131039  46.204  42.519  -4.436 0.0000000000
132961  48.162  44.372  -2.098 0.0000000000
131017  47.225  42.882  -3.465 0.0000000000
129370  46.998  40.586  -5.047 0.0000000000
128421  46.851  40.030  -4.920 0.0000000000
127423  44.868  38.876  -4.605 0.0000000000
127425  42.658  38.402  -4.170 0.0000000000
139183  43.647  51.618  -3.850 0.0000000000
136656  43.264  48.794  -3.276 0.0000000000
134880  43.317  46.733  -1.087 0.0000000000
135827  41.248  47.241  -0.898 0.0000000000
133918  42.635  45.710  -2.275 0.0000000000
132013  43.918  43.235  -3.504 0.0000000000
130158  44.039  41.389  -3.877 0.0000000000
128411  42.508  39.344  -3.871 0.0000000000
127406  40.925  37.992  -2.877 0.0000000000
126373  39.505  37.484  -1.675 0.0000000000
126361  39.088  37.341  -0.600 0.0000000000
126335  39.352  37.754  1.231 0.0000000000
127399  38.862  39.081  -1.042 0.0000000000
127376  39.375  38.905  0.889 0.0000000000
126322  39.969  37.817  1.984 0.0000000000
127350  41.128  39.092  2.286 0.0000000000
138466  43.963  51.136  -14.332 0.0000000000
136744  43.808  49.212  -13.544 0.0000000000
134085  45.130  46.203  -13.341 0.0000000000
138398  40.106  50.483  -9.881 0.0000000000
138422  42.226  51.058  -11.384 0.0000000000
135925  42.262  47.904  -11.580 0.0000000000
134994  44.693  46.043  -11.808 0.0000000000
134051  46.200  45.448  -11.953 0.0000000000
134034  47.110  45.477  -10.876 0.0000000000
134974  48.528  46.067  -10.118 0.0000000000
134954  49.366  45.773  -8.988 0.0000000000
136709  47.704  47.797  -7.694 0.0000000000
135899  48.923  46.826  -8.290 0.0000000000
133955  49.251  45.873  -7.411 0.0000000000
134920  48.822  46.070  -6.839 0.0000000000
134913  47.927  46.435  -5.429 0.0000000000
131042  43.088  42.551  -5.481 0.0000000000
129389  41.482  40.688  -6.161 0.0000000000
127460  39.783  38.135  -8.077 0.0000000000
127467  42.220  37.829  -8.686 0.0000000000
126458  39.743  37.264  -10.270 0.0000000000
126448  38.895  37.429  -9.231 0.0000000000
125403  36.735  36.254  -10.522 0.0000000000
123367  35.833  35.127  -10.078 0.0000000000
125294  37.855  35.975  -2.027 0.0000000000
124280  37.286  35.237  -2.318 0.0000000000
124293  36.636  34.883  -3.576 0.0000000000
121238  40.806  31.838  -2.302 0.0000000000
123306  36.388  34.163  -3.979 0.0000000000
128310  46.843  40.138  3.095 0.0000000000
127343  48.111  38.918  2.124 0.0000000000
133958  43.578  45.712  -6.111 0.0000000000
133949  42.892  44.784  -5.652 0.0000000000
133948  43.458  45.040  -5.537 0.0000000000
134923  45.644  46.386  -5.825 0.0000000000
134933  44.621  46.308  -6.529 0.0000000000
134934  44.068  46.093  -6.254 0.0000000000
133977  42.539  45.696  -7.046 0.0000000000
128312  44.714  40.329  2.984 0.0000000000
139201  43.973  51.710  -5.324 0.0000000000
139182  44.337  51.354  -4.513 0.0000000000
140047  44.312  52.034  -5.039 0.0000000000
138355  42.382  50.881  -5.800 0.0000000000
138354  43.261  50.977  -5.538 0.0000000000
137501  44.037  50.025  -5.333 0.0000000000
126402  41.049  37.284  -4.301 0.0000000000
131047  36.723  42.356  -5.793 0.0000000000
130204  36.530  41.434  -5.456 0.0000000000
127462  38.090  38.190  -7.399 0.0000000000
127449  37.764  38.486  -6.778 0.0000000000
126424  37.616  38.060  -7.234 0.0000000000
126438  36.770  37.528  -8.231 0.0000000000
126437  37.964  37.854  -7.899 0.0000000000
133045  49.225  44.629  -9.075 0.0000000000
132120  48.951  43.492  -9.877 0.0000000000
133066  48.885  44.078  -9.276 0.0000000000
132075  37.572  43.172  -6.199 0.0000000000
133015  37.163  43.675  -6.545 0.0000000000
132054  37.016  42.950  -5.953 0.0000000000
131048  35.746  42.203  -5.585 0.0000000000
143377  38.906  56.332  -4.875 0.0000000000
143362  39.479  57.091  -4.186 0.0000000000
143363  38.441  56.248  -3.735 0.0000000000
142596  37.930  55.051  -4.650 0.0000000000
141823  37.786  54.581  -5.284 0.0000000000
124227  39.696  35.860  1.707 0.0000000000
124211  39.982  36.486  2.052 0.0000000000
124237  46.490  35.673  0.463 0.0000000000
133927  48.853  45.786  -3.042 0.0000000000
132964  45.339  44.521  -2.366 0.0000000000
132973  46.157  43.774  -2.461 0.0000000000
130992  45.626  42.342  -3.224 0.0000000000
132975  44.234  44.097  -3.095 0.0000000000
141804  41.168  54.079  -3.728 0.0000000000
140034  41.273  52.568  -4.042 0.0000000000
139186  40.518  51.609  -4.356 0.0000000000
132016  39.822  43.426  -4.007 0.0000000000
132015  40.725  43.709  -4.172 0.0000000000
130161  40.694  41.271  -3.952 0.0000000000
128414  39.895  39.296  -3.061 0.0000000000
129350  39.524  40.018  -3.251 0.0000000000
129270  39.231  40.544  1.120 0.0000000000
139298  41.218  52.128  -12.255 0.0000000000
138442  40.823  51.016  -12.362 0.0000000000
139296  42.949  51.907  -12.424 0.0000000000
140136  42.670  52.550  -11.854 0.0000000000
141883  39.718  54.629  -9.607 0.0000000000
141892  40.230  54.492  -10.295 0.0000000000
141012  39.807  53.740  -9.657 0.0000000000
135905  43.140  47.524  -8.686 0.0000000000
135906  42.136  47.550  -8.810 0.0000000000
135914  43.869  47.129  -9.342 0.0000000000
135913  45.066  47.413  -9.208 0.0000000000
134897  49.344  46.888  -4.584 0.0000000000
130196  45.183  41.509  -5.425 0.0000000000
129372  44.675  40.616  -5.911 0.0000000000
125356  37.806  36.137  -6.283 0.0000000000
124336  37.198  35.629  -6.966 0.0000000000
124346  37.280  35.623  -8.131 0.0000000000
124315  36.461  34.999  -5.461 0.0000000000
122267  41.201  33.101  -0.009 0.0000000000
122268  40.178  33.212  -0.119 0.0000000000
121204  41.715  32.667  -0.787 0.0000000000
131063  41.327  42.752  -6.005 0.0000000000
130215  40.168  41.595  -5.950 0.0000000000
129391  39.541  40.221  -6.108 0.0000000000
129390  40.386  40.430  -6.158 0.0000000000
134930  47.907  45.920  -7.513 0.0000000000
134943  47.419  45.655  -8.092 0.0000000000
134944  47.004  45.946  -7.984 0.0000000000
133996  43.559  45.666  -8.245 0.0000000000
133995  44.517  45.593  -8.486 0.0000000000
133979  40.909  45.051  -7.000 0.0000000000
133011  40.345  44.528  -6.703 0.0000000000
133012  39.274  44.263  -6.719 0.0000000000
126320  41.768  38.068  2.680 0.0000000000
125235  41.987  36.857  2.646 0.0000000000
126316  45.396  37.551  2.645 0.0000000000
125232  44.960  36.764  2.392 0.0000000000
125231  45.486  36.957  2.369 0.0000000000
125248  45.694  36.546  1.840 0.0000000000
126333  46.558  37.318  1.952 0.0000000000
137596  44.203  49.962  -15.200 0.0000000000
136755  44.263  48.924  -15.910 0.0000000000
135877  47.210  47.740  -4.239 0.0000000000
135843  47.834  47.269  -2.763 0.0000000000
135865  46.733  47.842  -3.319 0.0000000000
137458  44.263  49.874  -3.766 0.0000000000
135845  45.768  48.140  -2.307 0.0000000000
136636  44.852  48.742  -2.674 0.0000000000
135846  44.800  47.978  -2.000 0.0000000000
136637  43.961  48.436  -2.584 0.0000000000
137485  38.227  50.230  -4.172 0.0000000000
137484  39.061  49.617  -4.256 0.0000000000
135869  38.697  47.820  -2.912 0.0000000000
133922  38.683  45.513  -2.039 0.0000000000
133906  39.036  46.073  -1.292 0.0000000000
132980  39.001  44.218  -3.666 0.0000000000
132981  38.191  43.862  -3.438 0.0000000000
132018  38.198  42.963  -3.656 0.0000000000
130999  37.986  42.258  -3.404 0.0000000000
129332  37.479  40.572  -2.046 0.0000000000
129333  36.928  40.648  -1.752 0.0000000000
129291  37.027  40.133  -0.631 0.0000000000
139221  39.507  51.689  -6.937 0.0000000000
138380  39.440  50.815  -7.432 0.0000000000
138372  39.824  50.756  -6.710 0.0000000000
136696  42.387  49.045  -6.655 0.0000000000
136697  41.736  49.072  -6.712 0.0000000000
136704  42.885  48.524  -7.286 0.0000000000
136703  44.027  48.526  -7.163 0.0000000000
136702  45.085  48.425  -7.106 0.0000000000
136694  44.721  48.657  -6.206 0.0000000000
136672  46.291  48.199  -4.339 0.0000000000
135883  47.522  47.742  -4.713 0.0000000000
126420  43.998  37.877  -6.495 0.0000000000
127445  44.165  38.013  -7.109 0.0000000000
126421  43.194  37.626  -6.727 0.0000000000
125328  40.312  36.886  -5.083 0.0000000000
125342  39.462  36.625  -5.871 0.0000000000
125330  38.215  36.398  -4.660 0.0000000000
126404  34.281  38.161  -4.909 0.0000000000
127440  35.123  38.275  -5.395 0.0000000000
129378  38.134  40.790  -5.652 0.0000000000
129379  37.276  40.631  -5.545 0.0000000000
127450  36.592  38.205  -6.339 0.0000000000
127438  36.853  38.818  -5.898 0.0000000000
127451  36.091  38.080  -6.178 0.0000000000
126414  35.507  37.924  -5.953 0.0000000000
126427  34.949  36.938  -6.982 0.0000000000
125379  35.295  36.324  -9.371 0.0000000000
125368  34.929  36.384  -8.544 0.0000000000
125392  34.975  35.775  -9.750 0.0000000000
124348  34.659  35.209  -9.421 0.0000000000
133112  47.615  44.610  -11.940 0.0000000000
131110  47.665  42.286  -10.937 0.0000000000
131132  47.909  41.883  -11.607 0.0000000000
131133  46.921  41.768  -11.504 0.0000000000
131135  44.724  42.235  -11.775 0.0000000000
141821  41.567  55.125  -5.536 0.0000000000
141820  42.724  54.849  -5.154 0.0000000000
142610  42.282  55.807  -5.189 0.0000000000
144130  41.805  57.613  -3.696 0.0000000000
142578  41.757  55.792  -3.217 0.0000000000
142565  40.079  56.279  -2.506 0.0000000000
140923  39.178  53.783  -3.593 0.0000000000
140125  33.815  52.348  -10.568 0.0000000000
139264  33.302  51.727  -10.248 0.0000000000
141014  36.126  53.630  -9.928 0.0000000000
141000  37.101  54.108  -9.273 0.0000000000
142671  38.110  55.830  -9.838 0.0000000000
141840  38.284  55.099  -6.555 0.0000000000
142663  38.642  56.375  -8.429 0.0000000000
143419  39.449  56.639  -8.306 0.0000000000
141855  39.523  54.828  -7.811 0.0000000000
142650  39.806  55.997  -7.663 0.0000000000
142632  40.893  56.108  -6.056 0.0000000000
141838  40.541  55.030  -6.214 0.0000000000
125293  38.585  36.463  -1.303 0.0000000000
125278  38.532  36.417  -0.130 0.0000000000
123242  40.182  34.574  1.321 0.0000000000
122240  41.058  34.137  1.116 0.0000000000
122239  41.499  34.251  1.081 0.0000000000
124224  42.666  35.405  1.854 0.0000000000
124225  41.768  35.341  1.947 0.0000000000
123251  44.360  34.474  0.457 0.0000000000
123252  43.456  34.377  0.713 0.0000000000
122246  44.430  34.114  -0.043 0.0000000000
122247  43.919  33.879  0.087 0.0000000000
123283  45.844  34.121  -1.002 0.0000000000
134907  47.175  45.779  -3.936 0.0000000000
132972  47.451  44.083  -3.288 0.0000000000
133929  47.679  44.893  -3.282 0.0000000000
132028  46.752  43.424  -3.982 0.0000000000
133914  48.622  45.267  -1.832 0.0000000000
132952  47.665  44.974  -1.543 0.0000000000
130991  47.074  42.429  -3.077 0.0000000000
130990  47.331  42.790  -3.000 0.0000000000
130179  47.321  42.091  -3.968 0.0000000000
130194  47.353  41.031  -4.627 0.0000000000
128432  46.610  40.109  -5.335 0.0000000000
129359  47.260  40.737  -4.423 0.0000000000
128408  45.723  40.029  -3.898 0.0000000000
128423  45.199  39.405  -4.235 0.0000000000
128424  44.288  39.239  -4.196 0.0000000000
127424  43.887  38.739  -4.572 0.0000000000
128425  43.386  39.071  -4.143 0.0000000000
141801  43.674  54.318  -4.096 0.0000000000
140934  43.596  53.944  -4.226 0.0000000000
140935  43.166  53.698  -3.889 0.0000000000
137461  41.875  49.103  -3.838 0.0000000000
137460  42.690  49.290  -3.760 0.0000000000
136657  42.280  48.607  -3.254 0.0000000000
135825  43.582  47.270  -1.068 0.0000000000
135848  42.748  47.668  -1.701 0.0000000000
135828  40.314  47.342  -1.162 0.0000000000
135850  40.636  47.700  -2.205 0.0000000000
134882  41.227  46.702  -0.868 0.0000000000
132977  41.804  44.562  -3.683 0.0000000000
133933  42.238  45.154  -3.060 0.0000000000
132987  42.716  43.756  -3.820 0.0000000000
133932  43.394  45.055  -3.028 0.0000000000
132014  43.040  43.611  -3.704 0.0000000000
132031  43.451  42.917  -3.849 0.0000000000
130994  43.047  42.111  -3.953 0.0000000000
129348  41.715  40.278  -3.945 0.0000000000
129347  42.636  40.289  -4.039 0.0000000000
128412  41.492  39.272  -3.585 0.0000000000
127414  42.030  38.781  -3.628 0.0000000000
127415  41.360  38.329  -3.269 0.0000000000
127407  40.374  38.253  -2.718 0.0000000000
127398  39.243  38.456  -1.336 0.0000000000
127388  39.255  38.025  -0.829 0.0000000000
126350  38.995  37.579  0.337 0.0000000000
126349  39.178  38.256  0.685 0.0000000000
129331  38.502  40.238  -2.469 0.0000000000
128390  38.774  39.450  -1.623 0.0000000000
126321  40.719  37.876  2.371 0.0000000000
137571  41.169  50.346  -13.095 0.0000000000
137583  40.471  49.548  -13.581 0.0000000000
137582  41.447  49.947  -13.884 0.0000000000
138458  43.353  51.301  -13.658 0.0000000000
136732  43.321  49.155  -12.970 0.0000000000
137581  43.938  49.963  -13.467 0.0000000000
135942  43.797  48.507  -13.539 0.0000000000
135034  44.678  46.904  -13.714 0.0000000000
135014  43.604  47.052  -12.709 0.0000000000
138399  39.597  50.923  -9.166 0.0000000000
137540  39.829  49.616  -9.015 0.0000000000
135917  41.103  47.951  -9.946 0.0000000000
136721  40.762  48.754  -10.232 0.0000000000
136720  41.216  48.920  -10.825 0.0000000000
135926  41.709  48.496  -11.287 0.0000000000
136725  41.648  48.996  -11.398 0.0000000000
134978  44.209  46.457  -10.908 0.0000000000
134052  45.482  45.616  -11.904 0.0000000000
134036  45.803  45.607  -11.461 0.0000000000
134050  46.942  45.072  -11.767 0.0000000000
134035  46.284  45.573  -11.206 0.0000000000
134956  48.007  46.697  -9.693 0.0000000000
134975  47.532  46.152  -10.314 0.0000000000
134973  49.041  45.971  -9.972 0.0000000000
134955  49.054  46.312  -9.393 0.0000000000
136700  47.014  48.244  -7.219 0.0000000000
136710  47.264  48.013  -7.853 0.0000000000
136699  47.630  47.956  -7.290 0.0000000000
135885  49.319  47.011  -6.767 0.0000000000
135890  48.788  47.277  -7.460 0.0000000000
135898  49.281  46.467  -7.976 0.0000000000
134919  49.240  46.321  -7.069 0.0000000000
133956  49.144  45.886  -7.159 0.0000000000
132986  44.931  44.408  -4.674 0.0000000000
132996  44.230  44.438  -5.089 0.0000000000
129388  42.805  40.153  -6.296 0.0000000000
129374  42.324  41.077  -5.864 0.0000000000
128444  42.228  39.523  -6.820 0.0000000000
128456  40.925  39.003  -7.027 0.0000000000
127459  40.905  38.492  -7.821 0.0000000000
126434  42.131  37.180  -8.470 0.0000000000
127457  42.989  38.093  -8.180 0.0000000000
125363  41.457  36.793  -9.260 0.0000000000
125388  38.744  36.674  -10.210 0.0000000000
125387  39.589  36.895  -10.530 0.0000000000
126468  39.154  37.040  -10.803 0.0000000000
126459  38.653  37.171  -10.331 0.0000000000
126460  37.707  37.090  -10.478 0.0000000000
126471  37.339  36.554  -10.515 0.0000000000
123347  36.001  34.694  -8.359 0.0000000000
124356  36.464  35.495  -9.922 0.0000000000
123357  35.955  34.852  -9.480 0.0000000000
123358  35.554  34.130  -9.067 0.0000000000
124268  38.109  35.845  -0.559 0.0000000000
125305  38.499  36.409  -2.500 0.0000000000
124269  37.666  35.453  -1.219 0.0000000000
122270  38.400  33.581  -0.389 0.0000000000
122271  37.778  33.953  -0.425 0.0000000000
122284  37.557  33.763  -1.244 0.0000000000
124281  36.818  34.855  -2.901 0.0000000000
122294  37.197  33.698  -2.107 0.0000000000
120153  43.712  32.122  -2.925 0.0000000000
121236  42.761  32.101  -2.234 0.0000000000
120155  42.402  31.704  -2.942 0.0000000000
133960  41.548  44.981  -6.499 0.0000000000
133010  41.462  44.344  -6.208 0.0000000000
132053  41.684  43.484  -5.959 0.0000000000
134932  45.577  46.361  -6.875 0.0000000000
133975  44.523  46.096  -7.551 0.0000000000
133998  41.689  45.503  -7.881 0.0000000000
126304  43.215  38.334  2.806 0.0000000000
126318  43.648  37.601  2.777 0.0000000000
127332  44.090  38.942  2.912 0.0000000000
127346  44.871  38.297  2.846 0.0000000000
127345  45.805  38.630  2.884 0.0000000000
136673  45.442  48.635  -4.271 0.0000000000
136653  45.627  48.566  -3.295 0.0000000000
136674  44.924  49.352  -4.073 0.0000000000
138311  44.334  50.502  -3.934 0.0000000000
138312  44.042  50.733  -3.778 0.0000000000
136661  37.754  48.459  -3.464 0.0000000000
135852  38.641  47.423  -1.936 0.0000000000
135853  37.769  47.392  -2.015 0.0000000000
133923  37.815  45.299  -2.002 0.0000000000
139219  41.000  51.366  -6.111 0.0000000000
138371  40.560  50.707  -6.361 0.0000000000
138370  41.435  50.715  -6.128 0.0000000000
137513  41.942  49.797  -6.225 0.0000000000
137512  42.932  49.703  -6.142 0.0000000000
136688  43.952  49.476  -5.746 0.0000000000
136687  44.500  49.093  -5.176 0.0000000000
126411  43.352  37.808  -5.638 0.0000000000
126412  42.478  37.592  -5.754 0.0000000000
129392  38.716  40.093  -6.008 0.0000000000
128449  37.766  39.226  -6.037 0.0000000000
126451  35.818  36.679  -9.372 0.0000000000
133090  48.659  44.671  -10.874 0.0000000000
133110  48.917  43.864  -11.302 0.0000000000
132143  49.244  43.418  -10.719 0.0000000000
132145  48.369  42.927  -10.402 0.0000000000
132146  47.381  42.916  -10.352 0.0000000000
133033  36.988  44.003  -6.966 0.0000000000
132076  36.467  43.445  -6.516 0.0000000000
144157  40.746  57.238  -6.115 0.0000000000
144144  41.174  57.463  -5.309 0.0000000000
144132  40.397  57.531  -4.714 0.0000000000
140953  36.854  53.133  -5.417 0.0000000000
140968  37.004  53.030  -6.401 0.0000000000
140952  37.446  53.711  -5.849 0.0000000000
141822  38.064  54.848  -5.882 0.0000000000
143408  39.283  56.687  -7.052 0.0000000000
143407  39.685  56.603  -7.037 0.0000000000
143391  39.780  57.169  -6.455 0.0000000000
144158  40.272  57.208  -6.505 0.0000000000
124222  44.379  35.581  1.479 0.0000000000
124239  44.763  35.135  0.909 0.0000000000
123250  45.162  34.727  0.300 0.0000000000
123269  46.232  34.610  -0.652 0.0000000000
134899  48.417  45.775  -3.479 0.0000000000
133928  48.500  45.105  -2.742 0.0000000000
132971  47.946  44.186  -2.796 0.0000000000
133899  46.766  45.857  -1.414 0.0000000000
132962  47.271  44.130  -1.878 0.0000000000
132005  46.490  43.637  -2.393 0.0000000000
130156  47.092  41.535  -3.303 0.0000000000
129343  47.353  40.938  -3.700 0.0000000000
129345  45.035  40.621  -3.680 0.0000000000
140920  42.808  54.384  -3.642 0.0000000000
140033  42.569  52.702  -3.924 0.0000000000
139185  41.685  51.681  -4.164 0.0000000000
137482  41.246  49.667  -4.158 0.0000000000
133935  40.210  45.237  -3.055 0.0000000000
133904  40.952  46.270  -1.401 0.0000000000
132978  40.857  44.569  -3.713 0.0000000000
132034  41.329  43.474  -4.219 0.0000000000
131021  41.590  42.942  -4.181 0.0000000000
130995  42.056  42.152  -4.073 0.0000000000
130160  41.767  41.252  -4.101 0.0000000000
128413  40.523  39.165  -3.282 0.0000000000
128399  40.158  38.857  -2.970 0.0000000000
128400  39.460  39.248  -2.636 0.0000000000
128355  38.725  39.661  -0.009 0.0000000000
128343  39.731  39.833  1.031 0.0000000000
138441  41.585  51.089  -12.926 0.0000000000
139317  42.382  51.541  -13.094 0.0000000000
139316  42.798  51.624  -13.094 0.0000000000
137570  42.900  49.844  -12.400 0.0000000000
142689  38.928  56.129  -11.468 0.0000000000
142690  37.965  55.457  -11.442 0.0000000000
142688  39.824  55.676  -11.178 0.0000000000
141025  40.848  54.137  -10.765 0.0000000000
136713  41.263  47.974  -8.782 0.0000000000
135916  41.706  47.606  -9.714 0.0000000000
135920  42.484  47.346  -10.643 0.0000000000
134960  43.589  46.788  -10.162 0.0000000000
134959  44.606  46.672  -10.036 0.0000000000
134976  46.472  46.095  -10.481 0.0000000000
135911  47.426  47.312  -9.148 0.0000000000
136683  48.173  48.033  -6.038 0.0000000000
136690  48.337  47.907  -6.192 0.0000000000
135881  48.614  47.724  -5.630 0.0000000000
135880  49.247  47.197  -5.891 0.0000000000
134904  49.298  46.851  -5.338 0.0000000000
132049  45.444  42.998  -4.802 0.0000000000
131041  44.195  42.480  -5.239 0.0000000000
130197  43.878  41.589  -5.544 0.0000000000
128454  42.732  38.713  -7.570 0.0000000000
125365  39.746  36.558  -8.424 0.0000000000
125364  40.731  36.560  -8.936 0.0000000000
125376  38.830  36.526  -9.137 0.0000000000
125389  37.911  36.295  -9.737 0.0000000000
124362  37.192  35.948  -10.125 0.0000000000
124337  36.539  35.202  -7.654 0.0000000000
123338  35.933  34.617  -7.189 0.0000000000
123256  39.341  34.358  0.751 0.0000000000
123258  37.761  34.604  0.056 0.0000000000
122252  38.806  33.936  0.273 0.0000000000
122269  39.251  33.373  -0.250 0.0000000000
121206  39.677  32.731  -0.798 0.0000000000
131067  37.848  42.762  -6.075 0.0000000000
130203  37.467  41.558  -5.622 0.0000000000
131045  38.607  42.181  -5.879 0.0000000000
129377  38.923  40.923  -5.842 0.0000000000
131064  40.260  42.839  -6.114 0.0000000000
130200  39.623  41.560  -5.904 0.0000000000
128447  39.298  39.423  -6.513 0.0000000000
127448  38.954  38.735  -7.063 0.0000000000
133047  48.570  44.855  -8.562 0.0000000000
133067  48.088  44.467  -9.123 0.0000000000
133048  46.464  44.905  -8.934 0.0000000000
133999  40.912  45.224  -7.746 0.0000000000
133029  40.156  44.929  -7.607 0.0000000000
133013  38.436  44.029  -6.666 0.0000000000
140038  36.289  52.610  -4.977 0.0000000000
140941  36.626  53.333  -4.549 0.0000000000
141806  36.767  54.071  -4.208 0.0000000000
125237  40.215  37.016  2.333 0.0000000000
124210  40.475  36.286  2.190 0.0000000000
124208  42.295  36.003  2.336 0.0000000000
124207  43.081  35.997  2.198 0.0000000000
125233  43.940  36.469  2.320 0.0000000000
125250  44.138  35.949  1.837 0.0000000000
124221  45.201  35.717  1.385 0.0000000000
125247  46.856  36.573  1.057 0.0000000000
135863  48.862  47.259  -3.642 0.0000000000
134892  48.703  46.767  -2.628 0.0000000000
135842  48.484  47.200  -3.086 0.0000000000
134893  47.913  46.959  -2.124 0.0000000000
134894  47.457  47.033  -1.740 0.0000000000
135866  46.273  48.052  -2.704 0.0000000000
135822  46.354  47.532  -1.755 0.0000000000
134877  46.918  46.916  -1.367 0.0000000000
134878  45.705  46.684  -1.303 0.0000000000
133900  45.546  45.697  -1.638 0.0000000000
133916  44.962  45.047  -2.085 0.0000000000
139187  39.458  51.582  -4.302 0.0000000000
138333  39.798  50.676  -4.448 0.0000000000
136677  39.404  48.907  -4.019 0.0000000000
135868  39.638  47.927  -3.019 0.0000000000
135810  40.247  47.133  -0.761 0.0000000000
134884  39.491  46.767  -0.948 0.0000000000
133905  39.995  46.284  -1.393 0.0000000000
130997  39.752  42.298  -3.905 0.0000000000
130998  38.782  42.164  -3.707 0.0000000000
130135  38.206  40.860  -2.807 0.0000000000
129310  38.075  40.133  -1.528 0.0000000000
140153  41.262  52.478  -12.109 0.0000000000
140073  39.057  52.652  -8.278 0.0000000000
139235  39.326  51.856  -8.622 0.0000000000
138389  39.342  50.916  -8.261 0.0000000000
137533  39.517  50.083  -8.052 0.0000000000
137532  40.032  49.368  -7.892 0.0000000000
137515  40.240  50.060  -6.664 0.0000000000
136706  40.581  48.898  -7.663 0.0000000000
135894  42.446  47.853  -7.991 0.0000000000
135893  43.512  47.981  -7.900 0.0000000000
135903  44.998  47.941  -8.464 0.0000000000
136712  45.478  48.226  -7.877 0.0000000000
136701  46.098  48.355  -7.145 0.0000000000
136692  46.880  48.252  -6.379 0.0000000000
136684  47.744  48.053  -5.817 0.0000000000
135882  47.974  47.767  -5.053 0.0000000000
135876  48.115  47.560  -4.282 0.0000000000
129385  45.695  39.709  -6.061 0.0000000000
128442  44.360  38.921  -6.918 0.0000000000
127455  44.179  38.315  -7.148 0.0000000000
126433  43.006  37.669  -7.805 0.0000000000
126423  41.190  36.967  -7.055 0.0000000000
125353  40.581  36.608  -7.697 0.0000000000
125354  39.618  36.567  -7.139 0.0000000000
125355  38.676  36.410  -6.670 0.0000000000
125344  37.656  36.109  -5.263 0.0000000000
122282  43.791  32.907  -1.337 0.0000000000
121203  42.597  32.766  -0.916 0.0000000000
121218  44.029  32.723  -1.838 0.0000000000
126405  33.702  37.706  -4.857 0.0000000000
128436  36.266  39.454  -5.427 0.0000000000
125369  34.493  36.085  -8.109 0.0000000000
132172  48.790  43.079  -11.649 0.0000000000
131153  48.556  42.144  -12.805 0.0000000000
132122  47.143  43.770  -9.903 0.0000000000
132147  46.253  42.964  -10.352 0.0000000000
140049  42.809  52.868  -5.511 0.0000000000
140048  43.939  52.670  -5.071 0.0000000000
140949  43.365  53.858  -5.197 0.0000000000
142609  42.878  55.562  -4.765 0.0000000000
142594  43.181  55.550  -4.189 0.0000000000
144143  41.805  57.468  -4.560 0.0000000000
143359  42.789  56.293  -3.918 0.0000000000
142577  42.787  55.582  -3.614 0.0000000000
141783  42.309  54.905  -3.465 0.0000000000
141803  41.824  54.383  -3.576 0.0000000000
140922  40.179  54.060  -3.745 0.0000000000
140036  39.153  52.349  -4.097 0.0000000000
139188  38.545  51.632  -4.086 0.0000000000
138335  38.043  50.975  -4.045 0.0000000000
141895  35.817  54.142  -11.089 0.0000000000
140123  35.165  53.171  -10.352 0.0000000000
141027  35.875  54.024  -10.746 0.0000000000
142680  37.883  55.898  -10.947 0.0000000000
143430  39.419  56.230  -10.180 0.0000000000
142669  39.604  55.611  -9.499 0.0000000000
140967  37.567  53.673  -6.907 0.0000000000
142664  38.371  55.894  -8.983 0.0000000000
143425  39.348  56.465  -9.248 0.0000000000
141873  39.485  54.709  -8.731 0.0000000000
140979  39.170  53.542  -8.021 0.0000000000
140067  39.325  52.657  -7.355 0.0000000000
140066  39.779  52.719  -6.645 0.0000000000
140965  40.032  53.870  -6.324 0.0000000000
140051  40.595  52.839  -6.174 0.0000000000
139204  41.035  52.087  -6.021 0.0000000000
140050  41.588  52.888  -5.750 0.0000000000
126395  40.216  37.240  -3.149 0.0000000000
125304  39.291  36.795  -2.084 0.0000000000
124255  38.161  35.745  -0.099 0.0000000000
123244  38.622  35.296  0.844 0.0000000000
123257  38.397  34.738  0.555 0.0000000000
123255  39.910  34.033  0.868 0.0000000000
122250  40.553  33.731  0.676 0.0000000000
123239  43.083  34.848  1.373 0.0000000000
123254  41.865  34.373  1.115 0.0000000000
122248  42.905  33.795  0.259 0.0000000000
122265  43.485  33.236  -0.683 0.0000000000
134916  45.008  45.781  -5.181 0.0000000000
134915  45.774  45.873  -4.918 0.0000000000
133941  45.681  45.113  -4.385 0.0000000000
132985  45.762  44.253  -4.332 0.0000000000
133940  46.775  44.972  -3.771 0.0000000000
132029  45.643  43.487  -4.503 0.0000000000
130195  46.621  41.457  -4.758 0.0000000000
132003  47.647  43.765  -2.541 0.0000000000
132010  47.327  43.333  -3.125 0.0000000000
131018  46.912  42.806  -3.993 0.0000000000
129371  46.030  40.379  -5.683 0.0000000000
128433  45.977  39.595  -5.533 0.0000000000
127434  44.504  38.474  -5.487 0.0000000000
129360  46.662  40.390  -4.200 0.0000000000
127422  45.393  39.222  -4.642 0.0000000000
127436  43.106  38.024  -4.877 0.0000000000
126393  41.402  37.744  -3.618 0.0000000000
140032  43.820  52.559  -4.138 0.0000000000
138329  43.734  51.111  -3.815 0.0000000000
139184  42.874  51.740  -4.030 0.0000000000
137480  43.000  50.031  -3.968 0.0000000000
137459  43.574  49.711  -3.762 0.0000000000
135847  43.781  47.828  -1.769 0.0000000000
134879  44.493  46.674  -1.246 0.0000000000
133901  44.184  46.066  -1.636 0.0000000000
136675  40.602  49.191  -4.088 0.0000000000
136658  40.997  48.484  -3.416 0.0000000000
135849  41.729  47.602  -1.748 0.0000000000
133919  41.576  45.739  -2.201 0.0000000000
134881  42.185  46.773  -1.060 0.0000000000
135826  42.471  47.176  -1.094 0.0000000000
133902  42.994  46.252  -1.604 0.0000000000
133917  43.773  45.560  -2.278 0.0000000000
130993  44.083  42.333  -3.752 0.0000000000
129346  43.789  40.491  -3.962 0.0000000000
130159  42.787  41.209  -3.986 0.0000000000
128410  43.545  39.686  -4.083 0.0000000000
127426  41.902  38.004  -3.748 0.0000000000
126384  41.049  37.840  -3.119 0.0000000000
126386  39.911  37.455  -2.492 0.0000000000
126374  39.242  37.094  -1.211 0.0000000000
126360  39.324  37.667  -1.108 0.0000000000
126336  39.114  37.080  0.875 0.0000000000
129330  39.084  39.962  -2.843 0.0000000000
128401  38.974  39.478  -2.192 0.0000000000
127377  39.014  38.806  0.313 0.0000000000
126306  42.236  38.670  2.654 0.0000000000
137588  44.320  50.123  -14.511 0.0000000000
138457  44.069  51.058  -13.439 0.0000000000
137580  44.261  50.420  -13.898 0.0000000000
136743  44.232  49.242  -14.110 0.0000000000
135941  44.422  47.997  -14.029 0.0000000000
135033  45.556  46.375  -13.910 0.0000000000
134084  45.906  45.809  -13.563 0.0000000000
140137  41.883  52.989  -11.630 0.0000000000
139248  39.821  52.105  -9.470 0.0000000000
139247  40.362  51.555  -9.959 0.0000000000
136717  40.676  48.523  -9.555 0.0000000000
139262  42.191  51.898  -11.037 0.0000000000
139278  42.835  51.898  -11.518 0.0000000000
138421  42.714  51.171  -11.763 0.0000000000
136724  42.156  49.052  -11.936 0.0000000000
135015  42.865  47.582  -12.297 0.0000000000
134996  42.942  47.091  -11.692 0.0000000000
135013  44.461  46.363  -12.712 0.0000000000
134067  45.204  45.812  -12.702 0.0000000000
134066  46.007  45.526  -12.721 0.0000000000
134065  46.689  45.094  -12.683 0.0000000000
134049  47.622  44.894  -11.246 0.0000000000
134033  48.069  45.333  -10.623 0.0000000000
134032  49.053  45.363  -10.260 0.0000000000
134010  49.325  45.294  -9.487 0.0000000000
133990  49.257  45.271  -8.633 0.0000000000
135902  45.844  47.865  -8.565 0.0000000000
135901  46.873  47.823  -8.547 0.0000000000
135900  47.958  47.541  -8.204 0.0000000000
135891  48.109  47.675  -7.370 0.0000000000
134942  49.088  46.531  -8.771 0.0000000000
134941  49.361  46.145  -8.452 0.0000000000
133970  49.247  45.644  -7.923 0.0000000000
133971  48.899  45.563  -7.519 0.0000000000
134929  48.600  45.761  -7.350 0.0000000000
134921  47.838  46.402  -6.501 0.0000000000
134912  48.765  46.508  -5.827 0.0000000000
132997  43.438  44.283  -5.388 0.0000000000
132052  42.413  43.420  -5.667 0.0000000000
130199  41.887  41.917  -5.806 0.0000000000
130198  42.775  41.751  -5.678 0.0000000000
129375  41.684  41.372  -5.870 0.0000000000
127447  39.941  38.831  -7.169 0.0000000000
126436  39.169  37.739  -8.325 0.0000000000
128453  43.629  38.486  -7.497 0.0000000000
127458  42.114  38.375  -8.248 0.0000000000
125373  41.188  36.937  -9.936 0.0000000000
126446  41.027  37.543  -9.390 0.0000000000
127469  40.601  37.939  -8.680 0.0000000000
127470  40.149  37.898  -8.626 0.0000000000
126449  37.713  37.430  -9.417 0.0000000000
125390  36.264  36.419  -10.443 0.0000000000
124363  36.679  35.963  -10.506 0.0000000000
124357  35.919  35.594  -10.413 0.0000000000
123368  35.309  34.428  -10.035 0.0000000000
125318  38.268  36.376  -3.654 0.0000000000
123272  37.527  34.591  -0.724 0.0000000000
125306  37.665  35.966  -2.867 0.0000000000
125319  37.487  35.883  -3.604 0.0000000000
124302  36.966  35.508  -3.991 0.0000000000
124314  36.968  35.594  -4.886 0.0000000000
121220  42.224  32.379  -1.527 0.0000000000
121221  41.235  32.319  -1.542 0.0000000000
121223  39.111  32.530  -1.608 0.0000000000
120157  40.604  31.597  -3.082 0.0000000000
121239  39.634  31.930  -2.656 0.0000000000
121241  37.583  32.963  -2.313 0.0000000000
124303  36.519  34.909  -4.466 0.0000000000
123316  36.041  34.115  -5.039 0.0000000000
123317  35.844  33.610  -5.347 0.0000000000
128311  45.733  40.374  3.109 0.0000000000
127329  46.612  39.684  2.939 0.0000000000
128326  47.606  39.800  2.808 0.0000000000
126314  47.073  38.176  2.205 0.0000000000
120154  43.256  31.912  -2.917 0.0000000000
120156  41.462  31.596  -2.997 0.0000000000
121207  38.788  33.029  -0.862 0.0000000000
121208  38.322  33.291  -0.894 0.0000000000
121217  44.748  32.867  -1.957 0.0000000000
121222  40.181  32.291  -1.587 0.0000000000
121225  37.587  33.347  -1.766 0.0000000000
121235  43.622  32.339  -2.411 0.0000000000
121237  41.814  31.897  -2.211 0.0000000000
121251  44.051  32.267  -2.905 0.0000000000
122263  45.434  33.886  -0.892 0.0000000000
122283  37.991  33.493  -0.856 0.0000000000
122295  36.785  33.783  -2.737 0.0000000000
122305  37.082  33.221  -2.796 0.0000000000
123271  44.796  34.325  -0.094 0.0000000000
123284  37.270  34.525  -1.646 0.0000000000
123295  36.911  34.399  -2.444 0.0000000000
123296  36.596  34.257  -3.135 0.0000000000
123327  35.932  34.473  -6.102 0.0000000000
123328  35.695  33.766  -5.832 0.0000000000
124238  45.584  35.350  0.708 0.0000000000
124254  45.939  34.981  0.021 0.0000000000
124256  37.763  35.288  -0.167 0.0000000000
124292  37.104  35.400  -3.195 0.0000000000
124355  37.254  35.738  -9.287 0.0000000000
124364  36.349  35.959  -10.697 0.0000000000
125331  37.567  36.019  -4.339 0.0000000000
125367  37.949  36.090  -7.417 0.0000000000
125374  40.692  36.761  -9.915 0.0000000000
125378  35.873  36.490  -9.919 0.0000000000
125385  40.999  37.065  -10.114 0.0000000000
125386  40.596  37.009  -10.230 0.0000000000
125400  38.966  36.990  -10.895 0.0000000000
125401  38.625  36.808  -10.753 0.0000000000
125404  36.112  36.014  -10.756 0.0000000000
126305  42.584  38.450  2.726 0.0000000000
126334  45.881  37.217  2.326 0.0000000000
126385  40.586  37.707  -2.914 0.0000000000
126400  42.751  37.849  -4.910 0.0000000000
126409  44.254  38.251  -5.789 0.0000000000
126419  44.271  38.198  -6.052 0.0000000000
126432  43.748  37.789  -7.238 0.0000000000
126435  39.669  37.823  -8.475 0.0000000000
126444  42.393  37.638  -8.499 0.0000000000
126445  41.701  37.310  -9.217 0.0000000000
126447  40.008  37.637  -9.053 0.0000000000
126456  41.189  37.160  -9.870 0.0000000000
126457  40.677  37.275  -9.973 0.0000000000
126461  37.054  36.705  -10.573 0.0000000000
126469  38.524  37.022  -10.856 0.0000000000
126470  37.871  36.746  -10.644 0.0000000000
127330  46.174  39.611  2.981 0.0000000000
127334  42.546  39.020  2.618 0.0000000000
127344  46.843  39.191  2.738 0.0000000000
127347  44.266  38.028  2.831 0.0000000000
127433  45.413  39.044  -5.131 0.0000000000
127435  43.581  38.256  -5.070 0.0000000000
127443  45.257  38.883  -5.857 0.0000000000
127444  44.500  38.480  -6.484 0.0000000000
127446  40.501  38.896  -7.106 0.0000000000
127456  43.809  38.057  -7.605 0.0000000000
127468  41.527  37.936  -8.818 0.0000000000
128327  47.091  39.751  2.893 0.0000000000
128422  45.985  39.613  -4.635 0.0000000000
128443  43.361  39.259  -6.999 0.0000000000
128445  41.175  39.642  -6.643 0.0000000000
129311  37.273  40.372  -1.380 0.0000000000
129361  42.281  40.468  -4.110 0.0000000000
129362  42.101  40.306  -4.059 0.0000000000
130136  37.625  41.227  -2.719 0.0000000000
130163  38.527  41.107  -3.178 0.0000000000
130178  47.563  41.294  -3.999 0.0000000000
130180  42.299  40.751  -4.108 0.0000000000
130201  39.116  41.727  -5.841 0.0000000000
130216  39.533  41.838  -5.907 0.0000000000
131019  43.116  42.709  -3.933 0.0000000000
131022  41.103  43.181  -4.180 0.0000000000
131043  42.173  42.655  -5.751 0.0000000000
131044  38.977  42.124  -5.892 0.0000000000
131066  38.225  42.704  -6.089 0.0000000000
131109  48.599  42.382  -10.953 0.0000000000
131112  45.434  42.462  -11.051 0.0000000000
131130  49.000  42.817  -11.349 0.0000000000
131131  48.573  42.413  -11.734 0.0000000000
131134  45.875  42.019  -11.588 0.0000000000
132004  46.992  43.461  -2.289 0.0000000000
132030  44.744  43.953  -4.740 0.0000000000
132032  42.812  43.309  -3.917 0.0000000000
132033  41.949  43.436  -4.186 0.0000000000
132051  43.303  43.439  -5.363 0.0000000000
132055  36.546  42.963  -6.000 0.0000000000
132074  38.390  43.288  -6.335 0.0000000000
132119  49.209  43.660  -10.225 0.0000000000
132144  49.050  43.009  -10.462 0.0000000000
132171  49.191  43.253  -11.175 0.0000000000
132187  48.628  42.729  -12.298 0.0000000000
132953  46.572  44.940  -1.630 0.0000000000
132963  46.076  44.316  -2.124 0.0000000000
132965  39.269  45.032  -2.955 0.0000000000
132967  37.571  44.432  -2.707 0.0000000000
132974  45.409  44.075  -2.656 0.0000000000
132976  42.915  44.171  -3.521 0.0000000000
132988  42.266  43.926  -4.010 0.0000000000
132989  41.462  44.031  -4.192 0.0000000000
132999  41.964  43.931  -5.850 0.0000000000
133009  41.928  44.787  -6.097 0.0000000000
133049  46.074  45.029  -8.830 0.0000000000
133065  49.270  44.278  -9.726 0.0000000000
133089  49.216  44.250  -10.524 0.0000000000
133091  48.100  44.772  -11.012 0.0000000000
133109  49.260  43.721  -10.957 0.0000000000
133903  41.922  46.242  -1.459 0.0000000000
133915  45.606  44.989  -1.858 0.0000000000
133920  40.578  45.827  -2.219 0.0000000000
133930  45.000  44.607  -2.465 0.0000000000
133942  45.145  44.818  -4.578 0.0000000000
133947  44.562  45.336  -5.184 0.0000000000
133957  44.174  45.864  -5.714 0.0000000000
133961  41.071  44.734  -6.637 0.0000000000
133973  46.257  45.857  -8.114 0.0000000000
133991  48.909  45.126  -8.202 0.0000000000
134011  49.178  45.799  -9.824 0.0000000000
134013  47.117  45.017  -8.828 0.0000000000
134866  40.104  46.947  -0.676 0.0000000000
134867  39.806  47.015  -0.745 0.0000000000
134875  48.403  46.610  -2.034 0.0000000000
134876  47.901  46.577  -1.762 0.0000000000
134883  40.402  46.676  -0.845 0.0000000000
134885  38.358  46.515  -1.182 0.0000000000
134925  44.078  46.002  -5.919 0.0000000000
134928  49.363  46.166  -7.686 0.0000000000
134961  42.992  46.947  -10.322 0.0000000000
134995  43.830  46.606  -11.797 0.0000000000
135035  43.911  47.620  -13.424 0.0000000000
135809  40.618  47.208  -0.782 0.0000000000
135811  40.004  47.131  -0.808 0.0000000000
135829  39.578  47.180  -1.071 0.0000000000
135867  40.270  48.094  -3.104 0.0000000000
135870  37.812  47.747  -2.718 0.0000000000
135887  48.030  47.833  -6.954 0.0000000000
135889  49.239  46.682  -7.516 0.0000000000
135909  48.875  46.685  -8.873 0.0000000000
135922  40.987  48.333  -10.243 0.0000000000
135932  42.679  48.394  -12.413 0.0000000000
136635  45.275  48.761  -2.881 0.0000000000
136638  42.977  48.283  -2.456 0.0000000000
136640  41.327  47.930  -2.462 0.0000000000
136659  39.839  48.500  -3.594 0.0000000000
136660  38.848  48.687  -3.745 0.0000000000
136733  42.722  49.068  -12.447 0.0000000000
136748  44.467  49.181  -15.000 0.0000000000
137457  44.480  49.911  -3.844 0.0000000000
137462  38.603  49.222  -4.063 0.0000000000
137479  44.558  50.058  -4.011 0.0000000000
137481  42.273  49.929  -4.049 0.0000000000
137483  40.233  49.803  -4.297 0.0000000000
137503  42.757  50.300  -5.843 0.0000000000
137511  43.552  49.678  -5.830 0.0000000000
137522  41.286  49.259  -6.736 0.0000000000
137523  40.574  49.370  -7.116 0.0000000000
137550  40.543  49.563  -10.237 0.0000000000
137559  42.475  50.342  -11.875 0.0000000000
137560  41.825  49.733  -11.393 0.0000000000
137569  43.616  50.411  -12.852 0.0000000000
138313  43.515  50.497  -3.903 0.0000000000
138328  44.350  50.738  -4.262 0.0000000000
138330  43.037  50.823  -4.092 0.0000000000
138352  44.255  50.800  -4.839 0.0000000000
138353  43.942  50.910  -5.301 0.0000000000
138456  44.251  50.845  -13.808 0.0000000000
138465  44.270  50.806  -14.108 0.0000000000
139169  44.332  51.445  -4.019 0.0000000000
139170  44.090  51.619  -3.822 0.0000000000
139189  38.006  51.469  -3.886 0.0000000000
139200  44.309  51.531  -4.976 0.0000000000
139228  39.102  52.240  -8.192 0.0000000000
139236  39.188  52.434  -8.520 0.0000000000
139261  42.573  52.125  -11.288 0.0000000000
139279  42.482  51.693  -11.321 0.0000000000
139295  43.543  51.395  -12.844 0.0000000000
139315  43.444  51.521  -13.085 0.0000000000
140021  44.269  52.023  -4.070 0.0000000000
140022  44.208  51.872  -3.915 0.0000000000
140023  38.228  52.598  -3.526 0.0000000000
140037  38.535  52.294  -3.883 0.0000000000
140072  39.053  52.619  -7.913 0.0000000000
140085  39.366  52.812  -9.055 0.0000000000
140086  39.152  52.721  -8.569 0.0000000000
140103  35.811  53.045  -9.498 0.0000000000
140105  34.240  52.204  -9.912 0.0000000000
140106  33.738  51.955  -10.064 0.0000000000
140119  42.418  52.438  -11.398 0.0000000000
140152  41.641  52.546  -12.207 0.0000000000
140921  42.312  54.346  -3.573 0.0000000000
140937  40.721  53.333  -3.929 0.0000000000
140938  39.650  53.175  -4.000 0.0000000000
140939  38.807  52.961  -3.854 0.0000000000
140966  39.491  53.757  -7.110 0.0000000000
140980  39.010  52.960  -8.144 0.0000000000
140999  39.124  53.060  -8.481 0.0000000000
141013  36.730  54.276  -9.914 0.0000000000
141015  35.465  53.301  -10.199 0.0000000000
141026  40.342  53.788  -10.188 0.0000000000
141028  35.361  53.658  -10.952 0.0000000000
141782  42.988  54.899  -3.564 0.0000000000
141818  43.666  54.267  -4.298 0.0000000000
141819  43.456  54.676  -4.610 0.0000000000
141856  38.440  55.595  -7.697 0.0000000000
141884  37.263  54.888  -10.231 0.0000000000
141891  40.545  55.047  -10.807 0.0000000000
141894  36.327  54.462  -10.925 0.0000000000
141902  40.547  55.010  -11.163 0.0000000000
142580  39.701  55.518  -2.857 0.0000000000
142612  38.388  55.416  -5.483 0.0000000000
142613  38.072  54.973  -5.117 0.0000000000
142634  38.695  56.002  -6.733 0.0000000000
142670  38.663  56.409  -9.428 0.0000000000
142677  40.354  55.257  -10.823 0.0000000000
142678  39.936  55.399  -10.547 0.0000000000
142679  38.649  56.352  -10.456 0.0000000000
142687  40.371  55.358  -11.044 0.0000000000
143347  39.978  56.576  -2.124 0.0000000000
143374  42.718  56.246  -4.527 0.0000000000
143375  42.353  56.951  -4.195 0.0000000000
143389  42.077  56.750  -5.120 0.0000000000
143390  41.261  56.910  -5.918 0.0000000000
143406  40.561  56.879  -6.517 0.0000000000
143420  39.197  56.844  -7.975 0.0000000000
143426  39.096  56.732  -8.899 0.0000000000
143438  39.153  56.445  -10.756 0.0000000000
143445  39.393  56.130  -11.195 0.0000000000
143446  39.256  56.332  -11.125 0.0000000000
144145  40.370  57.371  -5.849 0.0000000000
