#!ascii label  , from subject S2_Demo vox2ras=TkReg
1216
78489  37.075  0.764  39.720 0.0000000000
82833  44.313  3.790  24.345 0.0000000000
74175  38.200  -2.540  34.512 0.0000000000
61026  19.517  -11.240  46.772 0.0000000000
72574  31.542  -3.790  41.677 0.0000000000
87095  41.873  6.411  30.853 0.0000000000
63521  24.241  -8.982  41.131 0.0000000000
61053  22.838  -11.620  44.323 0.0000000000
64962  28.559  -8.732  39.796 0.0000000000
84259  42.805  3.779  21.228 0.0000000000
82595  41.174  3.397  40.880 0.0000000000
76917  40.772  -0.645  41.875 0.0000000000
78401  39.548  0.886  43.342 0.0000000000
91462  50.391  9.031  20.251 0.0000000000
91490  47.171  9.726  17.690 0.0000000000
85695  45.461  4.995  26.816 0.0000000000
78702  42.334  -0.077  27.827 0.0000000000
81469  39.185  2.319  27.467 0.0000000000
74192  41.162  -2.876  33.037 0.0000000000
67991  34.702  -5.994  40.361 0.0000000000
54643  23.343  -16.715  49.647 0.0000000000
54573  22.289  -16.032  51.992 0.0000000000
57102  20.755  -14.198  54.677 0.0000000000
76969  34.229  -1.000  39.664 0.0000000000
67994  31.338  -6.839  40.982 0.0000000000
79977  39.887  1.124  36.953 0.0000000000
70986  39.834  -4.140  41.347 0.0000000000
94586  57.934  11.545  14.566 0.0000000000
82862  43.327  3.448  22.390 0.0000000000
77208  43.683  -0.306  24.898 0.0000000000
82598  38.715  3.343  40.565 0.0000000000
79908  40.749  1.757  41.801 0.0000000000
78468  38.883  0.918  40.597 0.0000000000
87201  47.258  6.237  23.796 0.0000000000
90014  51.366  8.588  21.928 0.0000000000
88625  46.143  7.206  22.157 0.0000000000
88639  44.985  7.154  21.115 0.0000000000
53221  18.051  -17.757  52.979 0.0000000000
84174  42.859  4.888  27.138 0.0000000000
87119  43.484  6.804  28.289 0.0000000000
81404  38.042  2.559  32.135 0.0000000000
77106  37.784  0.130  30.835 0.0000000000
72738  39.405  -3.504  33.556 0.0000000000
71135  40.484  -4.474  36.624 0.0000000000
62241  20.698  -11.010  45.077 0.0000000000
61003  22.942  -12.136  46.835 0.0000000000
58440  22.044  -13.505  47.264 0.0000000000
53270  24.932  -17.205  49.061 0.0000000000
57199  20.969  -14.223  47.974 0.0000000000
58389  20.379  -13.278  50.789 0.0000000000
55856  21.785  -14.955  53.286 0.0000000000
74058  32.623  -2.893  40.973 0.0000000000
72608  32.858  -3.901  39.637 0.0000000000
69474  30.865  -5.761  40.688 0.0000000000
59845  27.465  -12.121  40.363 0.0000000000
58497  29.861  -13.197  42.314 0.0000000000
76882  40.822  -0.464  43.966 0.0000000000
74022  39.583  -2.384  42.311 0.0000000000
89898  46.968  8.600  30.433 0.0000000000
89862  45.817  8.357  32.746 0.0000000000
84085  39.670  4.351  33.214 0.0000000000
61082  25.053  -11.561  41.176 0.0000000000
59812  24.113  -12.068  43.473 0.0000000000
62286  23.045  -10.357  42.221 0.0000000000
62266  21.322  -10.101  43.404 0.0000000000
63471  19.118  -9.289  45.561 0.0000000000
67996  29.227  -6.731  40.843 0.0000000000
67973  28.419  -6.746  41.466 0.0000000000
63548  25.843  -9.449  39.739 0.0000000000
79906  43.687  1.507  41.829 0.0000000000
78467  41.880  0.420  40.646 0.0000000000
78422  42.608  1.329  42.333 0.0000000000
79876  41.284  1.200  43.821 0.0000000000
93006  53.396  10.354  17.424 0.0000000000
91479  49.236  9.428  18.716 0.0000000000
88655  44.463  7.754  19.469 0.0000000000
82818  45.126  3.853  25.581 0.0000000000
80159  43.209  1.161  25.722 0.0000000000
82804  43.430  3.379  26.371 0.0000000000
80130  40.567  0.951  27.394 0.0000000000
78665  40.591  0.555  29.535 0.0000000000
82779  38.890  3.699  28.936 0.0000000000
78649  39.288  0.225  30.205 0.0000000000
74073  35.728  -2.439  39.243 0.0000000000
75509  37.388  -1.612  41.047 0.0000000000
87161  49.938  6.421  25.138 0.0000000000
61005  18.585  -10.642  48.252 0.0000000000
58418  20.377  -13.849  48.989 0.0000000000
54596  22.535  -16.445  51.145 0.0000000000
50679  21.179  -19.495  50.717 0.0000000000
53233  20.234  -17.269  51.020 0.0000000000
55880  19.254  -16.058  52.552 0.0000000000
55819  19.414  -15.148  55.894 0.0000000000
57059  20.172  -14.416  58.113 0.0000000000
78491  35.432  0.327  39.654 0.0000000000
72633  34.089  -3.446  38.701 0.0000000000
68015  33.147  -6.024  39.689 0.0000000000
64941  30.004  -8.091  40.309 0.0000000000
77016  38.769  -0.977  35.939 0.0000000000
76965  39.975  -0.964  39.840 0.0000000000
74089  38.933  -2.262  38.807 0.0000000000
72629  39.149  -3.803  37.658 0.0000000000
76899  38.123  -1.266  42.370 0.0000000000
96170  56.532  12.404  12.505 0.0000000000
94546  52.931  10.905  15.910 0.0000000000
94593  50.957  11.745  14.564 0.0000000000
82848  43.685  3.488  23.593 0.0000000000
80189  43.328  1.463  23.479 0.0000000000
81506  43.333  2.355  24.170 0.0000000000
81296  37.897  1.844  40.048 0.0000000000
79928  38.660  1.452  40.256 0.0000000000
78469  38.205  0.584  40.241 0.0000000000
84228  45.385  4.971  23.758 0.0000000000
87213  46.985  6.792  23.130 0.0000000000
85750  44.851  5.472  22.735 0.0000000000
85751  44.308  4.948  22.576 0.0000000000
53213  18.124  -17.484  54.000 0.0000000000
89925  45.872  8.259  28.065 0.0000000000
89911  48.258  8.988  29.548 0.0000000000
75611  37.469  -1.300  33.290 0.0000000000
74211  37.584  -1.736  32.901 0.0000000000
72728  38.820  -3.462  34.592 0.0000000000
71150  39.930  -4.233  35.495 0.0000000000
72692  39.302  -3.899  35.898 0.0000000000
61044  20.491  -11.382  45.728 0.0000000000
61024  21.137  -11.796  46.157 0.0000000000
59766  20.754  -12.351  46.633 0.0000000000
58441  21.062  -13.635  47.437 0.0000000000
59767  19.894  -12.173  46.959 0.0000000000
72573  32.222  -3.404  41.346 0.0000000000
71013  32.043  -4.274  40.325 0.0000000000
70989  31.136  -4.410  41.115 0.0000000000
58500  27.278  -13.410  42.718 0.0000000000
82633  42.415  3.386  37.783 0.0000000000
73979  40.208  -2.264  44.248 0.0000000000
87058  41.725  6.425  32.614 0.0000000000
89842  45.785  8.440  33.603 0.0000000000
62295  24.641  -10.685  40.690 0.0000000000
62284  24.127  -10.838  41.230 0.0000000000
63522  23.606  -9.386  41.528 0.0000000000
64891  21.830  -8.409  43.061 0.0000000000
64866  20.789  -8.319  43.873 0.0000000000
63483  20.212  -9.230  43.958 0.0000000000
69453  28.664  -6.224  41.916 0.0000000000
64907  25.485  -8.183  41.855 0.0000000000
64923  26.458  -8.220  41.090 0.0000000000
63532  25.391  -9.051  40.288 0.0000000000
62310  25.659  -10.693  39.944 0.0000000000
78444  43.208  1.359  42.106 0.0000000000
81256  42.124  2.475  41.870 0.0000000000
79894  40.129  1.340  42.635 0.0000000000
79893  40.868  1.618  42.840 0.0000000000
79878  40.225  1.433  43.662 0.0000000000
79863  40.834  1.304  44.536 0.0000000000
79864  40.399  1.388  44.357 0.0000000000
91449  51.648  8.972  21.241 0.0000000000
93000  51.988  9.754  18.666 0.0000000000
91470  49.353  9.114  19.477 0.0000000000
85779  43.354  5.415  21.060 0.0000000000
88651  44.556  7.292  20.385 0.0000000000
84275  42.856  4.696  20.551 0.0000000000
84185  45.846  4.506  26.212 0.0000000000
82803  44.405  3.658  26.297 0.0000000000
84187  43.885  4.405  26.867 0.0000000000
82791  40.943  3.830  26.912 0.0000000000
81482  40.808  2.290  26.491 0.0000000000
80131  39.700  1.490  27.472 0.0000000000
78685  40.724  0.614  28.470 0.0000000000
78686  39.929  0.724  28.738 0.0000000000
88530  44.602  7.860  30.610 0.0000000000
87106  42.604  6.670  29.476 0.0000000000
84144  40.161  4.836  30.013 0.0000000000
74208  39.798  -2.572  32.197 0.0000000000
77104  38.844  -0.238  30.720 0.0000000000
75625  40.485  -1.644  31.944 0.0000000000
77064  40.992  -1.003  31.854 0.0000000000
71047  35.395  -4.258  39.266 0.0000000000
72605  36.386  -3.451  40.252 0.0000000000
89963  48.580  7.648  25.850 0.0000000000
87163  48.012  6.187  25.654 0.0000000000
84197  46.363  4.775  25.331 0.0000000000
59813  23.622  -12.092  43.981 0.0000000000
59786  23.575  -12.162  45.124 0.0000000000
53272  23.658  -16.872  49.032 0.0000000000
51983  24.765  -18.517  50.380 0.0000000000
51984  24.000  -18.553  50.507 0.0000000000
51968  23.415  -18.790  50.924 0.0000000000
60981  18.887  -11.724  48.869 0.0000000000
58443  19.754  -13.007  48.535 0.0000000000
59715  19.458  -12.548  49.187 0.0000000000
57140  21.635  -14.612  51.381 0.0000000000
55898  22.181  -15.288  51.198 0.0000000000
55897  22.370  -15.580  51.704 0.0000000000
51970  21.933  -18.523  51.065 0.0000000000
54597  22.013  -16.632  51.567 0.0000000000
53248  20.536  -17.993  50.751 0.0000000000
54574  21.841  -15.996  52.325 0.0000000000
57119  21.385  -14.441  53.796 0.0000000000
55879  20.428  -15.536  52.549 0.0000000000
55857  20.699  -14.859  53.684 0.0000000000
55858  19.553  -15.465  53.510 0.0000000000
57103  20.177  -14.518  54.768 0.0000000000
79911  34.805  1.070  41.067 0.0000000000
79931  35.684  1.390  40.361 0.0000000000
78492  34.803  -0.259  39.596 0.0000000000
75548  34.878  -1.694  38.952 0.0000000000
74074  34.047  -2.286  39.125 0.0000000000
69473  31.898  -5.773  40.217 0.0000000000
69498  32.618  -5.446  39.675 0.0000000000
67993  32.544  -6.388  40.358 0.0000000000
66454  28.862  -8.048  40.001 0.0000000000
66435  29.494  -7.581  40.392 0.0000000000
64961  29.548  -8.652  39.956 0.0000000000
61071  30.489  -11.557  42.171 0.0000000000
78719  43.008  0.214  26.647 0.0000000000
77170  43.370  -0.256  26.579 0.0000000000
77134  43.271  -0.673  28.037 0.0000000000
85547  41.000  5.523  35.491 0.0000000000
81357  39.269  2.852  35.114 0.0000000000
78535  39.415  0.675  36.387 0.0000000000
76916  41.337  -0.077  41.332 0.0000000000
76964  41.064  -0.219  39.796 0.0000000000
76940  40.597  -0.674  40.778 0.0000000000
72553  39.640  -3.236  42.406 0.0000000000
74037  39.494  -2.537  41.578 0.0000000000
72570  39.519  -3.414  41.345 0.0000000000
74071  38.789  -3.066  38.755 0.0000000000
72587  39.422  -3.710  40.157 0.0000000000
71045  39.815  -4.355  39.251 0.0000000000
76919  37.928  -1.028  41.497 0.0000000000
96154  56.750  12.221  13.311 0.0000000000
93009  49.824  10.144  17.517 0.0000000000
93018  53.678  10.628  16.485 0.0000000000
93022  49.463  10.651  16.850 0.0000000000
94573  48.473  11.179  15.793 0.0000000000
93049  48.265  10.437  14.109 0.0000000000
64908  24.683  -8.298  42.027 0.0000000000
64909  23.753  -8.479  42.144 0.0000000000
84258  43.108  4.329  21.595 0.0000000000
80203  43.425  1.650  22.371 0.0000000000
82597  39.665  3.269  40.477 0.0000000000
81275  40.828  2.544  41.027 0.0000000000
81276  39.989  2.466  40.516 0.0000000000
79927  39.471  1.556  40.665 0.0000000000
78447  39.222  0.813  41.271 0.0000000000
91431  53.383  8.864  22.887 0.0000000000
88621  49.760  7.522  22.892 0.0000000000
90001  48.952  8.100  22.009 0.0000000000
90018  47.687  8.093  21.115 0.0000000000
90031  47.645  8.405  20.421 0.0000000000
88638  45.714  7.330  21.531 0.0000000000
87231  44.042  6.046  21.448 0.0000000000
51973  17.827  -18.801  51.970 0.0000000000
89949  46.938  8.028  26.500 0.0000000000
85674  45.028  5.617  27.172 0.0000000000
87133  44.596  6.495  27.467 0.0000000000
85677  42.240  5.412  27.583 0.0000000000
84176  40.516  4.564  27.772 0.0000000000
84112  39.543  4.378  31.436 0.0000000000
82755  38.374  3.200  30.536 0.0000000000
78612  37.377  0.357  31.748 0.0000000000
74209  38.765  -2.567  32.287 0.0000000000
72737  40.415  -3.499  33.461 0.0000000000
72726  40.654  -3.871  34.393 0.0000000000
71148  41.316  -4.422  36.122 0.0000000000
66409  33.508  -7.282  41.966 0.0000000000
61055  21.784  -11.328  44.945 0.0000000000
61041  22.877  -11.772  45.310 0.0000000000
61023  22.217  -11.697  46.244 0.0000000000
59737  22.365  -12.507  46.998 0.0000000000
57196  23.387  -14.276  47.793 0.0000000000
57177  22.007  -14.832  47.916 0.0000000000
57178  21.498  -14.867  48.437 0.0000000000
59700  19.454  -12.383  50.270 0.0000000000
58378  20.986  -13.592  51.901 0.0000000000
57130  22.009  -14.504  52.468 0.0000000000
55877  22.208  -15.364  52.635 0.0000000000
58365  21.466  -13.940  52.753 0.0000000000
58356  21.442  -13.351  53.673 0.0000000000
57101  21.567  -13.920  54.187 0.0000000000
75511  33.363  -1.724  40.570 0.0000000000
74075  33.585  -2.583  39.477 0.0000000000
72590  32.513  -3.620  40.363 0.0000000000
71051  31.971  -4.865  40.046 0.0000000000
61100  28.089  -11.001  39.541 0.0000000000
62293  28.967  -11.061  40.138 0.0000000000
58509  28.593  -13.383  41.680 0.0000000000
78683  42.091  -0.017  28.501 0.0000000000
79976  40.660  1.505  37.380 0.0000000000
76897  40.758  -0.573  42.922 0.0000000000
75470  40.284  -1.297  42.370 0.0000000000
75450  40.340  -1.551  43.411 0.0000000000
72533  39.878  -3.018  43.165 0.0000000000
94564  57.316  11.283  15.423 0.0000000000
54499  19.128  -16.446  57.621 0.0000000000
89858  49.372  8.774  31.636 0.0000000000
89881  46.766  8.471  31.488 0.0000000000
88515  43.745  7.506  31.712 0.0000000000
84111  40.099  4.879  31.912 0.0000000000
82730  39.219  3.762  32.804 0.0000000000
78554  37.590  -0.101  34.246 0.0000000000
59822  25.939  -12.616  42.151 0.0000000000
59810  25.891  -12.657  43.046 0.0000000000
59824  24.633  -11.991  42.554 0.0000000000
61072  23.976  -11.594  42.551 0.0000000000
61074  22.960  -11.033  43.209 0.0000000000
63510  22.822  -9.398  42.383 0.0000000000
62277  21.856  -10.043  42.897 0.0000000000
62265  21.967  -10.854  43.853 0.0000000000
62255  21.383  -10.981  44.509 0.0000000000
62257  19.637  -9.869  45.041 0.0000000000
63463  19.011  -9.882  46.112 0.0000000000
71016  30.051  -4.924  41.016 0.0000000000
70991  29.793  -4.880  41.528 0.0000000000
67997  28.720  -6.787  41.013 0.0000000000
64942  28.072  -8.335  40.124 0.0000000000
66415  27.161  -7.744  41.453 0.0000000000
64943  27.423  -8.321  40.338 0.0000000000
63547  27.105  -9.575  39.401 0.0000000000
62309  26.622  -10.490  39.428 0.0000000000
59846  26.450  -12.006  40.550 0.0000000000
79945  43.435  1.842  40.165 0.0000000000
79946  42.583  1.450  39.306 0.0000000000
78466  42.842  0.819  41.140 0.0000000000
78446  42.086  0.433  41.776 0.0000000000
79907  41.422  1.869  42.125 0.0000000000
78423  41.763  0.846  42.798 0.0000000000
76881  41.249  0.180  43.459 0.0000000000
78400  41.311  0.781  44.106 0.0000000000
78380  41.022  0.716  45.083 0.0000000000
94506  56.225  11.472  18.976 0.0000000000
93008  51.039  9.773  17.701 0.0000000000
91488  49.071  9.752  18.000 0.0000000000
90038  47.565  8.661  19.692 0.0000000000
90040  45.453  8.381  19.294 0.0000000000
84215  45.025  4.076  24.765 0.0000000000
81496  43.450  2.120  25.362 0.0000000000
82820  43.819  2.988  25.833 0.0000000000
81480  43.015  2.082  26.227 0.0000000000
80144  42.209  1.189  26.538 0.0000000000
82805  42.365  3.106  26.333 0.0000000000
81481  41.823  2.170  26.348 0.0000000000
78703  41.796  0.363  27.701 0.0000000000
78684  41.503  0.353  28.528 0.0000000000
78664  41.397  0.438  29.438 0.0000000000
89913  46.141  8.530  29.320 0.0000000000
85658  41.021  5.329  28.622 0.0000000000
82793  39.158  3.374  27.874 0.0000000000
81443  37.655  1.880  29.883 0.0000000000
80113  38.052  1.528  29.030 0.0000000000
80112  38.629  1.340  28.606 0.0000000000
78648  40.390  0.193  30.554 0.0000000000
76967  36.024  -0.544  39.429 0.0000000000
78470  37.520  0.345  39.911 0.0000000000
74072  36.404  -2.531  39.886 0.0000000000
72588  36.714  -3.718  40.911 0.0000000000
87181  48.587  6.079  24.443 0.0000000000
84213  46.323  5.020  24.712 0.0000000000
62228  18.915  -10.293  46.721 0.0000000000
62222  18.552  -10.250  47.724 0.0000000000
59768  19.437  -11.810  47.343 0.0000000000
59740  19.456  -12.504  47.918 0.0000000000
57179  20.804  -14.274  48.653 0.0000000000
55931  22.215  -15.700  49.454 0.0000000000
58402  20.327  -13.669  49.762 0.0000000000
55913  21.843  -15.314  50.367 0.0000000000
54621  22.989  -16.558  50.375 0.0000000000
51969  22.657  -18.701  51.021 0.0000000000
49290  22.047  -20.171  51.232 0.0000000000
53250  19.325  -18.160  50.921 0.0000000000
54575  21.261  -15.685  52.292 0.0000000000
55899  19.915  -16.063  51.984 0.0000000000
54600  19.023  -17.052  51.860 0.0000000000
55881  18.662  -16.399  52.907 0.0000000000
55838  18.805  -15.802  54.418 0.0000000000
55820  18.910  -15.720  55.525 0.0000000000
57088  20.423  -14.114  55.876 0.0000000000
57075  19.807  -14.662  56.439 0.0000000000
55783  19.620  -15.645  58.166 0.0000000000
79929  37.200  2.181  40.291 0.0000000000
81280  36.330  2.077  40.630 0.0000000000
78490  36.323  0.468  39.598 0.0000000000
75529  35.478  -1.563  39.150 0.0000000000
74091  35.124  -2.441  38.800 0.0000000000
69516  34.517  -4.677  38.833 0.0000000000
72607  33.466  -3.557  39.162 0.0000000000
69497  33.604  -5.244  39.172 0.0000000000
68014  33.969  -5.943  39.598 0.0000000000
71015  30.586  -4.988  40.811 0.0000000000
67995  30.150  -6.686  40.917 0.0000000000
66434  30.398  -7.623  40.803 0.0000000000
63531  29.817  -9.942  40.447 0.0000000000
64940  30.406  -8.698  40.637 0.0000000000
64921  31.024  -8.717  41.489 0.0000000000
78749  43.327  0.396  25.175 0.0000000000
87034  42.072  6.865  33.737 0.0000000000
80003  38.462  1.491  35.057 0.0000000000
75582  38.268  -1.701  35.370 0.0000000000
78506  41.643  0.627  38.783 0.0000000000
78507  41.073  0.402  38.399 0.0000000000
77002  40.409  -0.160  38.284 0.0000000000
75508  39.724  -1.670  40.851 0.0000000000
75527  39.341  -1.933  39.938 0.0000000000
75561  39.353  -1.347  38.144 0.0000000000
75562  38.849  -1.927  37.745 0.0000000000
74109  38.630  -2.649  37.438 0.0000000000
72693  38.737  -3.449  36.273 0.0000000000
71084  39.693  -4.306  38.139 0.0000000000
76942  38.231  0.003  40.642 0.0000000000
76918  38.321  -0.298  41.207 0.0000000000
78402  38.855  0.200  42.824 0.0000000000
76883  38.431  -0.760  43.320 0.0000000000
78383  39.112  0.214  43.797 0.0000000000
96193  58.879  12.128  11.269 0.0000000000
93035  54.823  10.767  15.730 0.0000000000
94566  55.223  11.198  15.168 0.0000000000
94572  49.175  11.216  15.874 0.0000000000
94570  51.419  11.577  15.423 0.0000000000
96141  53.865  12.271  14.247 0.0000000000
96157  53.648  12.414  13.178 0.0000000000
96173  53.421  12.309  12.252 0.0000000000
82847  44.149  4.002  23.747 0.0000000000
79949  37.378  1.575  40.031 0.0000000000
79948  38.056  1.386  39.963 0.0000000000
78488  37.695  0.926  39.832 0.0000000000
84229  44.708  4.542  23.614 0.0000000000
85740  45.205  5.129  23.420 0.0000000000
84230  44.098  4.102  23.411 0.0000000000
53198  18.153  -17.317  54.953 0.0000000000
74176  37.747  -2.111  34.069 0.0000000000
72713  38.857  -3.577  35.503 0.0000000000
61045  19.942  -11.283  46.087 0.0000000000
61025  20.254  -11.765  46.329 0.0000000000
72591  31.783  -4.007  40.794 0.0000000000
58490  27.594  -13.861  43.892 0.0000000000
83989  42.902  4.228  37.882 0.0000000000
63533  24.700  -9.436  40.610 0.0000000000
63534  23.942  -10.116  40.952 0.0000000000
64925  24.834  -8.588  41.203 0.0000000000
64946  25.253  -8.762  40.658 0.0000000000
81243  42.591  2.155  42.206 0.0000000000
91461  51.265  9.135  20.614 0.0000000000
91460  52.187  9.242  20.817 0.0000000000
91466  52.755  9.476  20.417 0.0000000000
91467  52.072  9.418  19.971 0.0000000000
91476  51.718  9.521  19.336 0.0000000000
91468  51.151  9.325  19.768 0.0000000000
87247  43.724  6.396  20.490 0.0000000000
84276  42.715  3.984  20.808 0.0000000000
84287  42.730  4.112  20.167 0.0000000000
49311  18.066  -20.707  50.634 0.0000000000
85694  46.289  5.350  26.633 0.0000000000
84186  44.993  4.259  26.652 0.0000000000
82808  39.672  2.927  27.106 0.0000000000
81483  40.067  2.426  26.823 0.0000000000
80147  39.728  2.069  27.048 0.0000000000
80110  40.015  0.882  27.986 0.0000000000
80111  39.395  1.110  28.210 0.0000000000
87094  42.680  6.871  30.472 0.0000000000
87107  41.935  6.429  29.901 0.0000000000
85620  41.313  5.919  30.255 0.0000000000
74193  40.451  -3.021  32.704 0.0000000000
75637  39.622  -1.620  31.625 0.0000000000
74207  40.793  -2.299  32.488 0.0000000000
71012  35.768  -4.553  39.922 0.0000000000
69471  35.199  -5.405  40.034 0.0000000000
87146  46.792  6.231  26.468 0.0000000000
88582  47.816  6.602  25.799 0.0000000000
84184  46.614  4.960  26.069 0.0000000000
59800  23.331  -11.986  44.472 0.0000000000
53261  23.817  -17.287  49.629 0.0000000000
53245  24.193  -18.242  50.189 0.0000000000
53246  23.532  -17.878  50.372 0.0000000000
57129  22.335  -14.991  52.179 0.0000000000
57139  22.255  -15.095  51.655 0.0000000000
55836  20.348  -14.618  54.441 0.0000000000
76945  34.120  -0.495  40.354 0.0000000000
78472  34.583  0.202  40.320 0.0000000000
76988  34.442  -1.327  39.360 0.0000000000
75530  33.966  -1.853  39.433 0.0000000000
69472  32.420  -5.935  39.936 0.0000000000
67971  31.776  -7.362  41.328 0.0000000000
66412  31.432  -7.878  41.498 0.0000000000
63545  29.002  -9.507  39.650 0.0000000000
78720  42.462  0.307  27.059 0.0000000000
77171  42.996  -0.140  27.022 0.0000000000
77151  42.830  -0.304  27.582 0.0000000000
82647  40.796  3.428  36.285 0.0000000000
84048  40.973  4.832  35.921 0.0000000000
82648  40.183  3.178  35.934 0.0000000000
81343  39.597  2.556  35.836 0.0000000000
79990  39.783  1.794  36.648 0.0000000000
70964  39.693  -3.830  41.940 0.0000000000
71010  40.187  -4.482  40.402 0.0000000000
94610  57.640  11.754  13.913 0.0000000000
96152  58.035  11.967  13.420 0.0000000000
94611  56.860  11.808  13.908 0.0000000000
93010  48.810  10.219  17.333 0.0000000000
93021  50.458  10.524  16.890 0.0000000000
64888  24.477  -7.926  42.787 0.0000000000
64887  25.393  -7.881  42.631 0.0000000000
81520  43.339  2.511  22.987 0.0000000000
78764  43.577  0.315  24.007 0.0000000000
81277  38.959  2.372  40.303 0.0000000000
88609  49.041  6.967  23.313 0.0000000000
88620  50.635  7.504  23.191 0.0000000000
88610  48.289  7.058  23.163 0.0000000000
88624  46.837  7.329  22.447 0.0000000000
88623  47.768  7.333  22.687 0.0000000000
88636  47.650  7.724  21.870 0.0000000000
90017  48.573  8.231  21.420 0.0000000000
88637  46.749  7.697  21.587 0.0000000000
87229  45.589  6.796  22.192 0.0000000000
84245  43.952  4.347  22.737 0.0000000000
85764  43.929  5.226  22.049 0.0000000000
51956  18.075  -18.262  52.237 0.0000000000
89935  47.567  8.749  27.171 0.0000000000
88571  45.738  6.856  26.981 0.0000000000
89936  46.302  8.075  27.245 0.0000000000
88562  44.546  7.125  27.779 0.0000000000
87135  43.041  6.341  27.863 0.0000000000
85656  42.538  6.012  27.884 0.0000000000
82743  38.490  3.205  31.528 0.0000000000
81420  37.970  2.555  31.119 0.0000000000
81421  37.579  1.894  31.685 0.0000000000
72747  38.471  -2.722  32.955 0.0000000000
74210  37.910  -2.165  32.558 0.0000000000
72746  39.102  -3.150  32.793 0.0000000000
72745  39.857  -3.299  32.834 0.0000000000
72727  39.774  -3.840  34.281 0.0000000000
71149  40.549  -4.376  35.843 0.0000000000
71134  41.214  -4.520  36.901 0.0000000000
71114  41.302  -4.599  37.726 0.0000000000
91372  48.486  8.693  26.500 0.0000000000
62240  21.154  -11.181  44.982 0.0000000000
61042  22.122  -11.442  45.321 0.0000000000
61043  21.388  -11.388  45.378 0.0000000000
59765  21.579  -12.173  46.640 0.0000000000
55982  23.720  -14.952  47.938 0.0000000000
57198  21.649  -14.309  47.673 0.0000000000
55959  22.456  -15.426  48.373 0.0000000000
58377  21.557  -14.181  52.145 0.0000000000
74040  32.907  -2.225  41.142 0.0000000000
74057  33.108  -2.579  40.305 0.0000000000
71014  31.587  -4.861  40.349 0.0000000000
69499  32.037  -5.119  39.956 0.0000000000
61092  27.931  -11.840  40.127 0.0000000000
59844  28.348  -12.196  40.494 0.0000000000
59832  28.101  -12.825  41.027 0.0000000000
82646  41.454  3.386  36.768 0.0000000000
81319  41.276  2.248  37.361 0.0000000000
72510  40.468  -3.105  44.833 0.0000000000
72532  40.202  -3.155  43.854 0.0000000000
54492  19.595  -16.403  58.831 0.0000000000
89880  47.800  8.559  31.317 0.0000000000
89883  45.058  8.238  32.250 0.0000000000
87075  41.790  6.366  31.785 0.0000000000
88516  43.046  7.133  32.027 0.0000000000
85578  41.239  6.159  32.969 0.0000000000
84099  40.091  4.966  32.776 0.0000000000
82711  38.816  3.268  33.227 0.0000000000
80031  37.882  1.749  33.477 0.0000000000
80016  37.950  1.472  34.063 0.0000000000
59835  25.392  -12.055  41.522 0.0000000000
59823  25.312  -12.305  42.429 0.0000000000
59836  24.875  -12.086  41.978 0.0000000000
62285  23.545  -10.587  41.697 0.0000000000
61084  23.766  -11.228  42.084 0.0000000000
61073  23.357  -11.066  42.668 0.0000000000
62275  23.137  -10.575  42.360 0.0000000000
64910  23.046  -8.613  42.513 0.0000000000
63509  23.239  -8.948  42.105 0.0000000000
64911  22.446  -8.811  42.695 0.0000000000
63498  21.352  -9.205  43.126 0.0000000000
63511  21.948  -9.508  42.791 0.0000000000
62267  20.633  -9.725  43.785 0.0000000000
63484  19.693  -9.260  44.676 0.0000000000
62256  20.333  -10.158  44.444 0.0000000000
62242  19.697  -10.535  45.694 0.0000000000
69452  29.121  -5.492  41.899 0.0000000000
67972  29.021  -6.276  41.339 0.0000000000
66436  28.243  -7.526  40.652 0.0000000000
64965  26.264  -8.772  39.955 0.0000000000
64944  26.650  -8.483  40.396 0.0000000000
64964  26.821  -8.872  39.834 0.0000000000
61094  25.484  -11.435  40.620 0.0000000000
61093  26.056  -11.527  40.296 0.0000000000
59847  25.894  -12.044  41.003 0.0000000000
58512  26.379  -12.859  41.990 0.0000000000
79924  43.691  1.489  41.118 0.0000000000
79925  43.027  1.256  40.365 0.0000000000
78465  43.291  1.176  41.678 0.0000000000
78445  42.764  0.890  42.082 0.0000000000
81257  41.356  2.294  41.617 0.0000000000
79862  41.088  1.067  44.746 0.0000000000
91446  53.888  9.497  22.433 0.0000000000
96077  56.748  11.969  19.260 0.0000000000
94507  55.626  11.014  19.405 0.0000000000
91486  50.723  9.548  18.401 0.0000000000
93001  51.222  9.594  18.401 0.0000000000
91487  50.028  9.713  18.213 0.0000000000
91480  48.314  9.378  18.501 0.0000000000
88650  45.602  7.753  20.620 0.0000000000
90032  46.650  8.313  20.319 0.0000000000
88652  43.885  7.055  19.799 0.0000000000
88654  45.166  7.931  19.969 0.0000000000
90043  46.140  8.782  18.803 0.0000000000
82819  44.644  3.598  25.441 0.0000000000
84173  43.476  5.140  27.144 0.0000000000
84188  42.718  4.001  26.786 0.0000000000
80145  41.213  1.358  26.700 0.0000000000
78721  41.785  0.751  26.991 0.0000000000
80129  41.289  0.767  27.266 0.0000000000
78704  41.169  0.596  27.846 0.0000000000
78647  41.399  0.432  30.447 0.0000000000
89896  48.824  8.851  30.289 0.0000000000
88540  45.306  8.240  29.746 0.0000000000
85639  41.483  5.882  29.313 0.0000000000
87121  42.069  6.304  29.107 0.0000000000
84162  39.599  4.206  28.407 0.0000000000
81435  37.592  1.888  30.740 0.0000000000
81434  37.836  2.577  30.162 0.0000000000
80086  37.579  1.190  30.442 0.0000000000
78668  38.150  0.733  29.708 0.0000000000
80095  38.227  1.090  29.247 0.0000000000
78667  38.761  0.655  29.418 0.0000000000
78666  39.689  0.543  29.545 0.0000000000
75528  36.240  -1.579  39.529 0.0000000000
76944  36.736  -0.843  39.805 0.0000000000
71011  36.274  -4.360  40.501 0.0000000000
87198  50.031  6.470  24.217 0.0000000000
85725  48.703  5.860  24.779 0.0000000000
84198  45.489  4.211  25.417 0.0000000000
59811  25.132  -12.287  43.365 0.0000000000
59797  25.822  -12.604  44.289 0.0000000000
59798  24.779  -12.336  44.416 0.0000000000
61022  23.181  -11.978  46.400 0.0000000000
51997  25.442  -17.912  49.918 0.0000000000
63464  18.597  -9.230  46.623 0.0000000000
62213  18.440  -10.129  48.711 0.0000000000
63451  18.208  -9.519  48.435 0.0000000000
61004  18.903  -11.279  47.816 0.0000000000
58419  19.954  -13.320  49.060 0.0000000000
57161  21.090  -14.747  49.160 0.0000000000
58390  19.824  -12.800  50.526 0.0000000000
58403  19.834  -13.050  49.920 0.0000000000
57152  20.850  -14.107  50.423 0.0000000000
55912  22.526  -15.836  50.608 0.0000000000
53247  23.058  -17.067  50.668 0.0000000000
53231  22.524  -17.600  50.960 0.0000000000
50664  21.686  -19.356  51.069 0.0000000000
51986  20.186  -18.687  50.536 0.0000000000
49310  19.085  -20.450  50.118 0.0000000000
53249  19.799  -18.037  50.789 0.0000000000
55855  22.236  -14.967  53.125 0.0000000000
55878  21.499  -15.371  52.832 0.0000000000
55900  19.519  -16.333  52.054 0.0000000000
54576  19.211  -16.576  52.098 0.0000000000
54577  18.667  -16.860  52.500 0.0000000000
55837  19.648  -14.955  54.667 0.0000000000
58317  20.721  -13.555  56.365 0.0000000000
57074  20.222  -14.146  56.961 0.0000000000
57060  19.792  -14.876  57.500 0.0000000000
55798  19.400  -15.526  56.984 0.0000000000
55782  19.930  -15.094  58.182 0.0000000000
55770  20.171  -15.453  58.842 0.0000000000
82599  37.813  3.275  40.746 0.0000000000
79951  35.965  0.924  39.698 0.0000000000
79950  36.509  1.212  39.847 0.0000000000
74092  34.469  -2.531  38.856 0.0000000000
72632  34.738  -3.295  38.673 0.0000000000
71085  34.983  -3.920  38.730 0.0000000000
71086  34.428  -4.152  38.666 0.0000000000
71049  33.083  -4.524  39.326 0.0000000000
67992  33.647  -6.489  40.333 0.0000000000
67969  33.173  -6.970  41.167 0.0000000000
69475  29.822  -5.664  41.050 0.0000000000
61081  29.584  -11.591  41.027 0.0000000000
62292  29.528  -10.646  40.454 0.0000000000
62283  29.796  -11.094  41.109 0.0000000000
62282  30.220  -10.655  41.289 0.0000000000
63520  30.778  -9.692  41.488 0.0000000000
88470  44.140  7.922  33.806 0.0000000000
87035  41.399  6.436  34.241 0.0000000000
77029  39.057  -0.205  35.873 0.0000000000
81344  38.942  2.232  35.336 0.0000000000
78552  38.659  0.573  35.581 0.0000000000
77030  38.269  -0.536  35.306 0.0000000000
78485  42.510  0.795  40.158 0.0000000000
79947  42.036  0.914  38.895 0.0000000000
78486  41.839  0.513  39.562 0.0000000000
78487  41.303  0.149  39.066 0.0000000000
76985  40.667  -0.314  38.971 0.0000000000
75471  39.894  -1.919  42.671 0.0000000000
75488  40.200  -1.220  41.443 0.0000000000
75489  39.673  -1.766  41.911 0.0000000000
74054  39.306  -2.700  40.548 0.0000000000
75546  39.269  -1.680  39.031 0.0000000000
72603  39.111  -3.568  38.727 0.0000000000
72604  38.770  -3.160  38.482 0.0000000000
72630  38.752  -3.234  37.991 0.0000000000
72663  38.719  -3.353  37.139 0.0000000000
72662  39.184  -3.884  36.739 0.0000000000
71044  40.785  -4.696  39.493 0.0000000000
75510  36.905  -1.624  40.228 0.0000000000
76943  37.575  -0.497  40.434 0.0000000000
76898  38.414  -0.503  42.184 0.0000000000
78425  38.782  0.232  41.793 0.0000000000
78382  39.674  1.012  44.564 0.0000000000
96169  57.474  12.329  12.576 0.0000000000
96181  59.212  12.227  11.880 0.0000000000
96183  57.358  12.356  11.685 0.0000000000
96184  56.378  12.308  11.541 0.0000000000
94519  56.504  11.404  18.147 0.0000000000
93017  54.607  10.595  16.404 0.0000000000
94545  53.661  10.966  15.816 0.0000000000
93034  55.372  10.842  15.623 0.0000000000
94568  53.323  11.461  15.428 0.0000000000
94594  49.947  11.517  14.972 0.0000000000
94571  50.361  11.441  15.569 0.0000000000
94592  52.019  12.001  14.478 0.0000000000
94591  53.015  12.073  14.820 0.0000000000
96142  52.877  12.351  13.902 0.0000000000
96156  54.670  12.414  13.354 0.0000000000
96143  52.187  12.176  13.540 0.0000000000
80173  43.223  1.281  24.643 0.0000000000
81278  37.882  2.449  40.259 0.0000000000
81295  38.281  1.910  40.130 0.0000000000
85739  45.895  5.558  23.640 0.0000000000
87202  46.565  6.175  23.431 0.0000000000
85749  45.543  5.931  22.892 0.0000000000
87215  45.368  6.241  22.486 0.0000000000
89923  47.852  9.090  28.431 0.0000000000
89924  46.817  8.640  28.257 0.0000000000
88551  45.183  8.063  28.768 0.0000000000
77052  37.367  -0.538  33.018 0.0000000000
78590  37.370  0.336  32.684 0.0000000000
74195  37.618  -1.943  33.415 0.0000000000
74194  38.036  -2.486  33.522 0.0000000000
72739  38.594  -3.088  33.631 0.0000000000
72712  39.435  -3.905  35.094 0.0000000000
71136  39.814  -4.258  36.286 0.0000000000
59738  21.367  -12.880  46.955 0.0000000000
59739  20.426  -12.900  47.277 0.0000000000
58366  20.989  -13.199  52.935 0.0000000000
58510  27.731  -13.282  41.829 0.0000000000
81318  41.932  2.454  37.663 0.0000000000
75439  40.546  -1.216  44.568 0.0000000000
88496  43.659  7.491  32.577 0.0000000000
89863  45.008  8.241  32.981 0.0000000000
88482  44.279  7.852  33.150 0.0000000000
87046  42.277  6.781  33.072 0.0000000000
61095  24.887  -11.298  40.995 0.0000000000
61083  24.424  -11.468  41.586 0.0000000000
62296  24.037  -10.542  41.110 0.0000000000
63523  22.922  -10.026  41.986 0.0000000000
64892  21.217  -8.654  43.410 0.0000000000
63499  20.838  -9.239  43.491 0.0000000000
66414  27.786  -7.159  41.812 0.0000000000
64906  26.151  -8.049  41.723 0.0000000000
66416  26.573  -7.917  41.625 0.0000000000
64924  25.691  -8.410  41.154 0.0000000000
64945  25.895  -8.631  40.379 0.0000000000
63549  25.127  -10.131  40.111 0.0000000000
62311  25.166  -10.560  40.268 0.0000000000
79891  42.822  1.793  42.272 0.0000000000
79877  40.904  1.469  43.725 0.0000000000
79851  40.337  1.273  44.927 0.0000000000
91448  52.340  8.988  21.646 0.0000000000
92951  55.046  10.523  22.014 0.0000000000
92992  54.088  10.209  19.183 0.0000000000
92994  52.222  9.610  19.381 0.0000000000
91477  51.062  9.446  18.967 0.0000000000
91478  50.141  9.403  18.868 0.0000000000
87246  44.417  6.676  21.050 0.0000000000
87254  43.405  6.386  19.479 0.0000000000
85788  43.107  5.534  20.019 0.0000000000
82802  45.167  3.880  26.021 0.0000000000
84175  41.739  4.630  27.094 0.0000000000
84189  41.810  3.759  26.634 0.0000000000
82807  40.429  3.058  26.742 0.0000000000
80146  40.295  1.733  26.862 0.0000000000
89899  45.842  8.376  30.590 0.0000000000
88541  44.513  7.826  29.686 0.0000000000
87093  43.139  7.097  29.778 0.0000000000
84145  39.512  4.321  29.433 0.0000000000
75638  38.750  -1.527  31.516 0.0000000000
77105  38.126  -0.094  30.737 0.0000000000
77084  38.397  -0.787  31.177 0.0000000000
77083  39.262  -0.890  31.167 0.0000000000
77103  39.629  -0.295  30.781 0.0000000000
77082  40.305  -0.716  31.349 0.0000000000
72606  35.867  -3.333  39.542 0.0000000000
71046  35.947  -4.006  39.875 0.0000000000
91370  49.931  9.057  26.113 0.0000000000
89962  49.068  7.713  25.804 0.0000000000
88580  49.601  6.986  25.518 0.0000000000
87162  48.913  6.178  25.374 0.0000000000
85710  47.946  5.683  25.299 0.0000000000
85711  47.127  5.270  25.606 0.0000000000
59799  23.940  -12.255  44.487 0.0000000000
53271  24.247  -17.150  48.959 0.0000000000
51998  25.177  -18.205  50.064 0.0000000000
53260  24.610  -17.795  49.760 0.0000000000
51967  24.281  -19.043  50.988 0.0000000000
50661  23.739  -19.470  51.577 0.0000000000
50662  23.007  -19.404  51.472 0.0000000000
60982  18.592  -10.850  48.820 0.0000000000
57141  20.963  -13.903  51.118 0.0000000000
53232  21.344  -17.485  50.954 0.0000000000
51985  21.087  -18.675  50.745 0.0000000000
54598  20.861  -16.254  51.623 0.0000000000
57089  19.987  -14.516  55.371 0.0000000000
57047  20.483  -14.544  59.169 0.0000000000
78471  35.146  0.761  40.103 0.0000000000
76968  35.062  -0.807  39.231 0.0000000000
76987  34.651  -1.295  39.232 0.0000000000
75549  34.402  -1.705  39.208 0.0000000000
68016  32.657  -6.002  39.826 0.0000000000
67970  32.261  -7.108  41.206 0.0000000000
58487  30.259  -13.227  42.864 0.0000000000
59820  30.080  -12.492  42.002 0.0000000000
57244  30.390  -13.591  43.414 0.0000000000
80143  42.866  0.841  26.393 0.0000000000
78733  43.283  0.374  26.102 0.0000000000
77150  43.394  -0.548  27.287 0.0000000000
88459  43.022  7.845  34.984 0.0000000000
88473  41.737  6.999  35.060 0.0000000000
85548  40.583  5.309  34.901 0.0000000000
82667  39.862  3.500  35.335 0.0000000000
80002  39.108  1.568  35.848 0.0000000000
77015  39.303  -0.513  36.689 0.0000000000
76963  41.503  0.177  40.105 0.0000000000
76939  41.249  -0.042  40.515 0.0000000000
74070  38.972  -2.738  39.324 0.0000000000
74055  37.345  -2.118  41.462 0.0000000000
75490  37.590  -1.709  41.842 0.0000000000
75472  37.853  -1.852  42.529 0.0000000000
96168  58.408  12.154  12.775 0.0000000000
93005  54.363  10.470  17.211 0.0000000000
93020  51.565  10.427  16.808 0.0000000000
93019  52.638  10.540  16.695 0.0000000000
94548  50.942  11.111  16.239 0.0000000000
94595  48.731  11.236  15.560 0.0000000000
94613  51.509  11.870  13.521 0.0000000000
94614  50.802  11.605  13.487 0.0000000000
64926  24.135  -8.676  41.526 0.0000000000
64889  23.556  -7.985  42.906 0.0000000000
64886  26.016  -7.849  42.344 0.0000000000
82874  42.931  3.350  21.506 0.0000000000
81532  43.191  2.546  21.910 0.0000000000
83949  40.815  3.771  40.698 0.0000000000
81274  41.510  2.853  41.308 0.0000000000
82596  40.479  3.262  40.606 0.0000000000
79926  40.260  1.863  41.004 0.0000000000
79909  39.924  1.296  41.576 0.0000000000
78424  39.436  0.760  42.256 0.0000000000
89998  51.465  8.125  22.891 0.0000000000
90013  52.076  8.633  22.385 0.0000000000
88622  48.812  7.552  22.614 0.0000000000
90000  49.649  8.096  22.233 0.0000000000
90015  50.413  8.473  21.726 0.0000000000
90027  51.016  8.806  21.284 0.0000000000
90028  50.361  8.736  20.984 0.0000000000
90029  49.459  8.682  20.687 0.0000000000
90036  49.101  8.820  20.129 0.0000000000
90030  48.486  8.505  20.606 0.0000000000
88649  46.340  7.860  20.999 0.0000000000
87230  44.872  6.479  21.845 0.0000000000
50665  17.926  -19.053  51.513 0.0000000000
87147  46.082  6.236  26.913 0.0000000000
85696  44.712  4.934  26.917 0.0000000000
85675  44.059  5.540  27.178 0.0000000000
88561  45.419  7.473  27.540 0.0000000000
85676  43.093  5.729  27.388 0.0000000000
82792  40.020  3.677  27.286 0.0000000000
84125  40.119  4.862  31.000 0.0000000000
84126  39.518  4.352  30.463 0.0000000000
82754  38.945  3.828  30.971 0.0000000000
77085  37.709  -0.389  31.350 0.0000000000
77065  37.404  -0.461  32.147 0.0000000000
75640  37.599  -0.957  31.844 0.0000000000
75639  37.928  -1.423  31.693 0.0000000000
74221  39.068  -2.158  31.784 0.0000000000
72725  41.615  -3.814  34.949 0.0000000000
72711  41.617  -4.207  35.640 0.0000000000
71163  40.651  -4.207  35.139 0.0000000000
71162  41.163  -4.284  35.509 0.0000000000
71147  41.736  -4.410  36.499 0.0000000000
67968  34.391  -6.882  41.570 0.0000000000
89948  48.214  8.209  26.154 0.0000000000
61054  22.183  -11.321  44.534 0.0000000000
55958  23.429  -15.609  48.230 0.0000000000
57197  22.555  -14.411  47.605 0.0000000000
54664  23.895  -16.398  48.524 0.0000000000
54665  23.144  -16.264  48.854 0.0000000000
54666  22.593  -16.007  49.031 0.0000000000
59686  19.724  -12.426  51.191 0.0000000000
57117  22.320  -14.877  52.831 0.0000000000
57118  21.772  -14.473  53.247 0.0000000000
76946  33.670  -0.963  40.636 0.0000000000
75531  33.635  -1.816  39.895 0.0000000000
72589  33.112  -3.251  39.770 0.0000000000
71050  32.309  -4.584  39.901 0.0000000000
63546  28.148  -9.575  39.429 0.0000000000
62307  28.687  -10.489  39.660 0.0000000000
61091  28.448  -11.486  40.037 0.0000000000
59843  28.828  -12.023  40.483 0.0000000000
59831  29.223  -12.581  41.163 0.0000000000
57259  29.255  -13.953  42.879 0.0000000000
57258  29.582  -13.762  42.762 0.0000000000
77135  42.703  -0.394  28.395 0.0000000000
85531  41.394  5.439  36.179 0.0000000000
79989  40.376  2.145  36.868 0.0000000000
75451  40.021  -2.124  43.099 0.0000000000
74000  40.022  -2.462  43.457 0.0000000000
74001  39.804  -2.532  42.861 0.0000000000
72552  40.147  -3.488  43.120 0.0000000000
94587  56.967  11.409  14.610 0.0000000000
93011  47.834  10.225  17.247 0.0000000000
54500  18.755  -16.904  57.221 0.0000000000
89878  49.461  8.856  30.869 0.0000000000
89879  48.699  8.688  31.118 0.0000000000
88513  45.126  8.139  30.963 0.0000000000
88514  44.612  7.897  31.460 0.0000000000
89882  45.688  8.298  31.724 0.0000000000
88532  43.084  7.221  31.251 0.0000000000
85604  41.268  5.845  31.225 0.0000000000
85605  40.669  5.332  31.560 0.0000000000
82742  39.077  3.799  31.930 0.0000000000
85591  41.155  5.844  32.242 0.0000000000
84100  39.620  4.364  32.347 0.0000000000
81405  37.702  1.877  32.641 0.0000000000
80032  37.574  1.244  33.254 0.0000000000
77043  37.484  -0.615  33.853 0.0000000000
75595  37.853  -1.836  34.615 0.0000000000
58491  26.601  -13.177  43.520 0.0000000000
61063  23.681  -11.586  43.061 0.0000000000
61064  23.298  -11.602  43.596 0.0000000000
61065  22.616  -11.166  43.701 0.0000000000
62276  22.545  -10.358  42.859 0.0000000000
62254  21.845  -11.084  44.282 0.0000000000
70990  30.448  -4.648  41.367 0.0000000000
66455  28.421  -8.142  40.087 0.0000000000
64922  26.989  -8.087  40.770 0.0000000000
66437  27.423  -7.890  40.761 0.0000000000
64963  27.701  -8.891  39.798 0.0000000000
62308  27.686  -10.435  39.297 0.0000000000
61101  27.434  -11.423  39.756 0.0000000000
59859  27.001  -11.799  40.064 0.0000000000
61102  26.414  -11.360  39.937 0.0000000000
59833  27.146  -12.706  41.144 0.0000000000
58511  26.857  -13.086  41.893 0.0000000000
58501  26.482  -13.009  42.542 0.0000000000
81305  42.713  2.444  38.733 0.0000000000
76896  41.444  -0.030  42.398 0.0000000000
79892  41.763  1.539  42.551 0.0000000000
76870  41.139  0.269  44.358 0.0000000000
96090  56.681  11.741  18.688 0.0000000000
92997  55.064  10.619  17.869 0.0000000000
92999  53.188  10.053  18.423 0.0000000000
92998  54.182  10.376  18.157 0.0000000000
93007  52.310  10.145  17.606 0.0000000000
91489  48.118  9.706  17.799 0.0000000000
90037  48.443  8.737  19.906 0.0000000000
91471  48.426  9.034  19.199 0.0000000000
90033  45.883  8.242  19.945 0.0000000000
90039  46.592  8.619  19.396 0.0000000000
91472  47.545  8.965  18.958 0.0000000000
91473  46.834  8.980  18.733 0.0000000000
91481  47.405  9.362  18.330 0.0000000000
91482  46.381  9.337  18.244 0.0000000000
82834  43.836  3.053  24.837 0.0000000000
82806  41.332  3.059  26.440 0.0000000000
78663  41.928  0.167  29.238 0.0000000000
89912  47.324  8.807  29.411 0.0000000000
88542  43.675  7.405  29.354 0.0000000000
87105  43.149  6.975  29.018 0.0000000000
87120  42.660  6.436  28.553 0.0000000000
85657  41.907  5.809  28.399 0.0000000000
84177  39.753  4.018  27.771 0.0000000000
82767  38.920  3.758  29.967 0.0000000000
82768  38.299  3.153  29.562 0.0000000000
78651  37.860  0.551  30.322 0.0000000000
81455  37.802  1.845  29.239 0.0000000000
82780  38.420  2.936  28.677 0.0000000000
81454  38.134  2.104  28.603 0.0000000000
81470  38.647  1.987  28.053 0.0000000000
80132  39.076  1.647  27.919 0.0000000000
78687  39.240  0.794  28.844 0.0000000000
78634  40.836  -0.191  31.141 0.0000000000
78633  41.334  0.141  31.174 0.0000000000
76966  36.924  -0.045  39.658 0.0000000000
74056  36.999  -2.685  40.946 0.0000000000
87199  49.206  6.461  24.016 0.0000000000
87182  47.840  6.005  24.320 0.0000000000
85726  48.155  5.732  24.772 0.0000000000
85727  46.986  5.495  24.610 0.0000000000
85728  46.193  5.226  24.387 0.0000000000
84214  45.676  4.775  24.461 0.0000000000
62229  18.534  -9.810  47.147 0.0000000000
62221  18.944  -10.789  47.232 0.0000000000
58442  20.302  -13.510  48.175 0.0000000000
55960  21.851  -15.429  48.843 0.0000000000
54644  22.817  -16.217  49.669 0.0000000000
57151  21.218  -14.776  50.031 0.0000000000
57162  20.737  -14.268  49.484 0.0000000000
55932  21.530  -15.242  49.358 0.0000000000
54620  23.408  -17.073  50.208 0.0000000000
53230  23.002  -18.240  50.803 0.0000000000
50663  22.377  -19.482  51.360 0.0000000000
49324  20.609  -19.795  50.327 0.0000000000
50682  18.405  -19.434  50.852 0.0000000000
53234  19.232  -17.670  51.283 0.0000000000
51971  18.977  -18.304  51.011 0.0000000000
51972  18.428  -18.459  51.446 0.0000000000
53235  18.553  -17.662  52.035 0.0000000000
54555  18.412  -16.859  53.320 0.0000000000
55859  18.738  -16.122  53.448 0.0000000000
54543  18.449  -16.696  54.227 0.0000000000
54525  18.504  -16.545  55.262 0.0000000000
54509  18.744  -16.513  56.476 0.0000000000
58344  21.192  -13.609  54.771 0.0000000000
58329  20.884  -13.591  55.436 0.0000000000
55799  19.101  -15.809  56.351 0.0000000000
54508  19.099  -16.100  56.858 0.0000000000
79930  36.665  1.870  40.302 0.0000000000
72631  35.308  -3.278  38.953 0.0000000000
69496  34.666  -5.175  39.280 0.0000000000
74093  33.894  -2.861  38.955 0.0000000000
71087  33.761  -4.310  38.816 0.0000000000
69517  34.179  -4.773  38.803 0.0000000000
66433  30.925  -7.557  41.172 0.0000000000
62306  29.245  -10.075  39.856 0.0000000000
63544  29.598  -9.652  40.062 0.0000000000
64960  30.017  -9.253  40.182 0.0000000000
63530  30.169  -9.703  40.694 0.0000000000
66413  30.810  -8.068  41.117 0.0000000000
77184  43.547  -0.233  25.781 0.0000000000
89829  46.624  8.696  34.169 0.0000000000
88484  42.756  7.255  33.602 0.0000000000
84084  40.118  4.990  33.660 0.0000000000
84067  40.206  4.820  34.503 0.0000000000
84068  39.709  4.270  34.061 0.0000000000
82688  38.810  3.112  33.855 0.0000000000
78553  37.841  0.461  34.678 0.0000000000
75583  37.848  -1.239  34.846 0.0000000000
74154  38.427  -2.816  35.668 0.0000000000
79962  42.382  1.812  38.560 0.0000000000
81306  42.319  2.120  38.187 0.0000000000
79963  41.757  1.366  38.214 0.0000000000
79975  41.425  1.879  37.634 0.0000000000
79964  41.066  0.868  37.870 0.0000000000
78519  40.490  0.439  37.808 0.0000000000
78520  39.881  0.484  37.196 0.0000000000
75507  40.175  -1.197  40.907 0.0000000000
76941  40.116  -1.132  40.591 0.0000000000
76986  39.866  -0.770  38.666 0.0000000000
77003  39.795  -0.435  37.723 0.0000000000
75570  39.201  -1.213  37.370 0.0000000000
74090  38.755  -2.640  38.388 0.0000000000
75571  38.627  -1.820  36.633 0.0000000000
74130  38.531  -2.840  36.645 0.0000000000
71116  39.709  -4.331  37.158 0.0000000000
71115  40.449  -4.532  37.500 0.0000000000
71083  40.536  -4.593  38.463 0.0000000000
78448  38.634  0.353  40.924 0.0000000000
76884  38.172  -1.425  42.867 0.0000000000
93004  55.232  10.571  16.959 0.0000000000
94543  56.883  11.168  16.337 0.0000000000
94565  56.135  11.027  15.519 0.0000000000
94588  56.001  11.630  14.454 0.0000000000
94549  49.926  11.101  16.355 0.0000000000
94569  52.428  11.570  15.400 0.0000000000
94590  53.746  11.929  15.043 0.0000000000
96135  54.311  11.934  14.849 0.0000000000
96139  55.482  11.949  14.287 0.0000000000
96155  55.768  12.240  13.581 0.0000000000
96171  55.482  12.435  12.417 0.0000000000
96158  52.731  12.311  12.962 0.0000000000
96172  54.410  12.403  12.326 0.0000000000
47918  17.871  -21.684  50.422 0.0000000000
49325  20.477  -19.969  50.204 0.0000000000
50680  20.603  -19.416  50.431 0.0000000000
50683  17.758  -20.100  51.170 0.0000000000
50697  20.353  -19.698  50.223 0.0000000000
51987  19.287  -18.654  50.668 0.0000000000
51988  18.739  -18.689  50.944 0.0000000000
54599  19.685  -16.679  51.618 0.0000000000
58488  29.807  -13.560  42.681 0.0000000000
58498  29.368  -13.584  42.152 0.0000000000
59821  29.648  -12.986  41.905 0.0000000000
59830  29.770  -12.086  41.389 0.0000000000
59834  26.312  -12.477  41.464 0.0000000000
59858  27.304  -11.777  40.062 0.0000000000
61080  30.024  -11.586  41.484 0.0000000000
61090  29.137  -11.592  40.508 0.0000000000
61103  25.884  -11.269  40.155 0.0000000000
62291  29.928  -10.218  40.721 0.0000000000
62294  25.224  -10.838  40.353 0.0000000000
63543  29.902  -9.614  40.323 0.0000000000
69495  35.411  -4.963  39.696 0.0000000000
71048  34.812  -4.476  38.869 0.0000000000
71164  40.055  -4.177  34.827 0.0000000000
74222  38.362  -2.031  31.895 0.0000000000
74223  37.969  -1.909  32.007 0.0000000000
75547  38.976  -1.961  38.431 0.0000000000
75596  37.583  -1.411  34.131 0.0000000000
75626  37.813  -1.755  32.129 0.0000000000
75627  37.564  -1.348  32.404 0.0000000000
76970  33.692  -1.338  40.148 0.0000000000
77031  37.682  -0.581  34.566 0.0000000000
78421  43.072  1.576  42.223 0.0000000000
78571  37.666  0.832  34.123 0.0000000000
78572  37.516  0.330  33.737 0.0000000000
78635  37.546  0.475  30.964 0.0000000000
78650  38.469  0.340  30.189 0.0000000000
80017  37.612  0.995  33.830 0.0000000000
80055  37.400  1.151  32.213 0.0000000000
80075  37.403  1.151  31.273 0.0000000000
80096  37.824  1.248  29.651 0.0000000000
81317  42.446  2.764  38.161 0.0000000000
81330  41.483  2.808  37.198 0.0000000000
81331  40.934  2.568  36.853 0.0000000000
81332  40.250  2.632  36.435 0.0000000000
81358  38.671  2.463  34.496 0.0000000000
81379  38.251  2.400  33.298 0.0000000000
81380  37.821  1.833  33.183 0.0000000000
81442  37.918  2.450  29.311 0.0000000000
81484  39.657  2.449  27.094 0.0000000000
82666  40.401  3.768  35.787 0.0000000000
82687  39.346  3.444  34.479 0.0000000000
82710  39.272  3.705  33.614 0.0000000000
82731  38.617  3.201  32.496 0.0000000000
82794  38.650  2.567  28.089 0.0000000000
84007  42.339  4.100  37.318 0.0000000000
84028  41.430  4.389  36.435 0.0000000000
84029  40.748  4.213  36.012 0.0000000000
84049  40.444  4.518  35.352 0.0000000000
84050  39.891  4.125  34.766 0.0000000000
84161  40.225  4.824  28.954 0.0000000000
84199  45.113  3.875  25.319 0.0000000000
84244  44.458  4.816  22.891 0.0000000000
85563  40.929  5.892  34.834 0.0000000000
85564  40.649  5.621  34.167 0.0000000000
85579  40.714  5.654  33.177 0.0000000000
85592  40.557  5.324  32.336 0.0000000000
85621  40.711  5.372  30.614 0.0000000000
85640  40.790  5.391  29.623 0.0000000000
85673  45.698  5.652  27.017 0.0000000000
85678  41.434  5.227  27.820 0.0000000000
85692  47.506  5.729  25.781 0.0000000000
85693  47.024  5.530  26.179 0.0000000000
85709  48.650  5.796  25.020 0.0000000000
85738  46.653  5.869  23.882 0.0000000000
85763  44.385  5.827  22.028 0.0000000000
87024  41.342  6.353  35.233 0.0000000000
87036  40.920  6.022  33.775 0.0000000000
87047  41.632  6.491  33.352 0.0000000000
87048  41.151  6.181  33.501 0.0000000000
87057  42.398  6.729  32.301 0.0000000000
87074  42.483  6.765  31.459 0.0000000000
87118  44.057  6.923  27.827 0.0000000000
87132  45.417  6.360  27.151 0.0000000000
87134  43.691  6.348  27.603 0.0000000000
87145  47.456  6.171  26.031 0.0000000000
87180  49.329  6.080  24.766 0.0000000000
87197  50.524  6.667  24.437 0.0000000000
87200  48.265  6.473  23.750 0.0000000000
87212  47.687  6.785  23.310 0.0000000000
87214  46.096  6.506  22.790 0.0000000000
88471  43.428  7.778  34.231 0.0000000000
88483  43.552  7.534  33.370 0.0000000000
88495  44.393  7.844  32.362 0.0000000000
88497  42.945  7.150  32.820 0.0000000000
88529  45.040  8.122  30.335 0.0000000000
88531  43.732  7.482  30.545 0.0000000000
88552  44.261  7.415  28.457 0.0000000000
88553  43.591  7.208  28.752 0.0000000000
88560  45.992  7.650  27.161 0.0000000000
88568  48.014  7.481  25.872 0.0000000000
88569  47.432  7.154  26.019 0.0000000000
88570  46.302  7.321  26.765 0.0000000000
88581  48.432  7.075  25.745 0.0000000000
88635  48.343  7.764  22.090 0.0000000000
89841  46.661  8.526  33.363 0.0000000000
89843  44.895  8.233  33.762 0.0000000000
89934  48.002  8.743  26.695 0.0000000000
89937  45.832  7.995  27.585 0.0000000000
89946  49.791  8.558  25.855 0.0000000000
89947  49.344  8.417  25.977 0.0000000000
89950  46.473  7.846  26.784 0.0000000000
89999  50.544  8.070  22.469 0.0000000000
90016  49.553  8.432  21.518 0.0000000000
90019  47.008  8.105  20.900 0.0000000000
91306  50.174  9.119  31.501 0.0000000000
91430  54.066  9.408  23.262 0.0000000000
91463  49.738  8.968  19.998 0.0000000000
91469  50.319  9.232  19.541 0.0000000000
92952  54.492  9.996  22.658 0.0000000000
92983  53.431  9.666  20.683 0.0000000000
92991  54.964  10.579  18.828 0.0000000000
93036  54.194  10.805  15.962 0.0000000000
94520  55.737  10.944  18.478 0.0000000000
94547  51.981  11.052  16.104 0.0000000000
94550  49.255  10.970  16.403 0.0000000000
94563  58.296  11.494  15.378 0.0000000000
94567  54.255  11.341  15.406 0.0000000000
94589  55.269  11.698  14.646 0.0000000000
94609  58.587  11.780  13.579 0.0000000000
94612  56.338  11.983  13.828 0.0000000000
96134  54.784  11.639  14.897 0.0000000000
96140  54.883  12.115  14.322 0.0000000000
96153  57.527  12.101  13.344 0.0000000000
96180  59.738  12.103  12.217 0.0000000000
96182  58.264  12.319  11.843 0.0000000000
