#!ascii label  , from subject S2_Demo vox2ras=TkReg
727
60670  21.565  -12.444  -23.519 0.1428571492
59397  20.874  -13.118  -23.071 0.1428571492
61949  20.877  -10.827  -24.440 0.1428571492
60653  22.592  -12.615  -22.657 0.1428571492
61933  21.439  -11.726  -23.953 0.2857142985
60671  20.967  -12.372  -23.538 0.1428571492
61932  22.365  -11.538  -23.743 0.1428571492
64541  21.199  -9.794  -25.533 0.5714285970
63208  22.057  -10.435  -24.647 0.1428571492
64521  23.581  -9.096  -24.638 0.2857142985
64522  22.771  -9.445  -25.110 0.2857142985
65939  24.043  -8.077  -25.629 0.1428571492
65924  23.473  -8.852  -25.095 0.2857142985
69030  24.361  -6.431  -28.125 0.2857142985
69016  23.957  -6.880  -27.807 0.1428571492
67517  23.902  -7.193  -27.259 0.2857142985
72135  25.433  -4.666  -29.322 0.2857142985
70579  24.750  -5.782  -28.515 0.2857142985
73638  25.899  -4.118  -30.694 0.2857142985
72149  25.393  -4.606  -30.164 0.2857142985
75101  25.940  -3.372  -32.180 0.2857142985
76596  25.669  -2.038  -34.516 0.8571428657
75128  25.917  -2.349  -33.650 0.4285714328
73637  26.328  -3.442  -31.234 0.2857142985
78087  25.746  -0.822  -36.190 0.7142857313
78086  26.199  -0.878  -35.294 0.7142857313
76610  26.060  -1.550  -34.902 0.7142857313
75143  25.123  -2.294  -34.445 0.7142857313
80991  26.330  1.177  -35.898 0.8571428657
79581  25.867  0.113  -36.350 0.5714285970
78103  24.599  -0.866  -37.121 0.8571428657
75154  24.891  -2.114  -36.890 0.7142857313
76611  25.328  -1.802  -35.851 0.7142857313
83636  26.656  3.129  -36.374 0.4285714328
81003  26.213  1.488  -36.529 0.7142857313
79594  25.327  0.117  -36.689 0.8571428657
85054  26.906  4.043  -36.920 0.2857142985
85064  26.310  4.207  -37.613 0.5714285970
82333  25.703  2.122  -37.174 0.8571428657
83644  26.350  2.948  -37.121 0.7142857313
86536  25.898  5.726  -37.455 0.1428571492
86535  26.440  5.289  -36.953 0.1428571492
86545  26.089  4.960  -37.775 0.4285714328
83654  26.325  3.461  -37.479 0.5714285970
83645  25.992  2.874  -37.522 0.8571428657
87997  25.195  6.392  -38.601 0.1428571492
83655  25.758  3.372  -37.786 0.8571428657
90758  25.554  8.367  -38.906 0.1428571492
89393  25.541  7.473  -38.306 0.1428571492
89401  25.125  7.309  -39.194 0.1428571492
86557  24.892  5.483  -38.738 0.4285714328
85077  25.168  4.858  -38.350 0.5714285970
85066  24.967  4.407  -38.112 0.7142857313
82347  23.927  2.908  -37.477 0.8571428657
89410  24.680  7.235  -39.734 0.1428571492
90770  24.619  7.655  -40.099 0.1428571492
88017  24.383  6.802  -39.681 0.1428571492
88006  24.598  6.349  -39.329 0.5714285970
85078  24.552  4.678  -38.616 0.8571428657
83656  24.824  3.696  -37.793 0.8571428657
83666  24.478  4.111  -38.191 0.8571428657
90778  24.749  8.848  -40.503 0.1428571492
90779  24.303  8.065  -40.510 0.2857142985
89411  24.295  7.240  -39.960 0.1428571492
89419  23.828  7.269  -40.167 0.8571428657
86558  24.248  5.399  -39.233 0.8571428657
86559  23.485  5.308  -39.306 0.8571428657
90793  23.569  8.790  -41.046 0.1428571492
92258  23.799  9.864  -40.953 0.1428571492
90780  23.455  7.947  -40.779 0.4285714328
89421  22.488  7.303  -40.398 0.8571428657
88030  23.019  6.582  -40.098 0.8571428657
86572  23.204  5.889  -39.819 0.8571428657
86560  22.671  5.428  -39.218 0.8571428657
90794  22.914  8.510  -41.437 0.4285714328
88032  21.802  6.545  -40.155 0.8571428657
88019  22.585  6.145  -40.105 0.8571428657
88021  21.434  6.495  -39.657 0.8571428657
92259  22.926  9.479  -41.568 0.1428571492
92244  22.215  9.614  -41.276 0.2857142985
92260  22.274  8.888  -41.504 0.5714285970
92246  20.635  8.994  -40.597 0.8571428657
90782  21.881  8.284  -40.678 0.8571428657
90783  21.032  7.897  -40.119 0.8571428657
89423  21.149  7.286  -39.988 0.8571428657
88022  20.926  6.607  -39.176 0.8571428657
93790  21.816  10.293  -40.812 0.2857142985
93791  21.061  10.062  -40.469 0.7142857313
92245  21.527  9.324  -41.097 0.5714285970
90771  20.309  8.485  -39.540 0.8571428657
90772  19.904  8.694  -39.015 0.8571428657
89402  20.289  7.771  -38.750 0.8571428657
92232  20.142  9.445  -39.910 0.8571428657
92233  19.625  9.402  -39.264 0.8571428657
92234  18.913  9.700  -39.113 0.7142857313
92216  19.169  9.194  -38.774 0.7142857313
93771  19.870  10.415  -39.796 0.8571428657
93772  18.926  10.690  -39.781 0.8571428657
93744  18.346  10.205  -39.232 0.7142857313
95382  19.515  11.640  -40.541 0.7142857313
95383  18.577  11.603  -40.913 0.8571428657
95403  17.728  11.215  -41.328 0.8571428657
96879  17.725  12.226  -40.566 0.7142857313
100024  22.310  14.969  -44.775 0.1428571492
95384  17.984  11.570  -40.623 0.8571428657
96878  18.409  12.313  -40.463 0.7142857313
95404  17.598  11.729  -41.053 0.8571428657
103963  22.474  17.438  -46.308 0.1428571492
98424  20.644  13.614  -39.067 0.5714285970
98425  19.748  13.434  -39.315 0.5714285970
99982  20.606  14.413  -39.557 0.5714285970
100018  21.567  14.845  -43.739 0.1428571492
106452  22.790  20.656  -46.572 0.1428571492
101380  21.100  15.467  -41.641 0.5714285970
109875  22.009  22.029  -46.923 0.1428571492
157788  21.927  22.724  -48.394 0.1428571492
102643  21.658  17.758  -46.979 0.1428571492
109900  21.215  23.174  -49.895 0.1428571492
101379  21.391  15.609  -42.558 0.5714285970
157789  21.527  22.449  -47.659 0.1428571492
157782  21.059  22.109  -47.700 0.1428571492
109909  20.044  22.903  -51.050 0.1428571492
157791  20.406  23.067  -49.227 0.1428571492
59396  21.648  -13.660  -22.718 0.1428571492
59379  21.367  -14.242  -22.318 0.1428571492
61947  21.946  -11.156  -24.228 0.2857142985
63190  22.527  -10.797  -24.213 0.1428571492
64506  23.354  -9.701  -24.420 0.2857142985
63207  22.843  -10.207  -24.472 0.2857142985
69015  24.448  -6.651  -27.229 0.2857142985
67498  24.289  -7.248  -26.539 0.2857142985
73655  25.355  -3.968  -31.972 0.2857142985
76581  26.279  -1.836  -33.732 0.4285714328
75116  25.696  -3.150  -32.715 0.5714285970
76597  24.824  -1.947  -35.008 0.7142857313
81005  24.814  1.185  -36.843 0.8571428657
90769  25.095  8.244  -39.979 0.1428571492
88018  24.073  6.506  -39.750 0.8571428657
86571  23.869  5.852  -39.605 0.8571428657
85080  22.871  4.906  -38.732 0.8571428657
86573  22.313  5.815  -39.699 0.8571428657
93770  20.451  10.067  -40.135 0.8571428657
95359  19.088  11.946  -41.106 0.8571428657
100007  21.181  14.028  -41.342 0.2857142985
101420  21.693  15.920  -45.335 0.1428571492
111121  21.453  22.569  -50.916 0.1428571492
59380  20.766  -13.928  -22.033 0.1428571492
64523  21.751  -9.925  -25.255 0.4285714328
65941  22.542  -8.818  -26.082 0.2857142985
67484  23.914  -7.798  -26.079 0.1428571492
70566  24.885  -5.968  -27.537 0.2857142985
70578  25.162  -5.163  -28.866 0.2857142985
69045  24.155  -6.271  -29.039 0.2857142985
70594  25.075  -5.088  -29.400 0.2857142985
75129  25.304  -2.685  -33.767 0.7142857313
89372  25.907  7.682  -37.407 0.1428571492
90791  24.635  9.125  -40.578 0.1428571492
89420  23.223  7.281  -40.326 0.8571428657
85068  22.899  4.345  -38.126 0.8571428657
85067  23.534  4.094  -38.152 1.0000000000
93806  23.203  10.610  -41.348 0.1428571492
93789  22.531  10.365  -41.184 0.1428571492
95380  20.707  10.571  -40.301 0.2857142985
96860  18.924  12.143  -41.011 0.7142857313
98441  21.237  13.500  -39.451 0.4285714328
98440  21.757  12.973  -39.753 0.2857142985
98467  21.524  13.413  -40.948 0.2857142985
100005  21.958  14.415  -43.229 0.1428571492
100030  21.889  15.156  -45.020 0.1428571492
102628  22.057  16.675  -46.414 0.1428571492
102629  20.958  17.097  -46.338 0.2857142985
105244  22.660  19.270  -46.962 0.1428571492
157775  21.271  22.180  -46.967 0.1428571492
103995  21.338  19.895  -46.954 0.1428571492
109910  18.973  23.065  -51.245 0.1428571492
95400  21.189  11.209  -40.339 0.4285714328
95401  20.355  11.719  -40.130 0.4285714328
96892  20.147  12.268  -40.087 0.4285714328
96859  19.090  12.231  -40.866 0.5714285970
96876  20.413  12.838  -39.407 0.5714285970
60669  22.200  -12.295  -23.279 0.1428571492
61934  20.642  -11.331  -23.764 0.1428571492
59410  21.354  -13.042  -23.261 0.1428571492
60634  20.491  -12.851  -22.365 0.1428571492
61935  20.262  -10.866  -23.538 0.2857142985
63209  21.223  -10.308  -24.865 0.5714285970
63189  23.329  -10.476  -23.877 0.1428571492
64539  22.637  -8.999  -25.740 0.1428571492
65940  23.221  -8.469  -25.850 0.1428571492
75164  24.007  -2.191  -36.973 0.7142857313
82332  26.305  2.129  -36.835 0.8571428657
81004  25.626  1.150  -36.818 0.8571428657
85065  25.655  4.378  -38.060 0.5714285970
87984  25.614  6.543  -37.749 0.1428571492
86546  25.525  5.417  -38.146 0.1428571492
85079  23.709  4.621  -38.765 0.8571428657
86585  23.447  6.312  -39.909 0.8571428657
90781  22.765  7.971  -40.782 0.8571428657
90759  20.091  8.403  -38.881 0.8571428657
102627  22.597  16.958  -45.894 0.1428571492
99993  20.788  14.292  -40.511 0.5714285970
98426  18.683  13.260  -39.699 0.5714285970
109883  23.397  22.378  -47.437 0.1428571492
101399  21.422  15.727  -43.364 0.4285714328
103994  21.893  19.147  -47.463 0.1428571492
109899  21.703  22.829  -49.890 0.1428571492
109889  22.820  22.586  -49.165 0.1428571492
103978  22.112  18.101  -46.953 0.1428571492
103979  21.429  18.687  -47.228 0.1428571492
69001  25.086  -6.203  -26.450 0.1428571492
95381  20.336  10.943  -40.126 0.5714285970
64540  22.030  -9.278  -25.975 0.4285714328
70595  24.643  -5.582  -29.623 0.5714285970
102645  20.617  18.079  -46.732 0.1428571492
69063  23.418  -6.332  -30.237 0.5714285970
69048  22.047  -6.021  -29.455 0.5714285970
70580  21.205  -5.787  -28.819 0.2857142985
70633  23.464  -5.429  -31.274 0.5714285970
70610  22.446  -5.595  -30.474 0.5714285970
69034  20.889  -6.523  -28.295 0.4285714328
70609  23.212  -5.849  -30.751 0.5714285970
70581  20.641  -5.471  -28.611 0.2857142985
72137  21.442  -4.981  -30.045 0.4285714328
73656  24.473  -4.415  -32.126 0.4285714328
72171  23.679  -5.033  -31.798 0.5714285970
72172  22.748  -4.781  -31.564 0.5714285970
72152  21.666  -4.618  -30.777 0.4285714328
73672  24.020  -3.960  -32.694 0.5714285970
73673  22.927  -4.001  -32.945 0.5714285970
73688  23.233  -3.445  -33.423 0.7142857313
73689  22.526  -3.285  -33.151 0.4285714328
73687  24.062  -3.222  -33.381 0.4285714328
72138  20.878  -4.558  -29.716 0.2857142985
72124  20.320  -4.545  -28.825 0.2857142985
72173  22.058  -4.048  -31.811 0.4285714328
73671  24.872  -3.423  -33.075 0.7142857313
75145  23.764  -2.327  -34.312 0.7142857313
76584  21.986  -1.849  -33.421 0.4285714328
78058  22.604  -0.821  -34.179 0.7142857313
78059  22.013  -0.797  -33.486 0.5714285970
79557  22.233  -0.346  -33.931 0.7142857313
78060  21.477  -0.143  -33.422 0.2857142985
75144  24.557  -2.363  -34.435 0.5714285970
76598  24.002  -1.976  -35.112 0.5714285970
76599  23.253  -1.582  -34.531 0.7142857313
78088  23.570  -0.854  -36.196 0.7142857313
79570  21.758  0.875  -34.732 0.7142857313
79584  22.174  0.991  -35.509 0.7142857313
79559  20.747  0.688  -33.650 0.4285714328
80981  21.247  1.813  -34.786 0.4285714328
76633  24.460  -1.453  -37.928 0.5714285970
78072  23.552  -1.409  -35.425 0.5714285970
78104  23.978  -0.867  -37.263 0.5714285970
79583  22.623  0.346  -35.797 0.5714285970
80993  22.311  1.065  -35.878 0.7142857313
80994  21.934  1.643  -35.682 0.7142857313
82337  21.915  2.572  -36.406 0.7142857313
82314  20.372  2.961  -34.949 0.5714285970
83628  20.239  4.011  -35.723 0.5714285970
81006  23.934  1.377  -36.569 0.5714285970
79597  23.264  0.856  -36.317 0.5714285970
82335  23.918  2.241  -36.835 0.7142857313
81007  22.857  1.468  -36.332 0.7142857313
83646  22.473  2.924  -37.184 0.8571428657
82313  20.836  2.351  -34.777 0.4285714328
85046  21.412  3.863  -36.432 0.7142857313
157101  20.857  4.491  -36.560 0.7142857313
157108  19.310  3.722  -36.240 0.5714285970
157105  20.168  4.598  -35.971 0.7142857313
82334  24.835  2.079  -37.024 0.5714285970
81008  22.394  2.025  -36.296 0.7142857313
83658  22.850  3.612  -37.673 0.8571428657
83659  22.223  4.069  -37.511 0.8571428657
157103  20.033  4.757  -36.049 0.7142857313
87969  19.229  6.239  -35.880 0.2857142985
83657  23.857  3.621  -37.935 0.7142857313
157104  21.270  4.786  -37.285 0.7142857313
89377  19.186  7.464  -36.655 0.7142857313
86548  20.630  5.287  -37.249 0.8571428657
86549  20.015  5.571  -36.974 0.8571428657
89403  20.022  7.281  -37.941 0.8571428657
87998  20.230  6.097  -37.531 0.8571428657
87999  19.816  6.476  -37.220 0.5714285970
89394  19.481  7.667  -37.247 0.8571428657
89395  19.147  7.836  -36.812 0.7142857313
86561  21.650  5.612  -38.763 0.8571428657
88009  20.558  6.549  -38.386 0.8571428657
90746  19.324  8.346  -37.666 0.8571428657
90760  19.604  8.493  -38.352 0.8571428657
90761  19.101  8.606  -37.922 0.7142857313
93773  17.642  10.877  -40.453 0.7142857313
93792  17.623  10.480  -41.967 0.7142857313
96894  17.797  10.949  -42.138 0.8571428657
157242  17.013  12.147  -41.495 0.7142857313
157229  16.630  10.429  -42.972 0.7142857313
98443  16.328  13.817  -41.196 0.7142857313
99983  16.372  14.695  -40.381 0.7142857313
99984  16.116  15.172  -40.920 0.5714285970
98428  17.161  12.604  -40.931 0.7142857313
98442  16.666  14.073  -40.534 0.7142857313
99972  16.602  14.764  -39.652 0.5714285970
98427  17.520  13.221  -40.003 0.5714285970
99973  15.831  15.477  -40.140 0.5714285970
99971  17.949  14.088  -39.140 0.5714285970
99958  16.960  15.371  -39.216 0.5714285970
101332  16.512  15.608  -39.148 0.5714285970
101333  15.701  15.575  -39.196 0.4285714328
101317  17.236  16.015  -39.018 0.5714285970
99956  18.637  14.846  -38.805 0.5714285970
101318  16.292  16.259  -38.684 0.4285714328
157256  14.591  15.168  -38.848 0.4285714328
103879  17.409  17.467  -38.504 0.4285714328
76595  26.196  -1.663  -34.386 0.2857142985
102526  17.936  16.693  -38.399 0.2857142985
102527  17.031  16.973  -38.818 0.4285714328
103881  16.379  17.972  -38.355 0.2857142985
67561  22.728  -7.030  -29.105 0.5714285970
67542  21.522  -7.474  -28.182 0.5714285970
72150  24.826  -5.129  -30.525 0.2857142985
70608  24.112  -5.848  -30.808 0.4285714328
69033  21.831  -6.516  -28.924 0.5714285970
72169  25.216  -4.593  -31.005 0.2857142985
72170  24.477  -4.957  -31.538 0.5714285970
69035  20.420  -5.997  -28.187 0.2857142985
72153  20.986  -4.188  -30.410 0.4285714328
72191  22.221  -3.801  -32.305 0.4285714328
73674  22.365  -3.638  -32.673 0.5714285970
73628  20.483  -3.891  -29.696 0.2857142985
73639  21.029  -3.870  -30.778 0.2857142985
75132  22.657  -2.616  -33.608 0.5714285970
79568  26.587  0.126  -34.634 0.2857142985
78048  21.271  -0.616  -32.884 0.2857142985
79558  21.837  0.111  -33.853 0.7142857313
86547  21.402  5.128  -37.812 0.8571428657
98455  16.016  14.133  -41.571 0.7142857313
101362  15.263  15.194  -41.480 0.5714285970
73675  21.863  -3.350  -32.251 0.4285714328
79595  24.715  0.152  -36.793 0.7142857313
76612  24.386  -2.144  -35.918 0.5714285970
82346  24.835  2.826  -37.403 0.7142857313
82348  23.184  3.032  -37.501 0.7142857313
86562  20.937  5.889  -38.381 0.7142857313
157241  17.412  11.704  -41.997 0.8571428657
73686  24.636  -3.068  -33.557 0.5714285970
75130  24.291  -2.790  -33.906 0.5714285970
92217  18.627  9.249  -38.351 0.7142857313
76623  23.842  -1.673  -37.162 0.5714285970
69064  22.909  -6.170  -30.373 0.5714285970
69047  22.630  -6.459  -29.671 0.4285714328
70597  21.527  -5.490  -29.497 0.5714285970
70596  22.091  -5.760  -29.850 0.4285714328
70598  20.964  -5.224  -29.127 0.4285714328
70632  23.986  -5.441  -31.453 0.5714285970
70634  22.866  -5.352  -31.023 0.5714285970
67543  20.931  -7.285  -27.938 0.5714285970
72188  24.012  -4.639  -32.162 0.5714285970
72189  23.306  -4.483  -32.313 0.5714285970
73657  21.386  -3.488  -31.381 0.4285714328
75131  23.485  -2.829  -33.829 0.5714285970
75146  23.141  -2.230  -34.001 0.7142857313
76583  22.610  -1.663  -33.824 0.5714285970
78047  21.702  -1.296  -33.137 0.4285714328
76569  21.523  -1.802  -32.898 0.4285714328
75133  22.021  -2.591  -33.134 0.4285714328
78073  23.003  -0.668  -35.188 0.7142857313
79569  22.357  -0.054  -34.542 0.7142857313
79582  23.259  -0.146  -36.063 0.7142857313
78089  23.136  -0.310  -35.784 0.7142857313
79596  23.771  0.262  -36.496 0.5714285970
82323  21.164  2.571  -35.413 0.7142857313
82324  20.717  3.247  -35.483 0.7142857313
82336  22.942  2.438  -36.845 0.5714285970
83637  21.230  3.489  -35.960 0.7142857313
82315  19.484  3.886  -34.929 0.2857142985
86537  19.708  5.565  -36.410 0.5714285970
86529  19.200  5.983  -35.640 0.2857142985
92248  17.273  10.132  -42.527 0.7142857313
157230  17.030  11.074  -43.009 0.7142857313
99957  17.606  15.119  -39.047 0.7142857313
102528  16.189  17.351  -38.500 0.4285714328
73658  20.931  -3.233  -30.781 0.1428571492
75102  21.364  -2.598  -31.881 0.4285714328
64525  20.135  -9.751  -24.541 0.4285714328
73627  25.962  -4.186  -29.643 0.1428571492
75115  26.044  -2.410  -33.072 0.1428571492
73626  26.652  -3.415  -29.973 0.1428571492
76568  26.612  -1.651  -32.572 0.1428571492
75100  26.377  -2.710  -31.972 0.1428571492
75084  27.000  -2.533  -30.661 0.1428571492
112330  17.247  23.787  -51.282 0.1428571492
112323  17.834  23.968  -50.367 0.1428571492
103996  20.605  21.030  -47.168 0.1428571492
93745  17.498  10.144  -38.818 0.4285714328
93774  16.401  10.691  -40.010 0.4285714328
103950  19.665  18.641  -44.904 0.2857142985
102551  20.481  16.219  -40.153 0.2857142985
102565  20.864  16.405  -41.061 0.2857142985
93775  15.361  10.409  -39.521 0.1428571492
93793  16.626  10.189  -41.726 0.5714285970
157227  16.556  11.132  -43.017 0.5714285970
102537  20.212  16.089  -39.252 0.2857142985
157237  15.443  11.503  -41.207 0.4285714328
101382  15.339  14.428  -41.715 0.5714285970
101314  19.702  15.537  -38.634 0.2857142985
157251  14.882  13.346  -40.812 0.4285714328
101349  14.758  14.856  -40.837 0.2857142985
102524  19.793  15.869  -38.614 0.1428571492
101316  18.358  15.690  -38.646 0.1428571492
157252  14.101  14.600  -39.192 0.1428571492
101348  15.071  15.477  -40.241 0.4285714328
103887  20.549  16.920  -39.833 0.1428571492
105143  17.943  18.767  -36.933 0.1428571492
102525  19.259  16.056  -37.864 0.1428571492
103878  19.860  16.738  -37.951 0.1428571492
103877  20.233  16.810  -38.690 0.1428571492
64542  20.512  -9.530  -25.033 0.4285714328
67485  19.511  -7.658  -25.454 0.2857142985
73613  25.803  -4.251  -29.011 0.1428571492
78057  26.696  -0.767  -33.176 0.1428571492
92218  17.980  9.521  -38.132 0.2857142985
101361  20.511  15.343  -40.462 0.2857142985
103894  20.734  17.080  -40.730 0.2857142985
103922  21.148  17.333  -42.349 0.2857142985
103893  20.934  17.773  -41.183 0.2857142985
67483  24.618  -7.512  -25.689 0.1428571492
70565  25.367  -5.331  -27.921 0.1428571492
72122  25.688  -4.567  -28.440 0.1428571492
80980  26.678  1.134  -34.944 0.1428571492
78071  26.430  -0.942  -34.267 0.1428571492
157235  14.455  13.389  -40.114 0.1428571492
93794  15.346  10.604  -40.513 0.2857142985
99970  19.083  14.055  -38.908 0.4285714328
105212  19.606  18.697  -43.582 0.2857142985
103921  21.102  17.819  -43.138 0.2857142985
102580  21.334  16.595  -42.706 0.2857142985
102596  20.784  17.067  -43.948 0.2857142985
103964  19.810  18.796  -45.725 0.2857142985
103980  20.918  19.902  -46.623 0.1428571492
157784  20.015  22.337  -47.636 0.1428571492
111113  19.686  22.656  -48.230 0.1428571492
105174  20.858  17.544  -40.449 0.2857142985
105197  21.051  18.414  -42.763 0.2857142985
82312  26.927  2.188  -35.151 0.2857142985
157765  20.017  19.677  -45.615 0.2857142985
102630  20.294  17.982  -46.126 0.1428571492
64559  20.783  -9.160  -25.837 0.4285714328
63223  20.827  -10.014  -24.965 0.4285714328
79580  26.303  0.127  -35.597 0.4285714328
102614  20.709  16.837  -45.264 0.2857142985
157233  15.703  10.911  -42.095 0.5714285970
99994  15.749  14.771  -41.808 0.5714285970
101331  19.434  14.810  -38.760 0.2857142985
105162  17.120  19.032  -38.051 0.2857142985
157249  15.892  13.294  -41.111 0.5714285970
101315  19.340  15.410  -38.518 0.2857142985
73625  27.081  -2.918  -29.666 0.1428571492
78046  27.053  -0.576  -32.097 0.1428571492
105198  20.953  17.839  -42.404 0.2857142985
101330  19.904  15.344  -38.819 0.2857142985
101347  20.288  15.316  -39.499 0.2857142985
157236  15.872  10.546  -41.872 0.4285714328
157238  15.598  11.331  -41.595 0.5714285970
101363  14.950  14.731  -41.641 0.5714285970
65943  19.793  -8.718  -24.991 0.2857142985
79546  26.933  0.283  -32.733 0.1428571492
102615  20.011  17.850  -44.920 0.2857142985
86513  19.677  4.550  -35.568 0.2857142985
157773  21.031  20.659  -45.686 0.1428571492
106434  19.658  19.410  -44.274 0.1428571492
157768  21.672  21.765  -46.509 0.1428571492
106393  21.545  18.856  -41.729 0.1428571492
107596  20.218  19.804  -44.280 0.1428571492
157764  20.263  20.187  -45.528 0.1428571492
106414  21.277  19.369  -43.527 0.1428571492
106402  21.869  19.351  -42.698 0.1428571492
106431  20.683  19.485  -43.924 0.1428571492
108707  22.123  20.855  -45.146 0.1428571492
157772  20.686  23.411  -47.091 0.1428571492
106415  20.554  19.054  -43.290 0.1428571492
107594  21.050  20.095  -44.687 0.1428571492
157787  22.033  22.619  -46.310 0.1428571492
85036  18.815  3.942  -35.784 0.2857142985
107593  22.252  20.531  -44.418 0.1428571492
157776  20.271  22.859  -47.251 0.1428571492
106433  19.829  19.602  -44.018 0.1428571492
157766  20.943  20.734  -45.972 0.1428571492
157777  20.505  22.129  -47.345 0.1428571492
157780  22.308  21.644  -45.782 0.1428571492
108706  22.902  21.364  -44.783 0.1428571492
65977  22.120  -8.085  -27.823 0.4285714328
67519  22.728  -7.888  -27.449 0.2857142985
67499  23.377  -7.746  -26.791 0.1428571492
67540  23.122  -7.131  -28.847 0.2857142985
67518  23.316  -7.309  -27.882 0.1428571492
65958  22.315  -8.520  -26.795 0.2857142985
69062  24.036  -6.306  -29.917 0.2857142985
65978  21.463  -8.127  -27.578 0.4285714328
69031  23.704  -6.768  -28.521 0.1428571492
67500  22.848  -8.111  -26.909 0.1428571492
69046  23.438  -6.652  -29.407 0.2857142985
69032  22.407  -6.901  -29.057 0.4285714328
67541  22.417  -7.466  -28.466 0.2857142985
65960  20.553  -8.388  -26.519 0.2857142985
65961  19.875  -8.281  -25.875 0.2857142985
65979  20.994  -8.224  -27.115 0.2857142985
67501  20.256  -7.706  -26.870 0.2857142985
67521  20.679  -7.593  -27.393 0.2857142985
73690  22.087  -3.115  -32.794 0.2857142985
75117  21.671  -2.604  -32.587 0.2857142985
79571  21.012  1.289  -34.358 0.2857142985
80983  19.986  2.784  -34.328 0.1428571492
86514  19.103  5.414  -35.262 0.1428571492
87970  18.871  6.543  -35.716 0.1428571492
87987  18.898  6.923  -36.166 0.1428571492
90722  18.536  8.598  -36.764 0.1428571492
93746  16.244  10.514  -38.795 0.1428571492
157254  15.305  14.940  -38.301 0.1428571492
102519  15.788  17.283  -38.081 0.1428571492
64543  20.024  -9.374  -24.707 0.2857142985
64557  21.751  -8.921  -26.492 0.1428571492
90747  18.954  8.439  -37.270 0.2857142985
64526  19.747  -9.463  -24.240 0.2857142985
76555  21.285  -2.011  -32.309 0.2857142985
80970  20.183  1.515  -33.697 0.1428571492
157095  18.710  3.685  -35.658 0.1428571492
86515  18.652  5.803  -35.063 0.1428571492
87950  18.749  6.044  -35.274 0.1428571492
89353  18.549  7.091  -35.815 0.1428571492
92193  18.238  9.149  -37.458 0.1428571492
101304  15.978  15.610  -38.132 0.1428571492
64558  21.275  -9.085  -26.245 0.2857142985
80982  20.469  1.939  -34.237 0.1428571492
87986  19.254  6.682  -36.394 0.1428571492
67502  19.847  -7.518  -26.401 0.2857142985
76570  21.186  -1.327  -32.330 0.1428571492
89378  18.721  7.573  -36.310 0.1428571492
65925  19.487  -8.559  -24.050 0.1428571492
67453  19.496  -7.643  -23.096 0.1428571492
67472  19.421  -7.878  -24.633 0.1428571492
67522  20.164  -7.173  -27.019 0.1428571492
82322  26.539  2.221  -36.069 0.1428571492
83627  26.864  3.151  -35.479 0.1428571492
95414  22.721  11.998  -41.725 0.1428571492
64507  19.519  -9.280  -23.176 0.1428571492
69017  20.648  -6.997  -27.840 0.1428571492
68992  19.621  -6.617  -25.854 0.1428571492
70582  20.144  -5.446  -28.096 0.1428571492
95399  22.296  11.344  -40.930 0.1428571492
96903  22.253  12.484  -41.155 0.1428571492
72112  19.822  -4.606  -27.906 0.1428571492
95398  22.757  10.912  -41.205 0.1428571492
63211  20.001  -9.994  -24.263 0.1428571492
65942  20.293  -8.827  -25.673 0.1428571492
65907  19.433  -8.322  -23.297 0.1428571492
67452  19.497  -7.642  -23.864 0.1428571492
69018  20.255  -6.496  -27.647 0.1428571492
58097  21.772  -14.328  -22.247 0.1428571492
59411  21.127  -12.824  -23.418 0.1428571492
60654  21.867  -12.900  -23.194 0.1428571492
61948  21.340  -11.031  -24.374 0.4285714328
63191  20.331  -10.710  -23.864 0.2857142985
63192  19.921  -10.299  -23.664 0.2857142985
63210  20.486  -10.308  -24.453 0.4285714328
63224  20.636  -9.980  -24.827 0.4285714328
64524  21.363  -10.029  -25.233 0.5714285970
65957  22.945  -8.220  -26.584 0.1428571492
65959  21.373  -8.630  -26.857 0.1428571492
65996  21.948  -7.845  -28.178 0.4285714328
65997  21.756  -7.984  -28.016 0.4285714328
67520  21.106  -7.672  -27.819 0.5714285970
67560  22.992  -6.938  -29.333 0.5714285970
70611  21.795  -5.303  -30.157 0.4285714328
72123  20.677  -4.930  -29.064 0.4285714328
72136  25.058  -4.991  -29.802 0.2857142985
72139  20.433  -4.160  -29.407 0.2857142985
72151  22.424  -5.087  -30.976 0.5714285970
72190  22.595  -4.137  -32.318 0.4285714328
73654  26.074  -3.436  -31.881 0.2857142985
75155  24.483  -2.238  -36.610 0.7142857313
75156  24.104  -2.265  -36.475 0.7142857313
75162  24.922  -2.141  -37.532 0.5714285970
75163  24.401  -2.291  -37.313 0.7142857313
75170  24.860  -2.149  -37.985 0.5714285970
75171  24.476  -2.252  -37.806 0.5714285970
75172  23.879  -2.211  -37.781 0.5714285970
75173  24.874  -2.007  -38.212 0.5714285970
75174  24.374  -2.124  -38.175 0.5714285970
75175  23.883  -2.048  -38.227 0.5714285970
76582  25.850  -2.287  -33.944 0.4285714328
76613  23.836  -1.923  -36.219 0.5714285970
76621  25.099  -1.545  -36.941 0.7142857313
76622  24.845  -1.321  -37.339 0.5714285970
76632  25.014  -1.774  -37.884 0.5714285970
76634  23.841  -1.588  -38.002 0.5714285970
76639  24.628  -1.827  -38.209 0.5714285970
76640  24.132  -1.803  -38.278 0.5714285970
76641  23.871  -1.790  -38.240 0.5714285970
78102  25.243  -0.727  -36.782 0.7142857313
78111  24.075  -1.202  -37.709 0.5714285970
78112  23.888  -1.312  -37.684 0.5714285970
79560  20.062  1.349  -33.427 0.1428571492
80992  25.917  0.817  -36.535 0.8571428657
82345  25.507  2.671  -37.384 0.8571428657
82368  19.473  3.930  -35.722 0.2857142985
83626  27.140  3.209  -34.673 0.1428571492
83629  19.518  3.859  -36.131 0.5714285970
83647  21.834  3.441  -36.972 0.7142857313
83667  24.065  4.150  -38.437 0.8571428657
85037  19.096  4.109  -35.437 0.1428571492
85055  21.454  4.217  -36.922 0.8571428657
85069  21.966  4.708  -38.043 0.8571428657
85081  22.313  5.173  -38.697 0.8571428657
86528  19.437  5.717  -35.836 0.2857142985
86574  21.817  5.962  -39.653 0.8571428657
86584  23.693  6.217  -39.805 0.8571428657
88007  24.198  6.000  -39.475 0.8571428657
88008  21.072  6.219  -38.921 0.8571428657
88010  20.185  6.614  -37.761 0.8571428657
88020  21.972  6.133  -40.116 0.8571428657
88029  23.580  6.677  -39.932 0.8571428657
88031  22.245  6.598  -40.245 0.8571428657
89412  21.174  6.987  -39.967 0.8571428657
89413  20.798  7.226  -39.523 0.8571428657
89422  21.622  7.142  -40.226 0.8571428657
90792  24.227  9.020  -40.594 0.1428571492
90795  22.503  8.491  -41.124 0.8571428657
92247  17.534  10.753  -42.612 0.8571428657
92256  24.860  9.234  -40.594 0.1428571492
92257  24.532  9.457  -40.599 0.1428571492
92261  16.079  10.442  -42.537 0.5714285970
93807  16.256  10.254  -42.419 0.7142857313
95358  19.249  12.058  -40.922 0.5714285970
95402  19.897  11.943  -40.379 0.4285714328
95413  22.956  11.350  -41.486 0.1428571492
96875  20.796  13.221  -39.557 0.4285714328
96877  19.360  12.428  -40.363 0.5714285970
96890  21.881  12.241  -40.205 0.4285714328
96891  21.117  12.498  -39.652 0.4285714328
96893  19.714  12.106  -40.474 0.4285714328
96911  22.625  12.804  -42.009 0.1428571492
98453  21.905  13.012  -40.510 0.2857142985
98454  21.405  13.479  -40.318 0.4285714328
98466  21.956  13.465  -41.609 0.2857142985
99969  20.102  14.416  -38.858 0.4285714328
100006  21.605  14.625  -42.553 0.1428571492
100008  15.501  14.759  -41.914 0.5714285970
100009  15.751  14.385  -41.691 0.5714285970
100025  21.735  14.991  -44.628 0.1428571492
100029  21.993  15.295  -45.203 0.1428571492
101381  15.311  14.924  -41.997 0.5714285970
101411  22.652  15.528  -44.953 0.1428571492
101412  21.364  15.842  -44.418 0.5714285970
101419  22.160  15.682  -45.352 0.1428571492
102529  16.155  17.622  -38.302 0.1428571492
102581  21.110  16.691  -41.868 0.2857142985
102597  19.927  17.712  -44.069 0.2857142985
102613  22.428  16.060  -45.425 0.1428571492
102644  21.163  17.900  -46.932 0.2857142985
103872  17.376  18.554  -38.134 0.2857142985
103880  16.965  18.107  -38.508 0.4285714328
103882  16.266  17.854  -38.237 0.1428571492
103905  20.840  17.933  -41.669 0.2857142985
103906  20.941  17.436  -41.640 0.2857142985
103934  19.926  17.914  -43.490 0.2857142985
103935  19.635  18.359  -44.196 0.2857142985
103936  19.529  18.785  -44.341 0.2857142985
103951  19.580  18.689  -44.561 0.2857142985
105154  18.136  18.375  -37.284 0.1428571492
105163  16.716  18.663  -38.129 0.2857142985
105164  16.424  18.171  -38.080 0.2857142985
105180  20.988  18.340  -41.820 0.1428571492
105181  20.796  18.043  -42.052 0.2857142985
105211  20.155  18.534  -43.123 0.2857142985
105213  19.496  18.939  -44.133 0.1428571492
105224  19.590  18.899  -44.947 0.2857142985
105225  19.603  19.132  -44.756 0.1428571492
105238  19.607  19.018  -45.233 0.2857142985
105253  21.955  20.092  -46.979 0.1428571492
105254  20.985  21.397  -46.877 0.1428571492
106357  17.805  19.326  -36.476 0.1428571492
106375  16.893  19.455  -37.756 0.2857142985
106416  19.847  19.199  -43.470 0.1428571492
106417  19.605  19.214  -43.838 0.1428571492
106432  20.180  19.549  -43.791 0.1428571492
106458  22.036  20.973  -46.476 0.1428571492
107585  22.032  19.924  -43.663 0.1428571492
107595  20.479  19.717  -44.183 0.1428571492
109906  21.861  22.469  -51.296 0.1428571492
111098  21.963  22.646  -49.980 0.1428571492
111099  21.753  22.724  -50.082 0.1428571492
111110  21.577  22.727  -50.387 0.1428571492
111111  21.252  22.707  -50.764 0.1428571492
111120  21.773  22.572  -50.653 0.1428571492
111122  21.176  22.583  -51.070 0.1428571492
112324  17.006  24.261  -51.212 0.1428571492
112331  16.596  24.222  -51.630 0.1428571492
157094  18.982  3.920  -35.685 0.1428571492
157096  18.875  3.782  -35.756 0.1428571492
157097  21.105  4.161  -36.210 0.7142857313
157098  18.936  3.869  -35.956 0.2857142985
157099  19.153  3.814  -35.849 0.1428571492
157100  21.147  4.320  -36.499 0.7142857313
157102  19.518  3.623  -36.336 0.5714285970
157106  19.542  3.667  -36.394 0.5714285970
157107  20.367  4.648  -36.245 0.7142857313
157224  16.521  10.758  -43.180 0.7142857313
157225  16.594  10.839  -43.154 0.7142857313
157226  16.310  10.842  -43.055 0.7142857313
157228  16.006  10.674  -42.736 0.5714285970
157231  16.053  11.506  -41.763 0.5714285970
157232  16.700  11.760  -41.833 0.5714285970
157234  17.360  11.459  -42.265 0.8571428657
157240  17.667  11.577  -41.941 0.8571428657
157243  16.292  13.209  -41.044 0.7142857313
157245  15.469  11.854  -41.292 0.5714285970
157246  16.006  13.860  -41.487 0.7142857313
157767  19.967  19.994  -44.805 0.1428571492
157769  20.401  20.189  -44.946 0.1428571492
157770  20.512  20.317  -45.338 0.1428571492
157771  20.946  20.644  -46.281 0.1428571492
157774  21.306  20.856  -46.035 0.1428571492
157779  21.672  20.920  -45.759 0.1428571492
157781  21.524  22.280  -47.178 0.1428571492
157785  21.158  22.840  -48.530 0.1428571492
157790  21.220  22.555  -48.273 0.1428571492
157793  21.305  22.907  -50.375 0.1428571492
157796  21.991  22.765  -49.359 0.1428571492
